concrete_strength,9,0,46.63797598618727,50.75236129760742
concrete_strength,9,1,46.37205153245192,50.593040466308594
concrete_strength,9,2,46.40420407515306,50.21348190307617
concrete_strength,9,3,45.732659339904785,49.927879333496094
concrete_strength,9,4,46.07236759479229,50.38264846801758
concrete_strength,9,5,44.541776803823616,49.34516906738281
concrete_strength,9,6,43.495900484231804,49.45827102661133
concrete_strength,9,7,43.84142523545485,49.80503845214844
concrete_strength,9,8,44.69617154048039,50.03535079956055
concrete_strength,9,9,44.924976055438705,48.20724868774414
concrete_strength,9,10,44.433097252478966,48.756553649902344
concrete_strength,9,11,45.25658937600943,48.3342170715332
concrete_strength,9,12,43.07175650963416,49.27771759033203
concrete_strength,9,13,44.10939517387977,48.71560287475586
concrete_strength,9,14,43.85121022737943,50.704524993896484
concrete_strength,9,15,42.50639464304997,48.597938537597656
concrete_strength,9,16,43.11075364626371,49.57583236694336
concrete_strength,9,17,42.58621841210585,47.95869445800781
concrete_strength,9,18,44.092202993539665,47.58201217651367
concrete_strength,9,19,43.71477765303392,47.95326232910156
concrete_strength,9,20,42.96356729360727,47.20779037475586
concrete_strength,9,21,45.04703228290264,48.37566375732422
concrete_strength,9,22,43.15244014446552,48.781822204589844
concrete_strength,9,23,42.64315194350023,47.35732650756836
concrete_strength,9,24,42.26406266139104,46.88722229003906
concrete_strength,9,25,45.13174086350661,46.57716751098633
concrete_strength,9,26,42.19946729219877,48.003177642822266
concrete_strength,9,27,42.65237588148851,47.494476318359375
concrete_strength,9,28,42.14525054051326,47.322959899902344
concrete_strength,9,29,43.487158445211556,46.83258056640625
concrete_strength,9,30,41.46078828664926,45.904720306396484
concrete_strength,9,31,41.78561628781832,46.60957336425781
concrete_strength,9,32,41.221160668593186,47.46979904174805
concrete_strength,9,33,41.26582622528076,45.66769027709961
concrete_strength,9,34,44.79211667867807,45.99646759033203
concrete_strength,9,35,42.0665650000939,47.61521530151367
concrete_strength,9,36,40.552775841492874,46.0863151550293
concrete_strength,9,37,43.25094663179838,47.31128692626953
concrete_strength,9,38,41.240869815532974,46.83556365966797
concrete_strength,9,39,40.32642492881188,45.930023193359375
concrete_strength,9,40,40.88177020733173,46.82268524169922
concrete_strength,9,41,42.238351161663346,46.0147590637207
concrete_strength,9,42,40.864253777724045,45.84202194213867
concrete_strength,9,43,43.703091401320236,46.55744552612305
concrete_strength,9,44,40.31018258975102,45.677452087402344
concrete_strength,9,45,41.76234480050894,45.33139419555664
concrete_strength,9,46,40.92357173332801,46.449588775634766
concrete_strength,9,47,39.96060321881221,45.09678268432617
concrete_strength,9,48,42.72557464012733,45.93186569213867
concrete_strength,9,49,40.5107165483328,44.31291198730469
concrete_strength,9,50,40.83363804450402,45.0596809387207
concrete_strength,9,51,40.013234872084396,44.767398834228516
concrete_strength,9,52,40.62631893157959,46.29824447631836
concrete_strength,9,53,41.06956591972938,44.78546905517578
concrete_strength,9,54,40.214851526113655,44.486881256103516
concrete_strength,9,55,39.595513545549835,44.95420455932617
concrete_strength,9,56,43.34158024421105,44.99720001220703
concrete_strength,9,57,40.022014544560356,44.99955368041992
concrete_strength,9,58,39.92464762467604,45.19551086425781
concrete_strength,9,59,45.1769924897414,45.183712005615234
concrete_strength,9,60,40.66231390146109,45.77449035644531
concrete_strength,9,61,40.703960125262924,44.9349365234375
concrete_strength,9,62,40.79936592395489,44.62336349487305
concrete_strength,9,63,38.71796681789252,44.53500747680664
concrete_strength,9,64,39.20429889972393,45.03867721557617
concrete_strength,9,65,42.35181368314303,43.77653121948242
concrete_strength,9,66,39.05543851852417,43.89992904663086
concrete_strength,9,67,39.200764876145584,45.32740783691406
concrete_strength,9,68,39.752605805030235,43.99990463256836
concrete_strength,9,69,43.31743100973276,43.859378814697266
concrete_strength,9,70,38.78731287442721,44.561859130859375
concrete_strength,9,71,39.583426182086654,44.02619552612305
concrete_strength,9,72,39.2305206152109,43.53208923339844
concrete_strength,9,73,38.920838796175445,44.17959213256836
concrete_strength,9,74,39.55038598867563,44.91215133666992
concrete_strength,9,75,40.517411965590256,43.20762252807617
concrete_strength,9,76,39.43639153700609,43.43245315551758
concrete_strength,9,77,39.63995192601131,43.618587493896484
concrete_strength,9,78,41.120458162747894,45.3863410949707
concrete_strength,9,79,42.607454153207634,43.09554672241211
concrete_strength,9,80,39.13067670968863,44.759090423583984
concrete_strength,9,81,39.70215173868033,42.9980354309082
concrete_strength,9,82,39.722856521606445,43.638248443603516
concrete_strength,9,83,38.54329160543588,43.5008659362793
concrete_strength,9,84,41.052634752713715,43.72690200805664
concrete_strength,9,85,39.259347255413346,43.738250732421875
concrete_strength,9,86,38.7060385117164,43.793495178222656
concrete_strength,9,87,39.97818117875319,43.52174758911133
concrete_strength,9,88,38.10911156580998,43.04018783569336
concrete_strength,9,89,38.82125245607816,43.626808166503906
concrete_strength,9,90,38.27693154261662,42.983062744140625
concrete_strength,9,91,39.818331718444824,43.44684600830078
concrete_strength,9,92,39.97345344836895,42.861148834228516
concrete_strength,9,93,38.20049878267142,43.141868591308594
concrete_strength,9,94,39.31587109198937,42.816993713378906
concrete_strength,9,95,38.50990383441631,43.3803825378418
concrete_strength,9,96,39.222795266371506,42.84291458129883
concrete_strength,9,97,39.99470006502592,43.33143997192383
concrete_strength,9,98,39.9066130564763,42.98993682861328
concrete_strength,9,99,39.68022016378549,43.24913024902344
concrete_strength,9,100,39.02422413459191,43.214332580566406
concrete_strength,9,101,38.33260741600623,42.92320251464844
concrete_strength,9,102,41.335264939528244,42.001060485839844
concrete_strength,9,103,39.43722519507775,42.411659240722656
concrete_strength,9,104,39.24731481992281,42.186859130859375
concrete_strength,9,105,37.63918451162485,42.73659896850586
concrete_strength,9,106,38.83313340407152,42.04985427856445
concrete_strength,9,107,39.47576962984525,42.423954010009766
concrete_strength,9,108,37.467879387048576,42.46676254272461
concrete_strength,9,109,38.78610853048471,42.04457092285156
concrete_strength,9,110,37.905482879051796,42.24929428100586
concrete_strength,9,111,37.57798987168532,42.3756103515625
concrete_strength,9,112,39.11254442655123,41.7968635559082
concrete_strength,9,113,40.13966398972731,42.088340759277344
concrete_strength,9,114,37.42645817536574,41.51543426513672
concrete_strength,9,115,38.316528467031624,42.09629440307617
concrete_strength,9,116,38.03587025862474,41.79444885253906
concrete_strength,9,117,37.352892692272476,41.47136306762695
concrete_strength,9,118,37.09323425476368,42.1644172668457
concrete_strength,9,119,38.063456535339355,43.01791763305664
concrete_strength,9,120,38.58160422398494,40.90680694580078
concrete_strength,9,121,38.09336588932918,40.93751907348633
concrete_strength,9,122,37.83472493978647,43.076759338378906
concrete_strength,9,123,37.97436567453238,41.27216339111328
concrete_strength,9,124,37.046857797182525,41.65007019042969
concrete_strength,9,125,37.0048094529372,40.68356704711914
concrete_strength,9,126,37.28974103927612,41.143035888671875
concrete_strength,9,127,37.55685630211463,40.362548828125
concrete_strength,9,128,39.17772315098689,41.681800842285156
concrete_strength,9,129,37.035461260722236,41.195438385009766
concrete_strength,9,130,40.19198153569148,41.195247650146484
concrete_strength,9,131,38.6547269821167,41.60456466674805
concrete_strength,9,132,37.82746322338398,40.82974624633789
concrete_strength,9,133,37.28457216116098,41.037803649902344
concrete_strength,9,134,36.8739946438716,40.5115966796875
concrete_strength,9,135,37.32343116173377,40.9140510559082
concrete_strength,9,136,36.624405750861534,40.99094772338867
concrete_strength,9,137,38.10438669644869,41.142333984375
concrete_strength,9,138,36.8582763671875,40.79731369018555
concrete_strength,9,139,37.84875436929556,40.321292877197266
concrete_strength,9,140,37.69143097217266,40.808712005615234
concrete_strength,9,141,38.145573102510895,40.12883758544922
concrete_strength,9,142,37.6646645619319,40.640647888183594
concrete_strength,9,143,37.72942792452299,40.88409423828125
concrete_strength,9,144,37.54802395747258,40.36258316040039
concrete_strength,9,145,36.38892181561543,40.787052154541016
concrete_strength,9,146,36.609666934380165,41.579505920410156
concrete_strength,9,147,38.160104751586914,39.98471450805664
concrete_strength,9,148,37.01052372272198,40.77911376953125
concrete_strength,9,149,36.97113257188063,40.21223068237305
concrete_strength,9,150,36.445124039283165,40.05157470703125
concrete_strength,9,151,37.430719522329476,41.63666915893555
concrete_strength,9,152,36.530691843766434,39.79265213012695
concrete_strength,9,153,37.29339863703801,41.02237319946289
concrete_strength,9,154,36.226240341479965,40.761268615722656
concrete_strength,9,155,36.7864434168889,40.890480041503906
concrete_strength,9,156,37.90797666402963,40.20235061645508
concrete_strength,9,157,40.25765081552359,39.6373405456543
concrete_strength,9,158,37.62636617513803,40.33565139770508
concrete_strength,9,159,36.86523327460656,39.223365783691406
concrete_strength,9,160,37.66523728003869,40.9401969909668
concrete_strength,9,161,36.621342365558334,39.38224411010742
concrete_strength,9,162,37.73232518709623,40.04792022705078
concrete_strength,9,163,36.94160556793213,39.774715423583984
concrete_strength,9,164,36.960220703711876,39.70246124267578
concrete_strength,9,165,35.98347231057974,39.563133239746094
concrete_strength,9,166,36.29174591944768,39.277992248535156
concrete_strength,9,167,36.378892971919136,39.57722473144531
concrete_strength,9,168,36.51342659730177,39.165000915527344
concrete_strength,9,169,36.279016934908356,39.2992057800293
concrete_strength,9,170,36.12689003577599,40.10243225097656
concrete_strength,9,171,35.72087720724252,40.030574798583984
concrete_strength,9,172,36.024259934058556,39.0395622253418
concrete_strength,9,173,37.07360876523531,39.917991638183594
concrete_strength,9,174,35.82358485001784,38.93256759643555
concrete_strength,9,175,37.567579416128304,38.94472885131836
concrete_strength,9,176,35.63978840754582,39.68254089355469
concrete_strength,9,177,36.22317101405217,38.7308464050293
concrete_strength,9,178,36.04801823542668,38.41844177246094
concrete_strength,9,179,36.64088461949275,39.64586639404297
concrete_strength,9,180,36.76176100510817,39.690494537353516
concrete_strength,9,181,36.7902705852802,39.318115234375
concrete_strength,9,182,37.48130937723013,38.4321174621582
concrete_strength,9,183,36.020342973562386,39.52089309692383
concrete_strength,9,184,35.329113923586334,38.71540069580078
concrete_strength,9,185,37.58114965145405,38.929229736328125
concrete_strength,9,186,36.59656620025635,39.484378814697266
concrete_strength,9,187,40.556341061225304,37.830692291259766
concrete_strength,9,188,37.01209567143367,38.7425651550293
concrete_strength,9,189,36.116496526277984,38.625144958496094
concrete_strength,9,190,35.49833921285776,38.602027893066406
concrete_strength,9,191,36.89554078762348,37.97513961791992
concrete_strength,9,192,38.20707941055298,39.51184844970703
concrete_strength,9,193,35.37985068101149,39.0835075378418
concrete_strength,9,194,35.674997329711914,38.48720169067383
concrete_strength,9,195,35.63416011516865,38.02962875366211
concrete_strength,9,196,36.21363925933838,38.26968765258789
concrete_strength,9,197,35.663009936992935,37.886661529541016
concrete_strength,9,198,35.555203217726486,38.53038024902344
concrete_strength,9,199,35.68665247697096,37.91233444213867
concrete_strength,9,200,34.5030831190256,37.73542785644531
concrete_strength,9,201,34.81723484626183,37.73298645019531
concrete_strength,9,202,37.436377598689155,38.36600112915039
concrete_strength,9,203,35.139592794271614,38.24740219116211
concrete_strength,9,204,35.66884686396672,37.73208236694336
concrete_strength,9,205,37.08375974801871,37.56319808959961
concrete_strength,9,206,36.49776121286246,37.55862808227539
concrete_strength,9,207,35.6744364958543,37.792789459228516
concrete_strength,9,208,34.61382836561937,37.810787200927734
concrete_strength,9,209,36.175039071303146,37.340877532958984
concrete_strength,9,210,35.4992441030649,38.139400482177734
concrete_strength,9,211,35.89667536662175,37.204078674316406
concrete_strength,9,212,34.93367492235624,38.230037689208984
concrete_strength,9,213,34.40892432286189,37.41283416748047
concrete_strength,9,214,34.4519206560575,37.7546272277832
concrete_strength,9,215,34.93981280693641,37.79452896118164
concrete_strength,9,216,35.4772227360652,37.04393005371094
concrete_strength,9,217,34.58358801328219,38.41554260253906
concrete_strength,9,218,34.3522943349985,38.0029182434082
concrete_strength,9,219,34.32025476602408,37.923248291015625
concrete_strength,9,220,36.64704315478985,36.91522216796875
concrete_strength,9,221,35.126054543715256,38.39649963378906
concrete_strength,9,222,34.31353811117319,37.259300231933594
concrete_strength,9,223,35.3026395210853,37.422874450683594
concrete_strength,9,224,34.09482827553382,37.53062438964844
concrete_strength,9,225,35.421851928417496,36.81180953979492
concrete_strength,9,226,34.30240099246685,36.939544677734375
concrete_strength,9,227,35.545117965111366,38.55823516845703
concrete_strength,9,228,34.18462679936336,37.48622512817383
concrete_strength,9,229,33.65846210259657,37.10974884033203
concrete_strength,9,230,35.55944633483887,36.89686965942383
concrete_strength,9,231,34.068313305194565,37.41090393066406
concrete_strength,9,232,34.07247304916382,37.74949645996094
concrete_strength,9,233,34.59808114858774,36.957550048828125
concrete_strength,9,234,33.82682576546302,36.682777404785156
concrete_strength,9,235,35.096893310546875,38.10342025756836
concrete_strength,9,236,34.08441613270686,37.031620025634766
concrete_strength,9,237,34.045652022728554,37.55230712890625
concrete_strength,9,238,34.608014180110054,38.06544876098633
concrete_strength,9,239,33.62123297728025,37.77107238769531
concrete_strength,9,240,33.60786566367516,36.503658294677734
concrete_strength,9,241,34.08471070803129,37.050819396972656
concrete_strength,9,242,35.137754073509804,39.180686950683594
concrete_strength,9,243,34.45497938302847,36.59968566894531
concrete_strength,9,244,34.20532431969276,37.77698516845703
concrete_strength,9,245,34.4234859759991,37.76942825317383
concrete_strength,9,246,34.150496409489556,36.561180114746094
concrete_strength,9,247,33.79701702411358,37.56974411010742
concrete_strength,9,248,34.24522003760705,36.56853103637695
concrete_strength,9,249,34.7215848335853,37.516910552978516
concrete_strength,9,250,33.70748013716478,37.52394104003906
concrete_strength,9,251,34.76852094210111,36.81682586669922
concrete_strength,9,252,33.9711894255418,36.99369430541992
concrete_strength,9,253,33.26535775111272,37.18242263793945
concrete_strength,9,254,33.58404060510489,36.74103927612305
concrete_strength,9,255,33.38712734442491,37.29426193237305
concrete_strength,9,256,33.74239408052885,37.0606689453125
concrete_strength,9,257,33.61743116378784,36.71950149536133
concrete_strength,9,258,35.792805891770584,36.77330017089844
concrete_strength,9,259,35.10104795602652,37.319828033447266
concrete_strength,9,260,33.10748467078576,37.261146545410156
concrete_strength,9,261,34.748126836923454,36.655731201171875
concrete_strength,9,262,33.71525764465332,37.441192626953125
concrete_strength,9,263,34.62054854172926,37.66474151611328
concrete_strength,9,264,33.58207812676063,36.667335510253906
concrete_strength,9,265,34.54067890460674,37.079593658447266
concrete_strength,9,266,33.49372830757728,37.25374221801758
concrete_strength,9,267,34.90304888211764,37.393001556396484
concrete_strength,9,268,33.223124183141266,36.54486846923828
concrete_strength,9,269,33.11892736875094,37.954551696777344
concrete_strength,9,270,33.727565618661735,36.72102737426758
concrete_strength,9,271,33.72536930671105,38.251319885253906
concrete_strength,9,272,34.76501274108887,36.9300651550293
concrete_strength,9,273,36.20797868875357,36.7602424621582
concrete_strength,9,274,33.41788629385141,36.961830139160156
concrete_strength,9,275,34.48860439887414,37.10981369018555
concrete_strength,9,276,33.53337874779334,37.65450668334961
concrete_strength,9,277,33.58116278281579,38.42359924316406
concrete_strength,9,278,35.077711178706245,36.5549201965332
concrete_strength,9,279,35.11240034836989,37.247318267822266
concrete_strength,9,280,33.909971970778244,37.49528884887695
concrete_strength,9,281,33.19546086971577,36.66205596923828
concrete_strength,9,282,35.597885645352875,38.66920471191406
concrete_strength,9,283,33.74339829958402,36.55907440185547
concrete_strength,9,284,33.389289342440094,37.42215347290039
concrete_strength,9,285,33.01429704519418,37.02865219116211
concrete_strength,9,286,33.98554853292612,36.891239166259766
concrete_strength,9,287,33.7648501762977,36.93077087402344
concrete_strength,9,288,32.77492310450627,36.73757553100586
concrete_strength,9,289,33.36484373532809,37.32722473144531
concrete_strength,9,290,34.50352301964393,38.795204162597656
concrete_strength,9,291,33.77749450390156,36.372581481933594
concrete_strength,9,292,34.186779755812424,37.11458969116211
concrete_strength,9,293,32.73456679857694,36.49302291870117
concrete_strength,9,294,33.19335101200984,37.04332733154297
concrete_strength,9,295,33.44391837486854,37.72560119628906
concrete_strength,9,296,33.38147324782152,36.70698928833008
concrete_strength,9,297,34.408740740555984,38.90825653076172
concrete_strength,9,298,35.746919925396256,36.70449447631836
concrete_strength,9,299,33.67758457477276,38.17943572998047
concrete_strength,9,300,33.33174261680016,36.6612548828125
concrete_strength,9,301,32.75141327197735,37.88404846191406
concrete_strength,9,302,35.23317740513728,36.786155700683594
concrete_strength,9,303,32.5446814940526,37.40861511230469
concrete_strength,9,304,34.43580913543701,36.99584197998047
concrete_strength,9,305,33.37123067562397,37.551231384277344
concrete_strength,9,306,33.29784173231859,37.94938278198242
concrete_strength,9,307,32.93849387535682,36.9677734375
concrete_strength,9,308,32.64655347970816,37.382816314697266
concrete_strength,9,309,33.38838071089525,36.59358596801758
concrete_strength,9,310,32.68931029393123,37.55998229980469
concrete_strength,9,311,33.22440184079684,36.77794647216797
concrete_strength,9,312,35.34545179513785,37.26715850830078
concrete_strength,9,313,33.09909754533034,37.67210388183594
concrete_strength,9,314,32.69083023071289,37.35516357421875
concrete_strength,9,315,33.33689278822679,37.1383056640625
concrete_strength,9,316,34.80988341111403,37.748592376708984
concrete_strength,9,317,32.85286936393151,37.256309509277344
concrete_strength,9,318,32.91720258272611,37.001792907714844
concrete_strength,9,319,33.32871517768273,37.46054458618164
concrete_strength,9,320,33.24698954362135,38.09438705444336
concrete_strength,9,321,36.81151225016667,37.07924270629883
concrete_strength,9,322,34.91813483605018,37.87154006958008
concrete_strength,9,323,32.43698717997624,37.41600036621094
concrete_strength,9,324,32.87380497272198,36.66179656982422
concrete_strength,9,325,33.36155319213867,37.98947525024414
concrete_strength,9,326,33.36831063490648,37.49299240112305
concrete_strength,9,327,33.283937014066254,37.20146179199219
concrete_strength,9,328,32.84899377822876,37.58938980102539
concrete_strength,9,329,32.787556171417236,38.1086540222168
concrete_strength,9,330,32.539716500502365,37.782745361328125
concrete_strength,9,331,32.68527969947228,37.15888595581055
concrete_strength,9,332,32.66008340395414,37.99174880981445
concrete_strength,9,333,32.66353134008554,37.79911422729492
concrete_strength,9,334,32.810205679673416,37.13576126098633
concrete_strength,9,335,34.99559153043307,37.995582580566406
concrete_strength,9,336,33.24935087790856,36.799259185791016
concrete_strength,9,337,32.60521734677828,37.7646369934082
concrete_strength,9,338,32.825925020071175,37.24252700805664
concrete_strength,9,339,32.04162504122807,37.1824836730957
concrete_strength,9,340,32.71984225053053,37.72563552856445
concrete_strength,9,341,34.38404567425068,36.9401969909668
concrete_strength,9,342,32.70900403536283,38.028743743896484
concrete_strength,9,343,33.68606427999643,36.479248046875
concrete_strength,9,344,32.58469816354605,38.24155044555664
concrete_strength,9,345,34.24092894334059,37.004798889160156
concrete_strength,9,346,33.84570495898907,38.113258361816406
concrete_strength,9,347,32.27896780234117,36.57295608520508
concrete_strength,9,348,32.542253274184006,37.53852462768555
concrete_strength,9,349,31.96376580458421,37.56338119506836
concrete_strength,9,350,32.722053894629845,37.15011978149414
concrete_strength,9,351,32.42412779881404,36.84996032714844
concrete_strength,9,352,33.15887150397668,37.42924118041992
concrete_strength,9,353,34.19909957739023,37.041786193847656
concrete_strength,9,354,32.738968702463005,37.77313232421875
concrete_strength,9,355,32.57123903127817,36.81679916381836
concrete_strength,9,356,32.2440684391902,37.05206298828125
concrete_strength,9,357,31.96972078543443,37.04182052612305
concrete_strength,9,358,33.0263310945951,38.0890998840332
concrete_strength,9,359,32.7467597081111,37.50215148925781
concrete_strength,9,360,33.806920528411865,37.71631622314453
concrete_strength,9,361,33.774029364952675,37.55023956298828
concrete_strength,9,362,32.60041442284217,36.91844940185547
concrete_strength,9,363,32.297986213977524,37.340877532958984
concrete_strength,9,364,32.22462206620436,36.87187576293945
concrete_strength,9,365,32.376886514516976,37.08680725097656
concrete_strength,9,366,35.06421855779794,37.89432144165039
concrete_strength,9,367,31.99255316074078,37.851036071777344
concrete_strength,9,368,32.32361250657301,37.248470306396484
concrete_strength,9,369,31.751135110855103,37.03020477294922
concrete_strength,9,370,32.424604415893555,36.976253509521484
concrete_strength,9,371,31.980707535376915,37.8471565246582
concrete_strength,9,372,32.42673243009127,37.09688949584961
concrete_strength,9,373,32.55099157186655,36.58877182006836
concrete_strength,9,374,32.15910464066725,37.44425964355469
concrete_strength,9,375,31.980738383073074,37.283138275146484
concrete_strength,9,376,32.01766718350924,36.923423767089844
concrete_strength,9,377,33.31752872467041,37.130558013916016
concrete_strength,9,378,33.30055720989521,38.078895568847656
concrete_strength,9,379,32.598174608670746,37.84159851074219
concrete_strength,9,380,32.11907430795523,37.09346008300781
concrete_strength,9,381,32.14149918923011,37.16655349731445
concrete_strength,9,382,32.53135035588191,37.485076904296875
concrete_strength,9,383,31.891471349276028,37.327674865722656
concrete_strength,9,384,31.695317341731144,37.329193115234375
concrete_strength,9,385,32.10893994111281,36.72317123413086
concrete_strength,9,386,33.30022092965933,37.58377456665039
concrete_strength,9,387,32.94202907268818,37.34941482543945
concrete_strength,9,388,35.689195486215446,37.26277542114258
concrete_strength,9,389,32.01375257051908,37.92307662963867
concrete_strength,9,390,32.41960686903734,36.551753997802734
concrete_strength,9,391,32.509441742530235,39.06306838989258
concrete_strength,9,392,33.61742247067965,36.64004135131836
concrete_strength,9,393,32.59871178406935,37.15019989013672
concrete_strength,9,394,32.147388018094574,36.84621047973633
concrete_strength,9,395,31.649877263949467,37.20340347290039
concrete_strength,9,396,32.5246917284452,37.3510627746582
concrete_strength,9,397,31.92994763300969,36.6425666809082
concrete_strength,9,398,31.876383304595947,36.77223587036133
concrete_strength,9,399,32.40622447087215,37.13322067260742
concrete_strength,9,400,33.29121230198787,37.53287887573242
concrete_strength,9,401,32.00264464891874,39.59226989746094
concrete_strength,9,402,32.463506551889274,36.77299880981445
concrete_strength,9,403,34.49126691084642,37.18487548828125
concrete_strength,9,404,33.67725020188551,37.179317474365234
concrete_strength,9,405,31.834591131943924,37.47911834716797
concrete_strength,9,406,31.408528905648453,36.55967330932617
concrete_strength,9,407,31.443653867794918,36.781646728515625
concrete_strength,9,408,31.41347652215224,37.56075668334961
concrete_strength,9,409,32.92991212698129,36.76431655883789
concrete_strength,9,410,31.796398382920486,37.60779571533203
concrete_strength,9,411,31.603505794818584,37.03965377807617
concrete_strength,9,412,32.491911484644966,36.76945877075195
concrete_strength,9,413,31.910947212806114,36.406272888183594
concrete_strength,9,414,31.729059512798603,37.11548614501953
concrete_strength,9,415,31.756123286027176,37.797000885009766
concrete_strength,9,416,32.04672321906457,37.10927963256836
concrete_strength,9,417,31.29784455666175,36.70685958862305
concrete_strength,9,418,31.379275028522198,37.50477981567383
concrete_strength,9,419,34.59685296278734,37.34911346435547
concrete_strength,9,420,31.484699240097633,37.78972244262695
concrete_strength,9,421,34.47482248452994,37.97581481933594
concrete_strength,9,422,31.877637789799618,36.913002014160156
concrete_strength,9,423,32.034023174872765,36.204734802246094
concrete_strength,9,424,32.07636334345891,36.55143737792969
concrete_strength,9,425,32.20115815676176,36.88993835449219
concrete_strength,9,426,32.2808534182035,38.09096908569336
concrete_strength,9,427,32.2414834682758,36.328773498535156
concrete_strength,9,428,31.482662677764893,36.67085647583008
concrete_strength,9,429,31.77795102046086,38.31148147583008
concrete_strength,9,430,32.46354906375591,36.207786560058594
concrete_strength,9,431,32.033118174626274,36.48573684692383
concrete_strength,9,432,31.422177498157208,36.81138610839844
concrete_strength,9,433,31.335135496579685,36.99388122558594
concrete_strength,9,434,35.4554123878479,36.52460479736328
concrete_strength,9,435,31.838673958411583,36.75139617919922
concrete_strength,9,436,31.58654022216797,36.942283630371094
concrete_strength,9,437,31.280991792678833,37.06177520751953
concrete_strength,9,438,32.880605917710525,36.87120056152344
concrete_strength,9,439,31.75077673105093,36.30832290649414
concrete_strength,9,440,34.00794924222506,36.85344314575195
concrete_strength,9,441,32.06286954879761,36.75609588623047
concrete_strength,9,442,32.2981901535621,35.89598083496094
concrete_strength,9,443,31.367910568530743,36.10272216796875
concrete_strength,9,444,31.882348720843975,36.10890197753906
concrete_strength,9,445,34.51258875773503,35.65034866333008
concrete_strength,9,446,32.761824974646935,38.20461654663086
concrete_strength,9,447,32.43474263411302,36.984493255615234
concrete_strength,9,448,31.62701676442073,36.043212890625
concrete_strength,9,449,32.38182728107159,36.62882995605469
concrete_strength,9,450,31.761886816758377,36.096866607666016
concrete_strength,9,451,31.843703490037186,37.048789978027344
concrete_strength,9,452,31.695849125201885,36.68972396850586
concrete_strength,9,453,31.342437267303467,35.843143463134766
concrete_strength,9,454,32.24363216987023,36.25939178466797
concrete_strength,9,455,32.591476073631874,35.98689270019531
concrete_strength,9,456,31.558556079864502,36.36406707763672
concrete_strength,9,457,32.251438030829796,36.52446365356445
concrete_strength,9,458,31.52878636580247,37.090728759765625
concrete_strength,9,459,32.08726758223314,35.94560241699219
concrete_strength,9,460,31.770365641667293,35.93440628051758
concrete_strength,9,461,31.614468354445236,36.876461029052734
concrete_strength,9,462,31.951441838191105,36.43642807006836
concrete_strength,9,463,31.43171053666335,36.19273376464844
concrete_strength,9,464,31.54377132195693,36.34888458251953
concrete_strength,9,465,32.61670684814453,36.47551727294922
concrete_strength,9,466,32.22274772937481,35.87570571899414
concrete_strength,9,467,33.22771952702449,37.118568420410156
concrete_strength,9,468,32.76355941479023,36.727333068847656
concrete_strength,9,469,31.477019163278435,36.393001556396484
concrete_strength,9,470,33.07518988389235,36.357906341552734
concrete_strength,9,471,31.591718490307148,35.88761901855469
concrete_strength,9,472,31.12951322702261,36.26652145385742
concrete_strength,9,473,31.146646352914665,35.67744064331055
concrete_strength,9,474,31.774851945730354,36.064517974853516
concrete_strength,9,475,32.91517140315129,36.631370544433594
concrete_strength,9,476,31.23684395276583,36.5792236328125
concrete_strength,9,477,32.5793636395381,35.90544509887695
concrete_strength,9,478,33.19385866018442,36.862159729003906
concrete_strength,9,479,31.18715267914992,35.067787170410156
concrete_strength,9,480,31.553057230435886,35.79303741455078
concrete_strength,9,481,31.317771984980656,36.334571838378906
concrete_strength,9,482,31.31787347793579,37.02308654785156
concrete_strength,9,483,34.0755311525785,35.76288986206055
concrete_strength,9,484,32.228315573472244,35.76942825317383
concrete_strength,9,485,32.39927489940937,37.05452346801758
concrete_strength,9,486,35.28819766411414,36.110565185546875
concrete_strength,9,487,32.15282660264235,37.15459060668945
concrete_strength,9,488,31.46519763653095,36.457054138183594
concrete_strength,9,489,32.6782220693735,35.73506164550781
concrete_strength,9,490,31.500997983492336,37.36060333251953
concrete_strength,9,491,34.49448248056265,36.040382385253906
concrete_strength,9,492,33.380851415487435,36.365272521972656
concrete_strength,9,493,31.64817663339468,35.791019439697266
concrete_strength,9,494,31.396210450392502,35.88484191894531
concrete_strength,9,495,31.179974739368145,36.42058181762695
concrete_strength,9,496,31.55738669175368,36.32236862182617
concrete_strength,9,497,30.92174592384925,35.897560119628906
concrete_strength,9,498,31.114329998309795,36.58757400512695
concrete_strength,9,499,32.86652887784518,36.95446014404297
concrete_strength,9,500,31.20689245370718,35.883174896240234
concrete_strength,9,501,33.27637268946721,36.107425689697266
concrete_strength,9,502,32.50292579944317,35.65501403808594
concrete_strength,9,503,32.34391652620756,37.11381912231445
concrete_strength,9,504,33.36837306389442,36.38877868652344
concrete_strength,9,505,31.081789768659153,37.13987350463867
concrete_strength,9,506,31.991228397075947,36.38117599487305
concrete_strength,9,507,31.280355820289024,35.93556213378906
concrete_strength,9,508,31.132772188920242,37.10784912109375
concrete_strength,9,509,33.26811166910025,36.22829055786133
concrete_strength,9,510,31.964551962338962,35.83657455444336
concrete_strength,9,511,31.423456852252666,36.23809814453125
concrete_strength,9,512,31.951872678903435,35.91547775268555
concrete_strength,9,513,30.96388840675354,36.53782653808594
concrete_strength,9,514,31.18109365609976,36.721107482910156
concrete_strength,9,515,31.474733939537636,36.650821685791016
concrete_strength,9,516,33.63741944386409,36.439937591552734
concrete_strength,9,517,34.21066203484168,36.32462692260742
concrete_strength,9,518,33.15998847667988,37.32814025878906
concrete_strength,9,519,31.4369996877817,35.67283248901367
concrete_strength,9,520,31.13398161301246,35.7952995300293
concrete_strength,9,521,31.975614547729492,37.57537841796875
concrete_strength,9,522,30.88273521570059,36.039188385009766
concrete_strength,9,523,33.254114371079666,36.75697326660156
concrete_strength,9,524,31.352720994215744,36.550315856933594
concrete_strength,9,525,31.57480078477126,36.620182037353516
concrete_strength,9,526,32.025487679701584,36.823760986328125
concrete_strength,9,527,31.447673467489388,36.121280670166016
concrete_strength,9,528,31.781949520111084,36.87468719482422
concrete_strength,9,529,30.899326489521908,35.95333480834961
concrete_strength,9,530,31.983466661893406,37.204288482666016
concrete_strength,9,531,31.353052982917198,35.676513671875
concrete_strength,9,532,32.27630967360277,36.677677154541016
concrete_strength,9,533,30.98816596544706,36.223453521728516
concrete_strength,9,534,31.327915265009953,36.54767608642578
concrete_strength,9,535,31.623690091646633,35.967041015625
concrete_strength,9,536,31.348728510049675,36.07146453857422
concrete_strength,9,537,30.690715826474705,37.402626037597656
concrete_strength,9,538,31.719626133258526,36.272010803222656
concrete_strength,9,539,35.45712680083055,35.80064010620117
concrete_strength,9,540,31.334785076288078,36.48659896850586
concrete_strength,9,541,31.058035923884464,36.901153564453125
concrete_strength,9,542,32.230710102961616,36.25939178466797
concrete_strength,9,543,30.936372977036697,37.018943786621094
concrete_strength,9,544,33.62440615433913,36.04998016357422
concrete_strength,9,545,31.5644012597891,36.24502182006836
concrete_strength,9,546,32.43603302882268,36.95375061035156
concrete_strength,9,547,31.60380634894738,36.250892639160156
concrete_strength,9,548,30.66290257527278,35.97291946411133
concrete_strength,9,549,32.05233617929312,36.015506744384766
concrete_strength,9,550,33.182748794555664,37.59360885620117
concrete_strength,9,551,31.9018245110145,36.22589111328125
concrete_strength,9,552,31.434015714205227,36.5097541809082
concrete_strength,9,553,30.69784113077017,36.681392669677734
concrete_strength,9,554,31.326721998361442,35.573734283447266
concrete_strength,9,555,31.94228744506836,37.54897689819336
concrete_strength,9,556,32.620152106651894,36.14584732055664
concrete_strength,9,557,31.57452700688289,36.729896545410156
concrete_strength,9,558,31.170177092918983,35.7879638671875
concrete_strength,9,559,30.872169201190655,36.7593994140625
concrete_strength,9,560,31.37723607283372,36.58357238769531
concrete_strength,9,561,33.02051657896776,36.00907897949219
concrete_strength,9,562,34.82382778021005,37.41217041015625
concrete_strength,9,563,31.176020035376915,37.02133560180664
concrete_strength,9,564,30.697352537742027,36.681556701660156
concrete_strength,9,565,31.08837395447951,37.23728942871094
concrete_strength,9,566,32.13534538562481,35.54609680175781
concrete_strength,9,567,33.67827972998986,37.49805450439453
concrete_strength,9,568,31.424284494840183,36.23407745361328
concrete_strength,9,569,33.898553994985726,36.56715774536133
concrete_strength,9,570,31.346585200383114,36.63661193847656
concrete_strength,9,571,32.8177831356342,37.02538299560547
concrete_strength,9,572,31.385268064645622,37.065521240234375
concrete_strength,9,573,32.071450600257286,35.65399169921875
concrete_strength,9,574,32.54742864462045,35.695865631103516
concrete_strength,9,575,30.743566348002506,36.36496353149414
concrete_strength,9,576,30.942213498629055,36.68549346923828
concrete_strength,9,577,30.8100035740779,35.95865249633789
concrete_strength,9,578,30.750252301876362,36.43114471435547
concrete_strength,9,579,32.14558850801908,36.42235565185547
concrete_strength,9,580,31.363197620098408,36.074623107910156
concrete_strength,9,581,31.088366801922138,36.45840072631836
concrete_strength,9,582,31.613507490891678,36.19019317626953
concrete_strength,9,583,33.58958849540124,35.949363708496094
concrete_strength,9,584,31.029653549194336,35.23447799682617
concrete_strength,9,585,30.53247648019057,35.94088363647461
concrete_strength,9,586,30.597996491652268,35.865394592285156
concrete_strength,9,587,30.70941848021287,36.31328582763672
concrete_strength,9,588,30.620557491595928,36.311378479003906
concrete_strength,9,589,30.901714765108547,36.03158187866211
concrete_strength,9,590,30.910458307999832,36.537811279296875
concrete_strength,9,591,31.942606119009163,35.86659240722656
concrete_strength,9,592,30.60033756036025,36.19163131713867
concrete_strength,9,593,30.964778936826267,37.25115966796875
concrete_strength,9,594,33.010169982910156,36.06827163696289
concrete_strength,9,595,30.893527104304386,36.20408248901367
concrete_strength,9,596,32.57308314396785,36.33332824707031
concrete_strength,9,597,30.61647244600149,36.19270324707031
concrete_strength,9,598,30.682419556837814,35.62055969238281
concrete_strength,9,599,30.589418961451603,36.967830657958984
concrete_strength,9,600,32.26650905609131,35.88307189941406
concrete_strength,9,601,32.40417517148531,36.249794006347656
concrete_strength,9,602,31.226290189302883,37.0892219543457
concrete_strength,9,603,31.040105929741493,36.140541076660156
concrete_strength,9,604,31.545185859386738,36.04609298706055
concrete_strength,9,605,31.025355669168327,37.40630340576172
concrete_strength,9,606,32.107384534982536,36.50563049316406
concrete_strength,9,607,31.281354170579178,37.3129768371582
concrete_strength,9,608,31.165843633505013,37.06489944458008
concrete_strength,9,609,31.608605531545784,36.21583557128906
concrete_strength,9,610,31.575177339407112,36.1182975769043
concrete_strength,9,611,31.587954887977013,36.46734619140625
concrete_strength,9,612,35.196242772615875,36.56291961669922
concrete_strength,9,613,31.256106303288387,36.91404724121094
concrete_strength,9,614,30.78697736446674,36.21928405761719
concrete_strength,9,615,33.25740069609422,36.144039154052734
concrete_strength,9,616,31.013705877157356,35.9984016418457
concrete_strength,9,617,34.18493446936974,35.88493728637695
concrete_strength,9,618,31.098211691929745,36.34528350830078
concrete_strength,9,619,31.288507021390476,36.99241638183594
concrete_strength,9,620,30.691843326275166,36.51304244995117
concrete_strength,9,621,30.453004140120285,37.357391357421875
concrete_strength,9,622,31.60145216721755,36.19295883178711
concrete_strength,9,623,30.600022866175724,36.1806526184082
concrete_strength,9,624,30.530266505021316,37.23248291015625
concrete_strength,9,625,31.207278838524452,36.72919464111328
concrete_strength,9,626,30.80724055950458,37.01338195800781
concrete_strength,9,627,30.741600265869728,37.21751022338867
concrete_strength,9,628,30.842668826763447,36.69892120361328
concrete_strength,9,629,31.32988797701322,35.66111755371094
concrete_strength,9,630,31.26924808208759,37.1866455078125
concrete_strength,9,631,30.86792358985314,36.58700942993164
concrete_strength,9,632,31.3097531245305,37.89047622680664
concrete_strength,9,633,31.961788470928486,35.43119812011719
concrete_strength,9,634,31.66004804464487,37.16384506225586
concrete_strength,9,635,30.62385234465966,36.56915283203125
concrete_strength,9,636,31.08532212330745,36.242984771728516
concrete_strength,9,637,30.888863270099346,35.99027633666992
concrete_strength,9,638,30.518003427065334,36.443302154541016
concrete_strength,9,639,32.78410332019512,36.436859130859375
concrete_strength,9,640,30.46792228405292,36.53757858276367
concrete_strength,9,641,30.765268876002384,36.09783935546875
concrete_strength,9,642,31.31195963346041,36.79665756225586
concrete_strength,9,643,30.61233894641583,36.52559280395508
concrete_strength,9,644,33.10284233093262,36.30678176879883
concrete_strength,9,645,31.74588863666241,36.09317398071289
concrete_strength,9,646,32.16865348815918,36.429664611816406
concrete_strength,9,647,30.292145930803738,36.49237823486328
concrete_strength,9,648,32.22479482797476,36.60152053833008
concrete_strength,9,649,31.382749337416428,35.97397232055664
concrete_strength,9,650,31.139774542588455,38.40589141845703
concrete_strength,9,651,31.215216049781212,36.328529357910156
concrete_strength,9,652,31.22481184739333,36.39106369018555
concrete_strength,9,653,34.95369056554941,36.632320404052734
concrete_strength,9,654,30.974372973808876,36.232177734375
concrete_strength,9,655,31.48919252248911,36.164581298828125
concrete_strength,9,656,30.781047894404484,36.30523681640625
concrete_strength,9,657,30.646774952228252,36.46621322631836
concrete_strength,9,658,31.039060702690712,35.8729133605957
concrete_strength,9,659,30.31119337448707,36.402122497558594
concrete_strength,9,660,33.3968269274785,35.95914840698242
concrete_strength,9,661,30.663234620140148,37.07357406616211
concrete_strength,9,662,33.95055539791401,35.89565658569336
concrete_strength,9,663,33.17805216862605,36.94426727294922
concrete_strength,9,664,31.5135776079618,35.77641677856445
concrete_strength,9,665,30.83874247624324,35.93955993652344
concrete_strength,9,666,31.13444603406466,36.204734802246094
concrete_strength,9,667,30.417666930418747,36.11846923828125
concrete_strength,9,668,31.040083151597244,36.53671646118164
concrete_strength,9,669,32.13852112109844,36.04486846923828
concrete_strength,9,670,30.681055912604698,37.45530319213867
concrete_strength,9,671,30.946376213660606,36.661563873291016
concrete_strength,9,672,30.506764448606052,36.07672119140625
concrete_strength,9,673,36.618880418630745,35.5876579284668
concrete_strength,9,674,30.79430785545936,35.97056198120117
concrete_strength,9,675,30.701691260704628,36.29925537109375
concrete_strength,9,676,30.272202528440037,35.70758056640625
concrete_strength,9,677,30.80586026265071,36.549713134765625
concrete_strength,9,678,34.922196021446815,35.66134262084961
concrete_strength,9,679,31.49031925201416,36.43452072143555
concrete_strength,9,680,32.21593167231633,35.67697525024414
concrete_strength,9,681,31.008889037829178,37.78408432006836
concrete_strength,9,682,30.471204427572395,35.84033203125
concrete_strength,9,683,31.223895219656136,35.721458435058594
concrete_strength,9,684,32.39740643134484,38.568355560302734
concrete_strength,9,685,32.275808774507965,36.12819290161133
concrete_strength,9,686,30.151867605172672,36.76060104370117
concrete_strength,9,687,30.41300993699294,35.79317092895508
concrete_strength,9,688,31.365008977743294,36.07501983642578
concrete_strength,9,689,30.517081847557655,37.03077697753906
concrete_strength,9,690,31.328671198624832,35.55442810058594
concrete_strength,9,691,32.63381741597102,35.73889923095703
concrete_strength,9,692,33.089459272531364,36.797813415527344
concrete_strength,9,693,30.21386259335738,36.730682373046875
concrete_strength,9,694,31.67168195431049,35.83845901489258
concrete_strength,9,695,30.30923474751986,37.6109733581543
concrete_strength,9,696,31.901585578918457,36.6199951171875
concrete_strength,9,697,30.400776386260986,36.06466293334961
concrete_strength,9,698,30.551599942720852,35.717628479003906
concrete_strength,9,699,32.692325592041016,36.724143981933594
concrete_strength,9,700,31.306418272165153,36.23447799682617
concrete_strength,9,701,31.892468232374924,36.53569412231445
concrete_strength,9,702,30.25037200634296,36.413482666015625
concrete_strength,9,703,30.131154463841366,37.00531768798828
concrete_strength,9,704,30.499788724459133,36.20979690551758
concrete_strength,9,705,30.732905828035793,36.115875244140625
concrete_strength,9,706,30.344435471754807,37.5241584777832
concrete_strength,9,707,30.457990683042087,35.61857604980469
concrete_strength,9,708,31.487114392794094,35.996952056884766
concrete_strength,9,709,31.16552550976093,36.47062683105469
concrete_strength,9,710,31.12142614217905,36.000335693359375
concrete_strength,9,711,31.10767595584576,36.429405212402344
concrete_strength,9,712,32.751154312720665,36.59281921386719
concrete_strength,9,713,30.714012952951286,36.41809844970703
concrete_strength,9,714,30.52523737687331,36.88364791870117
concrete_strength,9,715,30.50064369348379,36.10789108276367
concrete_strength,9,716,31.72875536405123,37.12286376953125
concrete_strength,9,717,30.790771337655876,36.137237548828125
concrete_strength,9,718,30.561664434579704,36.600311279296875
concrete_strength,9,719,31.308957393352802,35.885169982910156
concrete_strength,9,720,31.08259285413302,36.38591766357422
concrete_strength,9,721,30.540023803710938,35.66922378540039
concrete_strength,9,722,30.8273192185622,35.917335510253906
concrete_strength,9,723,30.485068027789776,35.811309814453125
concrete_strength,9,724,32.01508514697735,36.823760986328125
concrete_strength,9,725,30.047682211949276,35.93434524536133
concrete_strength,9,726,30.620202211233284,36.74750518798828
concrete_strength,9,727,30.890624559842625,37.07548522949219
concrete_strength,9,728,32.15833278802725,35.405029296875
concrete_strength,9,729,31.10826037480281,36.673118591308594
concrete_strength,9,730,35.737831629239594,36.359375
concrete_strength,9,731,31.063335565420296,36.59730529785156
concrete_strength,9,732,30.85695380430955,36.418941497802734
concrete_strength,9,733,30.67481334392841,36.9627685546875
concrete_strength,9,734,30.179697623619667,36.08848190307617
concrete_strength,9,735,31.556106640742374,36.23915481567383
concrete_strength,9,736,30.82308871929462,37.9185676574707
concrete_strength,9,737,31.467349639305702,35.712059020996094
concrete_strength,9,738,32.78897219437819,36.43079376220703
concrete_strength,9,739,31.047054290771484,35.97524642944336
concrete_strength,9,740,31.912864831777718,37.11917495727539
concrete_strength,9,741,30.738104820251465,35.75565719604492
concrete_strength,9,742,32.640191298264725,36.9657096862793
concrete_strength,9,743,31.74676117530236,35.9217414855957
concrete_strength,9,744,30.96928567152757,36.064823150634766
concrete_strength,9,745,30.635244442866398,35.82454299926758
concrete_strength,9,746,30.73312836426955,36.205535888671875
concrete_strength,9,747,30.769676501934345,35.834991455078125
concrete_strength,9,748,31.176474057711086,35.74180221557617
concrete_strength,9,749,30.41586509117713,36.81031799316406
concrete_strength,9,750,30.471737934992863,36.14139938354492
concrete_strength,9,751,30.796520966749924,35.661075592041016
concrete_strength,9,752,30.598837192241962,36.24358367919922
concrete_strength,9,753,32.3324513068566,36.18832778930664
concrete_strength,9,754,30.123985272187454,37.36073684692383
concrete_strength,9,755,29.994260751284084,36.43182373046875
concrete_strength,9,756,30.37593914912297,36.15654373168945
concrete_strength,9,757,32.63498695080097,36.10451126098633
concrete_strength,9,758,31.26301358296321,36.244110107421875
concrete_strength,9,759,32.18775000939002,36.417442321777344
concrete_strength,9,760,30.7314054782574,36.678199768066406
concrete_strength,9,761,30.33009171485901,36.476688385009766
concrete_strength,9,762,30.608395209679237,36.40357208251953
concrete_strength,9,763,31.763935235830452,35.844547271728516
concrete_strength,9,764,30.32209539413452,35.962493896484375
concrete_strength,9,765,30.732618992145245,36.46318054199219
concrete_strength,9,766,30.078032640310433,36.2994270324707
concrete_strength,9,767,29.918785865490253,36.24678421020508
concrete_strength,9,768,30.62431819622333,36.07770538330078
concrete_strength,9,769,30.047109237084022,36.678436279296875
concrete_strength,9,770,30.859690556159386,35.56123352050781
concrete_strength,9,771,30.188960808974045,36.252532958984375
concrete_strength,9,772,30.459004475520207,35.98486328125
concrete_strength,9,773,32.17176364018367,35.78379440307617
concrete_strength,9,774,33.036314744215744,36.723365783691406
concrete_strength,9,775,30.731155395507812,36.37056350708008
concrete_strength,9,776,31.306274780860313,35.907203674316406
concrete_strength,9,777,32.03295560983511,37.139041900634766
concrete_strength,9,778,31.585131645202637,35.73666000366211
concrete_strength,9,779,31.207905842707707,36.58644485473633
concrete_strength,9,780,30.07276986195491,36.243499755859375
concrete_strength,9,781,30.671313212468075,37.54903030395508
concrete_strength,9,782,32.18240415132963,35.24814987182617
concrete_strength,9,783,31.00979045721201,37.608985900878906
concrete_strength,9,784,30.868271901057316,36.23617935180664
concrete_strength,9,785,30.11845636367798,36.06877136230469
concrete_strength,9,786,30.442547247960018,36.784114837646484
concrete_strength,9,787,30.237702461389397,36.166358947753906
concrete_strength,9,788,30.250095550830547,36.29690933227539
concrete_strength,9,789,30.323454710153435,36.237815856933594
concrete_strength,9,790,30.822237895085262,36.6510009765625
concrete_strength,9,791,30.606291734255276,36.313941955566406
concrete_strength,9,792,30.189372246082012,36.102325439453125
concrete_strength,9,793,30.170800135685848,36.87767028808594
concrete_strength,9,794,30.587253863994892,35.900943756103516
concrete_strength,9,795,30.172104138594406,37.20009994506836
concrete_strength,9,796,31.36341828566331,36.83979415893555
concrete_strength,9,797,31.130364454709568,36.11878204345703
concrete_strength,9,798,31.19312227689303,37.14046859741211
concrete_strength,9,799,31.14806417318491,36.470069885253906
concrete_strength,9,800,30.354048398824837,36.826881408691406
concrete_strength,9,801,30.861129247225247,37.63185501098633
concrete_strength,9,802,30.438726351811336,35.399009704589844
concrete_strength,9,803,30.64720058441162,35.71837615966797
concrete_strength,9,804,29.89309506232922,37.35903549194336
concrete_strength,9,805,33.537702120267426,36.46063995361328
concrete_strength,9,806,30.92486205467811,36.14352035522461
concrete_strength,9,807,30.06517920127282,36.98604965209961
concrete_strength,9,808,30.071370638333836,36.94792938232422
concrete_strength,9,809,29.803886266855095,36.13446044921875
concrete_strength,9,810,30.3550082720243,36.470664978027344
concrete_strength,9,811,32.648541083702675,35.61116027832031
concrete_strength,9,812,30.419941902160645,36.906925201416016
concrete_strength,9,813,30.54505839714637,37.589813232421875
concrete_strength,9,814,30.573851842146652,37.22193145751953
concrete_strength,9,815,29.799724610952232,37.5086669921875
concrete_strength,9,816,30.4281885440533,36.282630920410156
concrete_strength,9,817,31.203452036930965,37.52467346191406
concrete_strength,9,818,31.724801797133225,36.98420333862305
concrete_strength,9,819,30.29845435802753,37.1835823059082
concrete_strength,9,820,32.11499243516188,36.80191421508789
concrete_strength,9,821,30.813084235558144,36.25210952758789
concrete_strength,9,822,31.296919382535496,35.973114013671875
concrete_strength,9,823,30.752398784344013,36.99591827392578
concrete_strength,9,824,31.349065487201397,35.78506088256836
concrete_strength,9,825,30.576880858494686,36.63334274291992
concrete_strength,9,826,32.87245944830087,36.909629821777344
concrete_strength,9,827,31.214787483215332,35.84888458251953
concrete_strength,9,828,30.289624287531925,36.15593719482422
concrete_strength,9,829,30.190183309408333,36.45754623413086
concrete_strength,9,830,30.64225934101985,36.26054382324219
concrete_strength,9,831,30.38043319261991,36.73680877685547
concrete_strength,9,832,32.36011681189904,36.035343170166016
concrete_strength,9,833,30.57379458500789,35.9922981262207
concrete_strength,9,834,30.172840485206017,36.38945007324219
concrete_strength,9,835,30.880558087275578,36.532249450683594
concrete_strength,9,836,30.102733868819016,36.157684326171875
concrete_strength,9,837,30.80547230060284,36.09480285644531
concrete_strength,9,838,31.35238295335036,35.76463317871094
concrete_strength,9,839,30.03583814547612,36.37797927856445
concrete_strength,9,840,30.47121942960299,36.276851654052734
concrete_strength,9,841,29.929546117782593,36.22468566894531
concrete_strength,9,842,30.635957974653977,36.65142059326172
concrete_strength,9,843,29.826139358373787,36.93268585205078
concrete_strength,9,844,30.070780680729793,36.301544189453125
concrete_strength,9,845,31.63527195270245,35.8203125
concrete_strength,9,846,32.44173724834736,38.041866302490234
concrete_strength,9,847,30.27171809856708,35.700286865234375
concrete_strength,9,848,29.919476160636314,37.153255462646484
concrete_strength,9,849,31.200787177452675,36.236759185791016
concrete_strength,9,850,30.229492297539345,36.28013610839844
concrete_strength,9,851,30.120218387016884,36.01324462890625
concrete_strength,9,852,31.270512250753548,36.4672966003418
concrete_strength,9,853,31.217113714951736,35.84614944458008
concrete_strength,9,854,30.83057264181284,35.98693084716797
concrete_strength,9,855,31.1353487601647,36.33079147338867
concrete_strength,9,856,33.09685545701247,37.071144104003906
concrete_strength,9,857,30.25092582977735,35.73851013183594
concrete_strength,9,858,32.841436899625336,36.41557693481445
concrete_strength,9,859,32.30356964698205,37.92674255371094
concrete_strength,9,860,31.459302462064304,36.27854919433594
concrete_strength,9,861,30.172978988060585,36.128177642822266
concrete_strength,9,862,29.824825085126438,36.09819030761719
concrete_strength,9,863,30.52024320455698,37.77589797973633
concrete_strength,9,864,30.544195138491116,35.7288932800293
concrete_strength,9,865,30.202304986807015,36.18183898925781
concrete_strength,9,866,32.312953802255485,37.173728942871094
concrete_strength,9,867,30.183829967792217,38.148372650146484
concrete_strength,9,868,30.234032227442814,36.96504211425781
concrete_strength,9,869,30.38173583837656,36.1651725769043
concrete_strength,9,870,30.19425238095797,35.86845016479492
concrete_strength,9,871,30.159688839545616,37.10728454589844
concrete_strength,9,872,29.840430461443386,36.43231201171875
concrete_strength,9,873,30.492470081035908,36.76467514038086
concrete_strength,9,874,30.0671165906466,35.91835403442383
concrete_strength,9,875,30.639839245722843,37.0766716003418
concrete_strength,9,876,30.41177874345046,36.78413009643555
concrete_strength,9,877,29.792274199999294,35.92120361328125
concrete_strength,9,878,31.292439240675705,37.20967102050781
concrete_strength,9,879,30.39465563113873,36.6570930480957
concrete_strength,9,880,30.648531950437107,37.11955261230469
concrete_strength,9,881,29.890718716841477,36.6154670715332
concrete_strength,9,882,30.097452530494103,35.972023010253906
concrete_strength,9,883,30.355570279634914,36.90823745727539
concrete_strength,9,884,33.4372799213116,36.66695785522461
concrete_strength,9,885,29.97939766370333,38.64271545410156
concrete_strength,9,886,31.656330988957333,36.43123245239258
concrete_strength,9,887,29.821717225588284,36.7678108215332
concrete_strength,9,888,31.037038803100586,36.74356460571289
concrete_strength,9,889,30.453464398017296,37.0205192565918
concrete_strength,9,890,29.93000892492441,36.17276382446289
concrete_strength,9,891,32.68528897945698,36.5730094909668
concrete_strength,9,892,29.93915688074552,36.74519348144531
concrete_strength,9,893,29.86850459759052,37.07539749145508
concrete_strength,9,894,31.173410122211163,36.753414154052734
concrete_strength,9,895,31.781212843381443,35.89612579345703
concrete_strength,9,896,31.04790273079505,37.229637145996094
concrete_strength,9,897,29.984799825228176,36.445335388183594
concrete_strength,9,898,30.54023258502667,36.92237091064453
concrete_strength,9,899,30.5884788953341,36.253883361816406
concrete_strength,9,900,30.258111990415134,36.556976318359375
concrete_strength,9,901,30.64949842599722,36.78447341918945
concrete_strength,9,902,30.19759699014517,37.5598030090332
concrete_strength,9,903,30.230386697329006,35.67713165283203
concrete_strength,9,904,30.100793545062725,38.34041213989258
concrete_strength,9,905,29.912099012961754,36.13236999511719
concrete_strength,9,906,30.071470737457275,36.53459167480469
concrete_strength,9,907,30.393483088566708,37.06765365600586
concrete_strength,9,908,30.785250810476448,36.186546325683594
concrete_strength,9,909,30.197040887979362,36.48850631713867
concrete_strength,9,910,31.261686618511494,36.32527160644531
concrete_strength,9,911,31.384151532099796,36.75100326538086
concrete_strength,9,912,29.779717995570255,36.04463195800781
concrete_strength,9,913,30.199705857496994,36.279056549072266
concrete_strength,9,914,32.077325527484604,36.91535186767578
concrete_strength,9,915,30.517933221963737,36.20868682861328
concrete_strength,9,916,30.361029918377216,37.26675033569336
concrete_strength,9,917,33.03291100722093,38.079132080078125
concrete_strength,9,918,30.480183381300705,36.45923614501953
concrete_strength,9,919,29.840992267315205,36.409481048583984
concrete_strength,9,920,31.925942971156193,36.344200134277344
concrete_strength,9,921,30.054455316983738,36.080806732177734
concrete_strength,9,922,29.76509483043964,36.31121826171875
concrete_strength,9,923,32.07973296825703,38.44700241088867
concrete_strength,9,924,29.939359444838303,36.65147018432617
concrete_strength,9,925,29.7047118131931,35.95549011230469
concrete_strength,9,926,30.541324028602013,36.55665969848633
concrete_strength,9,927,30.22099781036377,36.52468490600586
concrete_strength,9,928,29.941671811617336,35.78072738647461
concrete_strength,9,929,30.49443707099328,36.98019027709961
concrete_strength,9,930,30.09766457631038,36.01206970214844
concrete_strength,9,931,30.222172296964207,37.10823440551758
concrete_strength,9,932,30.091326566842888,35.959678649902344
concrete_strength,9,933,32.11540508270264,35.35927200317383
concrete_strength,9,934,31.29932322868934,37.84927749633789
concrete_strength,9,935,30.43207498697134,36.65447235107422
concrete_strength,9,936,29.56456630046551,36.63410568237305
concrete_strength,9,937,30.55682820540208,36.88215255737305
concrete_strength,9,938,30.421785061176006,36.9081916809082
concrete_strength,9,939,32.04644382916964,36.583534240722656
concrete_strength,9,940,30.97602682847243,37.55152893066406
concrete_strength,9,941,29.98413639802199,35.948760986328125
concrete_strength,9,942,33.000461468329796,36.472660064697266
concrete_strength,9,943,30.58699153019832,37.226318359375
concrete_strength,9,944,29.822191385122444,36.47406005859375
concrete_strength,9,945,30.309549918541542,37.689491271972656
concrete_strength,9,946,30.21134846027081,36.43299865722656
concrete_strength,9,947,30.07458132963914,37.26557159423828
concrete_strength,9,948,29.679642530588005,36.73998260498047
concrete_strength,9,949,29.593364788935734,37.097564697265625
concrete_strength,9,950,31.445873517256516,36.69026565551758
concrete_strength,9,951,29.78633946638841,36.19840621948242
concrete_strength,9,952,29.526624184388382,37.119606018066406
concrete_strength,9,953,29.683166870704063,36.684425354003906
concrete_strength,9,954,29.466247210135826,36.308685302734375
concrete_strength,9,955,30.226709879361668,37.22923278808594
concrete_strength,9,956,29.619849645174465,35.75173568725586
concrete_strength,9,957,30.621245347536526,37.94636154174805
concrete_strength,9,958,29.630682156636166,36.051513671875
concrete_strength,9,959,29.98066696753869,37.17230987548828
concrete_strength,9,960,30.04499318049504,36.81910705566406
concrete_strength,9,961,31.92226714354295,36.82775115966797
concrete_strength,9,962,29.68602050267733,36.613346099853516
concrete_strength,9,963,31.257329353919395,36.07211685180664
concrete_strength,9,964,30.378028062673714,37.50308609008789
concrete_strength,9,965,29.95314099238469,36.581302642822266
concrete_strength,9,966,30.46237299992488,37.29643630981445
concrete_strength,9,967,30.040596155019905,36.18052673339844
concrete_strength,9,968,33.817842116722694,37.26643371582031
concrete_strength,9,969,30.314030977395866,36.21331024169922
concrete_strength,9,970,31.51822409263024,36.09890365600586
concrete_strength,9,971,30.772729873657227,36.08586502075195
concrete_strength,9,972,29.535813143620125,38.423580169677734
concrete_strength,9,973,30.501453693096455,35.97980880737305
concrete_strength,9,974,32.171884756821854,36.43476486206055
concrete_strength,9,975,30.1407009271475,36.53536605834961
concrete_strength,9,976,30.473612491901104,37.798255920410156
concrete_strength,9,977,29.59699142896212,36.17347717285156
concrete_strength,9,978,29.636935013991135,37.37882995605469
concrete_strength,9,979,29.57953691482544,36.30476760864258
concrete_strength,9,980,29.980125170487625,36.61792755126953
concrete_strength,9,981,29.508813179456272,36.91413497924805
concrete_strength,9,982,29.555000341855564,36.600460052490234
concrete_strength,9,983,29.890812433682957,36.4893913269043
concrete_strength,9,984,30.77666209294246,37.11484146118164
concrete_strength,9,985,29.849581498366135,37.27112579345703
concrete_strength,9,986,30.569321705744816,36.2877197265625
concrete_strength,9,987,30.12922485058124,37.75626754760742
concrete_strength,9,988,29.72857271707975,36.26027297973633
concrete_strength,9,989,30.896254246051495,36.260982513427734
concrete_strength,9,990,31.327327654911922,37.01273727416992
concrete_strength,9,991,31.529949775108925,36.93572235107422
concrete_strength,9,992,30.114751412318302,36.712852478027344
concrete_strength,9,993,30.804065997783955,36.312931060791016
concrete_strength,9,994,31.132828125586876,36.58657455444336
concrete_strength,9,995,30.25477618437547,36.31470489501953
concrete_strength,9,996,30.68947751705463,37.63054275512695
concrete_strength,9,997,29.91745398594783,37.2210578918457
concrete_strength,9,998,33.14110843951885,36.745521545410156
concrete_strength,9,999,32.044205078711876,37.11743927001953
concrete_strength,7,0,41.74639441416814,41.41337203979492
concrete_strength,7,1,44.46802476736215,41.7578239440918
concrete_strength,7,2,43.36639074178842,41.380374908447266
concrete_strength,7,3,42.98307418823242,41.104881286621094
concrete_strength,7,4,41.52682047623854,41.000911712646484
concrete_strength,7,5,43.11218855931209,40.80641555786133
concrete_strength,7,6,40.8309300496028,40.60106658935547
concrete_strength,7,7,40.465576295669266,40.67213821411133
concrete_strength,7,8,43.50013916309063,40.964725494384766
concrete_strength,7,9,41.65270299177904,40.43718338012695
concrete_strength,7,10,44.80165672302246,40.24085235595703
concrete_strength,7,11,41.11709455343393,40.12857437133789
concrete_strength,7,12,41.164273041945236,40.70698928833008
concrete_strength,7,13,40.2304586997399,39.75435256958008
concrete_strength,7,14,40.1280554991502,39.97874069213867
concrete_strength,7,15,41.362700315622185,40.08717727661133
concrete_strength,7,16,40.63695166661189,40.01114273071289
concrete_strength,7,17,40.50235887674185,39.645774841308594
concrete_strength,7,18,39.915565087245064,39.8767204284668
concrete_strength,7,19,40.59622757251446,39.52333068847656
concrete_strength,7,20,40.58010299389179,39.743133544921875
concrete_strength,7,21,40.69559464087853,39.36743927001953
concrete_strength,7,22,40.3989220399123,39.5803337097168
concrete_strength,7,23,39.724114858187164,39.419944763183594
concrete_strength,7,24,39.85351012303279,39.3564567565918
concrete_strength,7,25,40.47379735799936,39.6864013671875
concrete_strength,7,26,42.584219198960525,39.491031646728516
concrete_strength,7,27,40.90211296081543,39.54890823364258
concrete_strength,7,28,40.21459095294659,39.637142181396484
concrete_strength,7,29,39.12635562970088,39.571712493896484
concrete_strength,7,30,40.55184100224422,39.38206481933594
concrete_strength,7,31,39.26586572940533,39.24008560180664
concrete_strength,7,32,40.055904608506424,39.48384475708008
concrete_strength,7,33,39.347018058483414,38.983489990234375
concrete_strength,7,34,38.93392621553861,39.12700271606445
concrete_strength,7,35,40.70013640477107,39.422672271728516
concrete_strength,7,36,39.323536946223335,39.316917419433594
concrete_strength,7,37,39.277291958148666,39.043357849121094
concrete_strength,7,38,40.05643044985258,39.07197952270508
concrete_strength,7,39,38.78457208780142,39.341670989990234
concrete_strength,7,40,41.20426361377422,38.71140670776367
concrete_strength,7,41,38.836945680471565,39.01870346069336
concrete_strength,7,42,39.1816506752601,39.01887130737305
concrete_strength,7,43,38.62125591131357,38.89840316772461
concrete_strength,7,44,39.2433803998507,39.04719543457031
concrete_strength,7,45,39.33215405390813,38.65013885498047
concrete_strength,7,46,39.56442136030931,38.36296081542969
concrete_strength,7,47,38.59643088854276,38.650901794433594
concrete_strength,7,48,42.266690547649674,38.62668991088867
concrete_strength,7,49,39.402883823101334,39.08807373046875
concrete_strength,7,50,38.39581738985502,38.506690979003906
concrete_strength,7,51,38.44258242387038,38.40135192871094
concrete_strength,7,52,38.574384029094986,38.84210205078125
concrete_strength,7,53,39.18797412285438,38.26369857788086
concrete_strength,7,54,38.83335340940035,38.418296813964844
concrete_strength,7,55,38.52133772923396,38.99586486816406
concrete_strength,7,56,38.976462804354156,38.73368453979492
concrete_strength,7,57,38.75650625962477,38.37824249267578
concrete_strength,7,58,38.53094240335318,38.259376525878906
concrete_strength,7,59,41.353039521437424,38.253440856933594
concrete_strength,7,60,37.921050768632156,38.47126388549805
concrete_strength,7,61,38.077898685748764,38.458797454833984
concrete_strength,7,62,38.17752427321214,38.46565246582031
concrete_strength,7,63,37.993545055389404,38.09456253051758
concrete_strength,7,64,38.16263903104342,38.573612213134766
concrete_strength,7,65,39.14021425980788,37.96612548828125
concrete_strength,7,66,41.27946816957914,37.92112350463867
concrete_strength,7,67,42.23590506040133,37.98225784301758
concrete_strength,7,68,37.88627138504615,38.07194519042969
concrete_strength,7,69,37.76452370790335,37.7934455871582
concrete_strength,7,70,37.94742602568407,37.973636627197266
concrete_strength,7,71,37.97588040278508,37.64522933959961
concrete_strength,7,72,37.467246715839096,37.87919235229492
concrete_strength,7,73,38.13095584282508,37.64557647705078
concrete_strength,7,74,38.470178897564224,37.782291412353516
concrete_strength,7,75,37.7229427924523,38.02273941040039
concrete_strength,7,76,37.504245446278496,37.95401382446289
concrete_strength,7,77,38.45711656717154,37.50471878051758
concrete_strength,7,78,37.63157096275916,37.321449279785156
concrete_strength,7,79,39.080087221585785,37.587074279785156
concrete_strength,7,80,38.544980195852425,37.53370666503906
concrete_strength,7,81,37.496133217444786,38.00417709350586
concrete_strength,7,82,37.66701214130108,37.52570724487305
concrete_strength,7,83,39.76425581711989,37.49693298339844
concrete_strength,7,84,43.25424561133752,38.322662353515625
concrete_strength,7,85,38.27048587799072,37.88688278198242
concrete_strength,7,86,39.389047182523285,37.62699508666992
concrete_strength,7,87,37.33932572144728,37.3829231262207
concrete_strength,7,88,37.609328930194565,37.25080490112305
concrete_strength,7,89,38.1628013757559,37.446311950683594
concrete_strength,7,90,38.39059231831477,37.53995132446289
concrete_strength,7,91,36.83320483794579,37.5203742980957
concrete_strength,7,92,37.823366788717415,37.25882339477539
concrete_strength,7,93,36.892770849741424,37.86921691894531
concrete_strength,7,94,38.596950164208046,37.10384750366211
concrete_strength,7,95,37.31799859267015,37.6882209777832
concrete_strength,7,96,37.01697771365826,37.19179916381836
concrete_strength,7,97,38.0485263971182,37.202274322509766
concrete_strength,7,98,36.64144800259517,37.65518569946289
concrete_strength,7,99,39.36220103043776,37.45917510986328
concrete_strength,7,100,38.01833923046406,37.26629638671875
concrete_strength,7,101,37.300369482774,37.324642181396484
concrete_strength,7,102,37.42174427325909,37.185203552246094
concrete_strength,7,103,37.01914912003737,37.11461639404297
concrete_strength,7,104,41.98049310537485,37.35945129394531
concrete_strength,7,105,37.05358189802904,37.28682327270508
concrete_strength,7,106,36.59437157557561,37.18326950073242
concrete_strength,7,107,36.37776204255911,37.387516021728516
concrete_strength,7,108,37.75020848787748,37.30494689941406
concrete_strength,7,109,38.725160305316635,37.30889892578125
concrete_strength,7,110,36.56476028148945,36.76374816894531
concrete_strength,7,111,39.10863421513484,37.37340545654297
concrete_strength,7,112,37.85005562122051,37.32878875732422
concrete_strength,7,113,37.910324756915756,37.52658462524414
concrete_strength,7,114,43.12557015052209,37.24187088012695
concrete_strength,7,115,36.943833131056564,37.25899124145508
concrete_strength,7,116,37.79894271263709,36.886253356933594
concrete_strength,7,117,37.325466229365425,36.830345153808594
concrete_strength,7,118,36.158323801480805,37.2091178894043
concrete_strength,7,119,38.43136897453895,37.21511459350586
concrete_strength,7,120,36.74664776141827,37.24439239501953
concrete_strength,7,121,36.77353220719557,37.24197769165039
concrete_strength,7,122,40.5883568250216,36.91377639770508
concrete_strength,7,123,36.51964026231032,36.925960540771484
concrete_strength,7,124,41.688220684344955,37.14515686035156
concrete_strength,7,125,37.51636556478647,36.652950286865234
concrete_strength,7,126,37.40183316744291,37.34029006958008
concrete_strength,7,127,36.238905283120964,37.10432052612305
concrete_strength,7,128,37.51685722057636,36.8045768737793
concrete_strength,7,129,37.590094382946305,37.36109161376953
concrete_strength,7,130,37.44911788060115,37.293514251708984
concrete_strength,7,131,37.598766620342545,36.96986770629883
concrete_strength,7,132,36.9290986427894,37.251956939697266
concrete_strength,7,133,36.610206604003906,36.79225158691406
concrete_strength,7,134,36.73098145998441,36.83295822143555
concrete_strength,7,135,41.02337147639348,36.72620391845703
concrete_strength,7,136,37.66408978975736,37.12610626220703
concrete_strength,7,137,36.35816816183237,37.28647994995117
concrete_strength,7,138,40.92066654792199,36.87437438964844
concrete_strength,7,139,38.427286881666916,37.10338592529297
concrete_strength,7,140,37.33208729670598,37.11945343017578
concrete_strength,7,141,37.4912633895874,36.55788040161133
concrete_strength,7,142,36.456750282874474,37.44668960571289
concrete_strength,7,143,36.64039399073674,36.79389953613281
concrete_strength,7,144,36.06567870653593,37.04250717163086
concrete_strength,7,145,38.19255366692176,36.73080825805664
concrete_strength,7,146,36.180786059452934,36.839576721191406
concrete_strength,7,147,37.77649211883545,36.64307403564453
concrete_strength,7,148,35.79498731173002,36.57290267944336
concrete_strength,7,149,36.40073629525992,36.538597106933594
concrete_strength,7,150,35.6639267206192,36.87269592285156
concrete_strength,7,151,36.130912634042595,36.362953186035156
concrete_strength,7,152,37.694396679218,36.335693359375
concrete_strength,7,153,37.190445753244255,36.55556869506836
concrete_strength,7,154,36.71010068746713,37.128849029541016
concrete_strength,7,155,36.78096000964825,36.70185089111328
concrete_strength,7,156,36.53565861628606,36.641517639160156
concrete_strength,7,157,35.821673388664536,36.4981689453125
concrete_strength,7,158,35.541721655772285,36.50112533569336
concrete_strength,7,159,37.44750059567965,36.68403625488281
concrete_strength,7,160,35.637875942083504,36.29764938354492
concrete_strength,7,161,36.14894830263578,36.70541763305664
concrete_strength,7,162,37.298131502591644,36.26679611206055
concrete_strength,7,163,35.90583544511061,36.94570541381836
concrete_strength,7,164,38.22139776670016,36.66712951660156
concrete_strength,7,165,37.477617043715256,37.119293212890625
concrete_strength,7,166,36.174334232623764,36.56754684448242
concrete_strength,7,167,36.52588748931885,36.98047637939453
concrete_strength,7,168,37.79171525515043,36.24106979370117
concrete_strength,7,169,36.32544473501352,36.11920928955078
concrete_strength,7,170,39.279167028573845,36.55096435546875
concrete_strength,7,171,35.70850467681885,35.94533920288086
concrete_strength,7,172,35.60946009709285,36.2450065612793
concrete_strength,7,173,37.38751176687387,36.306671142578125
concrete_strength,7,174,36.09199292843159,36.845943450927734
concrete_strength,7,175,37.02686485877404,36.13302230834961
concrete_strength,7,176,41.765198927659256,35.68974304199219
concrete_strength,7,177,36.70087308150072,36.272037506103516
concrete_strength,7,178,35.39917924770942,36.178245544433594
concrete_strength,7,179,38.27644069378193,35.98398971557617
concrete_strength,7,180,36.39455567873441,36.32820510864258
concrete_strength,7,181,38.87657730395977,35.971431732177734
concrete_strength,7,182,35.988938294924225,35.8251953125
concrete_strength,7,183,35.73867049584022,35.8736686706543
concrete_strength,7,184,35.93423806704008,36.073299407958984
concrete_strength,7,185,37.53662813626803,35.86105728149414
concrete_strength,7,186,41.089076629051796,35.686073303222656
concrete_strength,7,187,36.58251872429481,35.78168869018555
concrete_strength,7,188,40.131827501150276,35.6209831237793
concrete_strength,7,189,36.082885815547066,35.444881439208984
concrete_strength,7,190,35.24106564888587,35.77027893066406
concrete_strength,7,191,35.660240136660065,35.82491683959961
concrete_strength,7,192,36.51073499826285,35.52867889404297
concrete_strength,7,193,35.790046838613655,35.657142639160156
concrete_strength,7,194,38.91890048980713,35.706634521484375
concrete_strength,7,195,36.27555869175838,35.89195251464844
concrete_strength,7,196,35.158148728884186,35.57737731933594
concrete_strength,7,197,35.74598198670607,35.5277099609375
concrete_strength,7,198,35.27264923315782,35.58034133911133
concrete_strength,7,199,35.924003454355095,35.68130111694336
concrete_strength,7,200,35.69017681708703,35.40132522583008
concrete_strength,7,201,36.94642243018517,35.57898712158203
concrete_strength,7,202,36.455567359924316,35.26721954345703
concrete_strength,7,203,35.49799985152025,35.634342193603516
concrete_strength,7,204,37.94032426980826,35.357269287109375
concrete_strength,7,205,35.46775142963116,35.605045318603516
concrete_strength,7,206,35.84382812793438,35.62622833251953
concrete_strength,7,207,35.82166444338285,35.33139419555664
concrete_strength,7,208,35.98293495178223,35.1631965637207
concrete_strength,7,209,36.039395552415115,35.53557586669922
concrete_strength,7,210,35.67577706850492,35.14430236816406
concrete_strength,7,211,35.4009832235483,35.2881965637207
concrete_strength,7,212,37.07729405623216,35.039039611816406
concrete_strength,7,213,35.746167989877556,35.5128059387207
concrete_strength,7,214,35.93076889331524,35.202392578125
concrete_strength,7,215,36.14427621547993,34.977020263671875
concrete_strength,7,216,35.59571794363168,35.01325225830078
concrete_strength,7,217,35.69146974270161,35.111785888671875
concrete_strength,7,218,35.21343972132756,34.56368637084961
concrete_strength,7,219,35.423729786506065,35.32003402709961
concrete_strength,7,220,35.265948919149544,34.96233367919922
concrete_strength,7,221,35.19584648425762,34.7798957824707
concrete_strength,7,222,35.82531393491305,34.964107513427734
concrete_strength,7,223,39.884411371671234,34.80624008178711
concrete_strength,7,224,36.04813230954684,35.186519622802734
concrete_strength,7,225,36.86846241584191,35.17697525024414
concrete_strength,7,226,37.089767235976,34.989681243896484
concrete_strength,7,227,35.79236390040471,35.31690979003906
concrete_strength,7,228,35.278051559741684,34.853031158447266
concrete_strength,7,229,34.867125071012055,34.89937210083008
concrete_strength,7,230,35.91070340229915,35.140995025634766
concrete_strength,7,231,35.24728576953594,35.46315002441406
concrete_strength,7,232,35.27793854933519,34.80825424194336
concrete_strength,7,233,35.866764508760895,34.80751037597656
concrete_strength,7,234,35.10774733470036,35.2291259765625
concrete_strength,7,235,34.782614322809074,34.77802658081055
concrete_strength,7,236,36.10798153510461,34.77631378173828
concrete_strength,7,237,35.22164146716778,34.499088287353516
concrete_strength,7,238,34.82861850811885,34.59907150268555
concrete_strength,7,239,35.95919587061955,34.91246032714844
concrete_strength,7,240,36.41052297445444,34.78709411621094
concrete_strength,7,241,36.67181836641752,35.04390335083008
concrete_strength,7,242,35.11429588611309,34.67700958251953
concrete_strength,7,243,35.04041110552274,34.82579803466797
concrete_strength,7,244,35.60192658351018,34.719261169433594
concrete_strength,7,245,36.24107903700609,34.74786376953125
concrete_strength,7,246,36.12795404287485,35.07354736328125
concrete_strength,7,247,35.041295565091644,34.88129425048828
concrete_strength,7,248,35.57589340209961,35.13153076171875
concrete_strength,7,249,35.39776919438289,34.7520751953125
concrete_strength,7,250,35.89677363175612,34.5468635559082
concrete_strength,7,251,39.29141007936918,34.663978576660156
concrete_strength,7,252,37.51502367166373,34.18965148925781
concrete_strength,7,253,35.13423292453472,34.992759704589844
concrete_strength,7,254,35.62805395859938,34.820579528808594
concrete_strength,7,255,35.30298335735615,34.332664489746094
concrete_strength,7,256,38.450520515441895,34.54220962524414
concrete_strength,7,257,37.117423644432655,34.667293548583984
concrete_strength,7,258,36.33097289158748,34.51053237915039
concrete_strength,7,259,35.249708102299614,34.7913932800293
concrete_strength,7,260,35.02426473910992,34.62946319580078
concrete_strength,7,261,35.810571707212006,34.60699462890625
concrete_strength,7,262,36.15599478208102,34.610904693603516
concrete_strength,7,263,35.26676625471849,34.439491271972656
concrete_strength,7,264,38.04013354961689,34.310081481933594
concrete_strength,7,265,35.512562605050896,34.53285598754883
concrete_strength,7,266,35.0258605663593,34.73097229003906
concrete_strength,7,267,34.90363231072059,34.28889846801758
concrete_strength,7,268,36.46619745401236,34.357242584228516
concrete_strength,7,269,35.26411437988281,34.4168701171875
concrete_strength,7,270,37.62004096691425,34.2354736328125
concrete_strength,7,271,34.73656393931462,34.3642463684082
concrete_strength,7,272,34.716544298025276,34.470733642578125
concrete_strength,7,273,35.807740504925064,34.46334457397461
concrete_strength,7,274,35.96719771165114,34.27949142456055
concrete_strength,7,275,35.12210508493277,34.04924011230469
concrete_strength,7,276,34.86313181657057,34.645748138427734
concrete_strength,7,277,34.60754891542288,34.407737731933594
concrete_strength,7,278,35.174462685218224,34.36798858642578
concrete_strength,7,279,34.99036524846004,34.7896842956543
concrete_strength,7,280,36.17187844789945,34.380409240722656
concrete_strength,7,281,35.8671900675847,34.81550979614258
concrete_strength,7,282,35.47153439888587,34.56507873535156
concrete_strength,7,283,34.999293694129356,34.817447662353516
concrete_strength,7,284,35.19211527017447,34.63639450073242
concrete_strength,7,285,34.53453852580144,34.163780212402344
concrete_strength,7,286,34.96249903165377,34.3599739074707
concrete_strength,7,287,35.4945032779987,34.31554412841797
concrete_strength,7,288,34.59972249544584,34.11505126953125
concrete_strength,7,289,34.81243680073665,34.319419860839844
concrete_strength,7,290,35.8982268846952,34.2519645690918
concrete_strength,7,291,36.98517549954928,34.50137710571289
concrete_strength,7,292,35.298122039208046,33.98063278198242
concrete_strength,7,293,35.33497759012076,34.102256774902344
concrete_strength,7,294,34.86633806962233,34.63340759277344
concrete_strength,7,295,34.400708684554466,34.37581253051758
concrete_strength,7,296,34.37924639995281,34.20918655395508
concrete_strength,7,297,37.34660896888146,34.51352310180664
concrete_strength,7,298,34.97682938208947,34.14237976074219
concrete_strength,7,299,34.94072752732497,34.36475372314453
concrete_strength,7,300,41.50980593607976,34.162071228027344
concrete_strength,7,301,37.10879700000469,34.33132553100586
concrete_strength,7,302,36.485809326171875,34.073307037353516
concrete_strength,7,303,38.48436817756066,34.247901916503906
concrete_strength,7,304,35.74895939460168,34.00115203857422
concrete_strength,7,305,35.614521320049576,33.84730529785156
concrete_strength,7,306,35.312071286714996,34.42633819580078
concrete_strength,7,307,34.589144926804764,34.08209991455078
concrete_strength,7,308,34.58157957517184,34.20451736450195
concrete_strength,7,309,35.89800291794997,34.28404998779297
concrete_strength,7,310,35.32062244415283,34.27732467651367
concrete_strength,7,311,36.77228509462797,34.42877960205078
concrete_strength,7,312,36.01186268146221,34.02610397338867
concrete_strength,7,313,37.13135132422814,34.32328414916992
concrete_strength,7,314,35.44895392197829,34.476295471191406
concrete_strength,7,315,36.61898972437932,34.45709991455078
concrete_strength,7,316,35.82265083606426,34.186580657958984
concrete_strength,7,317,34.621530092679535,34.751014709472656
concrete_strength,7,318,34.5581924365117,34.46306228637695
concrete_strength,7,319,36.00512225811298,34.001922607421875
concrete_strength,7,320,34.90629687676063,33.93490219116211
concrete_strength,7,321,35.59387914951031,34.45509338378906
concrete_strength,7,322,35.366325451777534,34.41632080078125
concrete_strength,7,323,37.2100191116333,34.28240966796875
concrete_strength,7,324,35.0897835951585,34.35097885131836
concrete_strength,7,325,34.83149616534893,34.21089553833008
concrete_strength,7,326,34.45447228505061,34.19950866699219
concrete_strength,7,327,34.33460721602807,34.120445251464844
concrete_strength,7,328,34.07635388007531,34.14218521118164
concrete_strength,7,329,35.54480149195744,34.5213623046875
concrete_strength,7,330,35.96106059734638,34.58807373046875
concrete_strength,7,331,35.440623430105354,34.224525451660156
concrete_strength,7,332,35.292687269357536,34.176727294921875
concrete_strength,7,333,34.1874863918011,34.06434631347656
concrete_strength,7,334,35.00696262946496,34.06242370605469
concrete_strength,7,335,35.88143510084886,34.20912551879883
concrete_strength,7,336,34.8547881933359,34.3051643371582
concrete_strength,7,337,35.15252469136165,34.25007247924805
concrete_strength,7,338,34.93159991044264,34.00575637817383
concrete_strength,7,339,35.68958509885348,33.78018569946289
concrete_strength,7,340,35.08935957688551,33.8314323425293
concrete_strength,7,341,34.711913915780876,34.27556610107422
concrete_strength,7,342,35.19957131605882,34.10786056518555
concrete_strength,7,343,34.347463626127976,34.26182174682617
concrete_strength,7,344,35.10607051849365,34.23612976074219
concrete_strength,7,345,34.33281894830557,34.20376968383789
concrete_strength,7,346,34.75882941025954,34.10773468017578
concrete_strength,7,347,34.76043719511766,34.0740852355957
concrete_strength,7,348,34.55934693263127,34.398223876953125
concrete_strength,7,349,34.55332147158109,33.797027587890625
concrete_strength,7,350,34.4092398423415,34.03947448730469
concrete_strength,7,351,35.19022611471323,33.92348861694336
concrete_strength,7,352,34.261193202092095,33.94502258300781
concrete_strength,7,353,34.97888975877028,34.08724594116211
concrete_strength,7,354,34.526213334156914,34.16633224487305
concrete_strength,7,355,40.88709178337684,34.42702102661133
concrete_strength,7,356,35.83854719308707,33.98361587524414
concrete_strength,7,357,34.79299105130709,34.19395065307617
concrete_strength,7,358,35.026709483220024,34.109283447265625
concrete_strength,7,359,35.831328025230995,33.96779251098633
concrete_strength,7,360,35.30643338423509,33.88613510131836
concrete_strength,7,361,37.117774083064155,34.03766632080078
concrete_strength,7,362,34.59736266502967,33.732398986816406
concrete_strength,7,363,35.71597348726713,34.06257629394531
concrete_strength,7,364,34.85183048248291,33.95330810546875
concrete_strength,7,365,35.48972525963416,33.94447326660156
concrete_strength,7,366,34.32440185546875,34.1274299621582
concrete_strength,7,367,34.505260724287766,33.956539154052734
concrete_strength,7,368,34.4415058356065,34.130332946777344
concrete_strength,7,369,35.624956791217514,33.86082458496094
concrete_strength,7,370,36.60039644974928,33.61544418334961
concrete_strength,7,371,35.123725377596344,34.15200424194336
concrete_strength,7,372,34.87705678206224,33.77439880371094
concrete_strength,7,373,34.41700821656447,34.05085372924805
concrete_strength,7,374,34.09903012789213,34.07543182373047
concrete_strength,7,375,34.74018294994648,33.842166900634766
concrete_strength,7,376,34.513520387502815,33.93968200683594
concrete_strength,7,377,36.91494112748366,34.0457878112793
concrete_strength,7,378,34.249112569368805,33.94826126098633
concrete_strength,7,379,34.421402564415565,34.139060974121094
concrete_strength,7,380,34.53365355271559,33.799224853515625
concrete_strength,7,381,34.92012155972994,34.152793884277344
concrete_strength,7,382,36.57040111835186,34.15916442871094
concrete_strength,7,383,35.32948332566481,33.72270584106445
concrete_strength,7,384,35.12355070847731,34.01786422729492
concrete_strength,7,385,37.76952640826885,34.2454833984375
concrete_strength,7,386,35.602327640240006,33.9662971496582
concrete_strength,7,387,37.31794173900898,34.00358581542969
concrete_strength,7,388,35.117554297814,33.96269226074219
concrete_strength,7,389,35.591097611647385,33.81455993652344
concrete_strength,7,390,34.614010077256424,33.96164321899414
concrete_strength,7,391,34.679165620070236,34.14533996582031
concrete_strength,7,392,34.72967705359826,33.65135192871094
concrete_strength,7,393,35.54325096423809,33.881900787353516
concrete_strength,7,394,35.32756834763747,34.04206085205078
concrete_strength,7,395,34.29810186532828,33.93636703491211
concrete_strength,7,396,34.17994457024794,33.75363540649414
concrete_strength,7,397,34.5437871492826,34.13029479980469
concrete_strength,7,398,34.56209732935979,33.52045822143555
concrete_strength,7,399,34.64013253725492,33.72275924682617
concrete_strength,7,400,34.55019041208121,33.80414962768555
concrete_strength,7,401,35.68471207985511,33.929771423339844
concrete_strength,7,402,34.01466719920818,34.05149459838867
concrete_strength,7,403,34.689593865321235,33.62229919433594
concrete_strength,7,404,34.402408379774826,33.52507400512695
concrete_strength,7,405,34.41104114972628,33.885841369628906
concrete_strength,7,406,34.797401941739594,33.646339416503906
concrete_strength,7,407,34.61908699915959,34.049224853515625
concrete_strength,7,408,34.39800394498385,33.709842681884766
concrete_strength,7,409,33.98264966561244,33.71346664428711
concrete_strength,7,410,35.17482023972731,33.725379943847656
concrete_strength,7,411,34.84291480137752,33.99161148071289
concrete_strength,7,412,34.63097421939556,33.7783088684082
concrete_strength,7,413,33.94280780278719,33.89433670043945
concrete_strength,7,414,34.06056747069726,33.692787170410156
concrete_strength,7,415,34.05677342414856,33.53308868408203
concrete_strength,7,416,36.042074130131645,33.85423278808594
concrete_strength,7,417,36.18832514836238,33.84810256958008
concrete_strength,7,418,34.32481817098764,33.93146896362305
concrete_strength,7,419,35.059298735398514,33.79458999633789
concrete_strength,7,420,34.5742193368765,33.8160514831543
concrete_strength,7,421,34.767357899592476,33.51748275756836
concrete_strength,7,422,34.93739392207219,33.58388900756836
concrete_strength,7,423,34.63138162172758,34.107479095458984
concrete_strength,7,424,34.80321913499098,33.45913314819336
concrete_strength,7,425,34.41187157997718,33.4250373840332
concrete_strength,7,426,33.7466021501101,33.78006362915039
concrete_strength,7,427,34.333488207597,33.641578674316406
concrete_strength,7,428,34.55287243769719,33.773990631103516
concrete_strength,7,429,35.068084276639496,33.692832946777344
concrete_strength,7,430,34.14419177862314,33.624961853027344
concrete_strength,7,431,34.659806324885444,33.507755279541016
concrete_strength,7,432,34.555962782639725,33.72842025756836
concrete_strength,7,433,34.08745211821336,33.600128173828125
concrete_strength,7,434,38.60911295964168,33.457176208496094
concrete_strength,7,435,34.298259038191574,33.78858947753906
concrete_strength,7,436,34.852552340580864,33.644996643066406
concrete_strength,7,437,34.997140590961166,33.596805572509766
concrete_strength,7,438,34.57780962723952,33.65528869628906
concrete_strength,7,439,35.157121218167816,33.57319641113281
concrete_strength,7,440,34.2936713878925,33.67856216430664
concrete_strength,7,441,35.14014926323524,33.50838851928711
concrete_strength,7,442,34.04406470518846,33.56015396118164
concrete_strength,7,443,34.5185515330388,33.366607666015625
concrete_strength,7,444,36.91181623018705,33.36199188232422
concrete_strength,7,445,34.40308629549467,33.44630432128906
concrete_strength,7,446,34.96448751596304,33.31562805175781
concrete_strength,7,447,35.147227213932915,33.74341583251953
concrete_strength,7,448,34.55916910905104,33.172847747802734
concrete_strength,7,449,38.198076688326324,33.356536865234375
concrete_strength,7,450,34.77256004626934,33.351253509521484
concrete_strength,7,451,34.020214814406174,33.112327575683594
concrete_strength,7,452,34.91780904623178,33.354488372802734
concrete_strength,7,453,35.090705798222466,33.400081634521484
concrete_strength,7,454,34.70510585491474,33.366119384765625
concrete_strength,7,455,34.76088861318735,33.02997589111328
concrete_strength,7,456,34.487392498896675,33.33762741088867
concrete_strength,7,457,34.64422167264498,33.64828872680664
concrete_strength,7,458,34.54577060846182,33.621463775634766
concrete_strength,7,459,34.20236607698294,33.26682662963867
concrete_strength,7,460,34.940209755530724,33.383113861083984
concrete_strength,7,461,35.714077729445236,33.44102096557617
concrete_strength,7,462,34.17171243520883,33.27107238769531
concrete_strength,7,463,34.362368033482475,33.526222229003906
concrete_strength,7,464,35.37118306526771,33.178531646728516
concrete_strength,7,465,34.76888873026921,33.37622833251953
concrete_strength,7,466,39.38192514272836,33.36585235595703
concrete_strength,7,467,36.72524070739746,33.345420837402344
concrete_strength,7,468,34.61559273646428,33.53019332885742
concrete_strength,7,469,36.55376456334041,33.33334732055664
concrete_strength,7,470,34.22743254441481,33.58055877685547
concrete_strength,7,471,34.9253127024724,33.68760299682617
concrete_strength,7,472,34.29067516326904,33.21335220336914
concrete_strength,7,473,34.78990958287166,33.39744186401367
concrete_strength,7,474,34.90807687319242,33.409000396728516
concrete_strength,7,475,35.728450775146484,33.30522155761719
concrete_strength,7,476,35.44880023369422,32.9009895324707
concrete_strength,7,477,34.016121039023766,33.22608947753906
concrete_strength,7,478,34.05770342166607,33.21554946899414
concrete_strength,7,479,34.46860826932467,33.21373748779297
concrete_strength,7,480,35.531070525829605,33.46604537963867
concrete_strength,7,481,35.18495090191181,33.29787826538086
concrete_strength,7,482,34.475947673504166,33.227256774902344
concrete_strength,7,483,35.23591709136963,33.13316345214844
concrete_strength,7,484,34.74176810337947,33.128334045410156
concrete_strength,7,485,34.28324846120981,33.75176239013672
concrete_strength,7,486,33.80393472084632,33.346248626708984
concrete_strength,7,487,36.13966376964863,33.51313400268555
concrete_strength,7,488,36.667644647451546,33.567771911621094
concrete_strength,7,489,34.56130904417772,33.166015625
concrete_strength,7,490,34.55192191784199,33.3978271484375
concrete_strength,7,491,35.508611532358024,33.202083587646484
concrete_strength,7,492,35.97961535820594,33.15938949584961
concrete_strength,7,493,34.28088224851168,33.14226150512695
concrete_strength,7,494,34.97906142014723,33.372886657714844
concrete_strength,7,495,34.028402658609245,33.43598556518555
concrete_strength,7,496,37.84294781318078,33.49098205566406
concrete_strength,7,497,34.08948190395649,33.2393684387207
concrete_strength,7,498,34.67890372643104,33.4649658203125
concrete_strength,7,499,36.38104167351356,32.98783874511719
concrete_strength,7,500,39.27105280069205,33.337345123291016
concrete_strength,7,501,34.377777319688064,33.091270446777344
concrete_strength,7,502,37.8474487891564,33.225215911865234
concrete_strength,7,503,34.17596541918241,33.22447204589844
concrete_strength,7,504,34.23287916183472,33.230987548828125
concrete_strength,7,505,36.33653890169584,33.210933685302734
concrete_strength,7,506,34.970482679513786,33.76683807373047
concrete_strength,7,507,34.09274867864755,33.53480911254883
concrete_strength,7,508,33.97999484722431,33.297733306884766
concrete_strength,7,509,34.41225238946768,33.24117660522461
concrete_strength,7,510,35.78386306762695,33.62282180786133
concrete_strength,7,511,34.29825782775879,33.46597671508789
concrete_strength,7,512,34.98069675152119,33.26431655883789
concrete_strength,7,513,35.65576105851393,33.27070617675781
concrete_strength,7,514,36.62956692622258,33.33280944824219
concrete_strength,7,515,34.56256283246554,33.19187927246094
concrete_strength,7,516,34.87870612511268,33.09389877319336
concrete_strength,7,517,35.09099593529334,33.33127975463867
concrete_strength,7,518,34.175752309652474,33.88641357421875
concrete_strength,7,519,34.98770170945387,33.30934524536133
concrete_strength,7,520,35.406300618098335,33.300331115722656
concrete_strength,7,521,34.9987595631526,33.2247200012207
concrete_strength,7,522,34.316730132469765,33.227542877197266
concrete_strength,7,523,35.96144683544453,33.182151794433594
concrete_strength,7,524,34.83809577501737,32.82135772705078
concrete_strength,7,525,34.18442197946402,33.094181060791016
concrete_strength,7,526,34.16374228550838,33.25153350830078
concrete_strength,7,527,34.91458291273851,33.18190383911133
concrete_strength,7,528,35.16230377784142,33.34547805786133
concrete_strength,7,529,35.259549361008865,33.429622650146484
concrete_strength,7,530,33.93479934105506,33.49972152709961
concrete_strength,7,531,34.108661284813515,33.401580810546875
concrete_strength,7,532,35.26502616588886,33.24806594848633
concrete_strength,7,533,33.92126747278067,33.08128356933594
concrete_strength,7,534,34.68162595308744,33.38007354736328
concrete_strength,7,535,34.79117749287532,32.951412200927734
concrete_strength,7,536,35.0294169646043,33.14943313598633
concrete_strength,7,537,34.12876594983614,32.816368103027344
concrete_strength,7,538,34.81991327725924,33.08510971069336
concrete_strength,7,539,35.0337211902325,33.50904083251953
concrete_strength,7,540,34.508274665245644,33.15693664550781
concrete_strength,7,541,34.13826652673575,33.30616760253906
concrete_strength,7,542,34.91284245711107,33.21848678588867
concrete_strength,7,543,35.144351959228516,33.28655242919922
concrete_strength,7,544,35.59565932934101,33.180747985839844
concrete_strength,7,545,34.08802340580867,33.272525787353516
concrete_strength,7,546,34.02228201352633,33.06614303588867
concrete_strength,7,547,34.20103278526893,33.095558166503906
concrete_strength,7,548,35.45955775334285,32.91551208496094
concrete_strength,7,549,35.14496575869047,33.42351531982422
concrete_strength,7,550,37.17352727743295,33.2665901184082
concrete_strength,7,551,34.256459162785454,33.15100860595703
concrete_strength,7,552,37.388316081120415,33.14778137207031
concrete_strength,7,553,35.40082990206205,33.44124221801758
concrete_strength,7,554,34.41426291832557,32.921974182128906
concrete_strength,7,555,33.7413026369535,33.14920425415039
concrete_strength,7,556,34.081008250896744,33.253074645996094
concrete_strength,7,557,34.80944956265963,33.063995361328125
concrete_strength,7,558,34.03084171735323,33.12636947631836
concrete_strength,7,559,35.518338863666244,33.04197692871094
concrete_strength,7,560,35.447364000173714,33.49636459350586
concrete_strength,7,561,35.65654358497033,33.319664001464844
concrete_strength,7,562,34.72357595883883,33.162147521972656
concrete_strength,7,563,34.093741563650276,33.10853576660156
concrete_strength,7,564,33.635716933470505,33.04829788208008
concrete_strength,7,565,34.21460144336407,32.98604965209961
concrete_strength,7,566,34.392155353839584,33.121585845947266
concrete_strength,7,567,34.61289603893574,33.5576057434082
concrete_strength,7,568,34.768744908846344,33.06421661376953
concrete_strength,7,569,35.350816653325005,33.045310974121094
concrete_strength,7,570,35.41234588623047,33.13977813720703
concrete_strength,7,571,34.01771424366878,32.94359588623047
concrete_strength,7,572,35.40673285264235,32.862220764160156
concrete_strength,7,573,33.7508728320782,33.3693733215332
concrete_strength,7,574,34.20429853292612,33.2213249206543
concrete_strength,7,575,35.93522328596849,33.28803634643555
concrete_strength,7,576,34.90656302525447,33.61885070800781
concrete_strength,7,577,34.19790304624117,33.26980972290039
concrete_strength,7,578,33.57846887295063,33.28005599975586
concrete_strength,7,579,35.11708450317383,33.19158172607422
concrete_strength,7,580,34.25915373288668,33.28188705444336
concrete_strength,7,581,34.819911810067985,33.015193939208984
concrete_strength,7,582,34.27200082632211,33.14963912963867
concrete_strength,7,583,34.03496287419246,33.40419387817383
concrete_strength,7,584,34.280089158278244,32.8094482421875
concrete_strength,7,585,34.76416250375601,33.17571258544922
concrete_strength,7,586,34.91720353640043,33.43284225463867
concrete_strength,7,587,35.875063969538765,33.128883361816406
concrete_strength,7,588,35.43015766143799,32.77733612060547
concrete_strength,7,589,34.614076320941635,33.34169387817383
concrete_strength,7,590,35.251378719623276,33.25281524658203
concrete_strength,7,591,39.42947020897498,33.1873664855957
concrete_strength,7,592,34.486474403968224,32.87288284301758
concrete_strength,7,593,35.008218178382286,33.16421890258789
concrete_strength,7,594,33.85851610623873,33.18746566772461
concrete_strength,7,595,34.243356411273666,33.1214599609375
concrete_strength,7,596,34.252313100374664,32.750572204589844
concrete_strength,7,597,35.45704570183387,32.964962005615234
concrete_strength,7,598,34.08438865955059,33.25365447998047
concrete_strength,7,599,38.39209138430082,32.7734489440918
concrete_strength,7,600,34.76285384251521,32.81039047241211
concrete_strength,7,601,37.991769350492035,33.16439437866211
concrete_strength,7,602,34.54110050201416,33.241119384765625
concrete_strength,7,603,34.328010045565094,33.11387252807617
concrete_strength,7,604,34.25743029667781,33.25394821166992
concrete_strength,7,605,34.837588236882134,32.8294677734375
concrete_strength,7,606,34.556466762836166,33.014915466308594
concrete_strength,7,607,34.09595342782828,32.72071838378906
concrete_strength,7,608,36.85481335566594,32.746219635009766
concrete_strength,7,609,33.73873184277461,33.26889419555664
concrete_strength,7,610,35.128752341637245,33.04816818237305
concrete_strength,7,611,34.751087775597206,32.733646392822266
concrete_strength,7,612,34.021683362814095,32.92792892456055
concrete_strength,7,613,34.15368065467248,32.943973541259766
concrete_strength,7,614,34.339426040649414,33.00577926635742
concrete_strength,7,615,38.64949064988356,33.20464324951172
concrete_strength,7,616,33.72005301255446,32.821048736572266
concrete_strength,7,617,33.92657782481267,32.9654541015625
concrete_strength,7,618,34.69401836395264,32.819580078125
concrete_strength,7,619,35.16415456625131,33.00487518310547
concrete_strength,7,620,33.94118375044603,33.26911163330078
concrete_strength,7,621,33.94473450000469,32.94609832763672
concrete_strength,7,622,34.903158334585335,32.72386169433594
concrete_strength,7,623,33.90008849364061,33.03445053100586
concrete_strength,7,624,33.42036603047298,32.81522750854492
concrete_strength,7,625,37.10195306631235,32.8525276184082
concrete_strength,7,626,35.087594325725846,32.907432556152344
concrete_strength,7,627,35.69614373720609,33.001678466796875
concrete_strength,7,628,34.54500330411471,33.14266586303711
concrete_strength,7,629,35.42480879563551,32.880027770996094
concrete_strength,7,630,35.97546570117657,33.38550567626953
concrete_strength,7,631,33.93573034726656,33.06565856933594
concrete_strength,7,632,34.542582328502945,32.92140197753906
concrete_strength,7,633,34.33845101870023,32.988182067871094
concrete_strength,7,634,34.64488631028395,33.02003479003906
concrete_strength,7,635,35.58011216383714,33.06306838989258
concrete_strength,7,636,34.441067695617676,33.276580810546875
concrete_strength,7,637,34.71761377041157,32.78444290161133
concrete_strength,7,638,33.98740262251634,32.95338821411133
concrete_strength,7,639,35.43467330932617,32.95991516113281
concrete_strength,7,640,36.11785235771766,32.88705825805664
concrete_strength,7,641,34.41248714006864,33.19340896606445
concrete_strength,7,642,34.00935341761662,32.96940994262695
concrete_strength,7,643,33.556189170250526,32.968658447265625
concrete_strength,7,644,37.01123949197623,32.790103912353516
concrete_strength,7,645,33.954150493328385,32.55070495605469
concrete_strength,7,646,33.68000918168288,32.95917892456055
concrete_strength,7,647,35.19572023245004,33.00957489013672
concrete_strength,7,648,33.58039170045119,33.36902618408203
concrete_strength,7,649,34.139396300682655,32.84579849243164
concrete_strength,7,650,34.1266287290133,32.942909240722656
concrete_strength,7,651,34.8499509371244,33.15306091308594
concrete_strength,7,652,34.057378402123085,32.86815643310547
concrete_strength,7,653,34.63304747067965,32.92262268066406
concrete_strength,7,654,33.76399340996375,32.741355895996094
concrete_strength,7,655,33.6434211730957,33.02103042602539
concrete_strength,7,656,36.359760797940766,32.830718994140625
concrete_strength,7,657,34.09324726691613,32.8754768371582
concrete_strength,7,658,34.26083872868465,32.756649017333984
concrete_strength,7,659,33.94251031142015,32.76215744018555
concrete_strength,7,660,33.92047867408166,32.88740921020508
concrete_strength,7,661,34.231881398421066,32.91495132446289
concrete_strength,7,662,34.88520152752216,32.58894348144531
concrete_strength,7,663,34.4439200254587,33.191619873046875
concrete_strength,7,664,36.40394885723408,32.734886169433594
concrete_strength,7,665,34.65459852952223,33.31717300415039
concrete_strength,7,666,33.54467406639686,33.131805419921875
concrete_strength,7,667,33.72365706700545,33.528282165527344
concrete_strength,7,668,33.84181301410381,33.196815490722656
concrete_strength,7,669,34.41964112795316,32.945106506347656
concrete_strength,7,670,35.376297840705284,33.1531867980957
concrete_strength,7,671,34.0494923224816,32.96929931640625
concrete_strength,7,672,35.24496298569899,33.21834182739258
concrete_strength,7,673,34.02079402483427,32.70659255981445
concrete_strength,7,674,35.12970293485201,32.5972900390625
concrete_strength,7,675,35.720049124497635,32.74885177612305
concrete_strength,7,676,34.03790547297551,32.797428131103516
concrete_strength,7,677,34.51275854844313,32.67184829711914
concrete_strength,7,678,36.082247073833756,32.522972106933594
concrete_strength,7,679,34.27959192716158,32.57712173461914
concrete_strength,7,680,34.159986129173866,32.710487365722656
concrete_strength,7,681,33.79487191713773,32.668033599853516
concrete_strength,7,682,34.68439245223999,33.07410430908203
concrete_strength,7,683,33.76328182220459,32.64568328857422
concrete_strength,7,684,34.170512639559234,33.23593521118164
concrete_strength,7,685,35.03003545907828,32.78834915161133
concrete_strength,7,686,34.61261954674354,32.61985397338867
concrete_strength,7,687,33.92272505393395,32.897972106933594
concrete_strength,7,688,34.61587575765756,32.66806411743164
concrete_strength,7,689,34.22093593157255,32.90737533569336
concrete_strength,7,690,34.21195991222675,32.72312927246094
concrete_strength,7,691,34.838072116558365,32.79096603393555
concrete_strength,7,692,35.09826550116906,32.6827507019043
concrete_strength,7,693,33.89155996762789,32.729976654052734
concrete_strength,7,694,35.49642452826867,33.11442947387695
concrete_strength,7,695,35.96712460884681,32.473602294921875
concrete_strength,7,696,33.72417215200571,32.85904312133789
concrete_strength,7,697,33.98897071985098,32.82402420043945
concrete_strength,7,698,33.76808782724234,32.91168975830078
concrete_strength,7,699,33.828173857468826,32.84709930419922
concrete_strength,7,700,33.79714797093318,32.85063552856445
concrete_strength,7,701,34.65726184844971,32.721710205078125
concrete_strength,7,702,36.59297686356764,32.83608627319336
concrete_strength,7,703,33.80124049920302,32.81812286376953
concrete_strength,7,704,38.234150666456955,32.87782669067383
concrete_strength,7,705,33.65876770019531,32.85246658325195
concrete_strength,7,706,34.10492563247681,32.822662353515625
concrete_strength,7,707,34.24598591144268,32.64728927612305
concrete_strength,7,708,35.925888354961685,32.816246032714844
concrete_strength,7,709,34.66698184380164,32.677703857421875
concrete_strength,7,710,35.34300818810096,32.567012786865234
concrete_strength,7,711,34.85017351003793,32.56363296508789
concrete_strength,7,712,33.86340434734638,33.004905700683594
concrete_strength,7,713,35.00424135648287,32.535743713378906
concrete_strength,7,714,35.51632587726299,32.922401428222656
concrete_strength,7,715,33.724878806334274,32.64701843261719
concrete_strength,7,716,34.16760209890512,32.55521774291992
concrete_strength,7,717,33.77297511467567,32.42498016357422
concrete_strength,7,718,36.72959870558519,32.475921630859375
concrete_strength,7,719,34.18031142308162,32.509559631347656
concrete_strength,7,720,34.01654287484976,32.71207809448242
concrete_strength,7,721,34.00040017641508,32.522216796875
concrete_strength,7,722,33.58536995374239,32.580360412597656
concrete_strength,7,723,37.60776886573205,33.209957122802734
concrete_strength,7,724,33.91273894676795,32.81918716430664
concrete_strength,7,725,34.81980499854455,32.43452072143555
concrete_strength,7,726,34.31002704913799,33.03880310058594
concrete_strength,7,727,34.788599527799164,32.49091339111328
concrete_strength,7,728,34.817721073444076,32.349021911621094
concrete_strength,7,729,33.28302178016076,32.49641036987305
concrete_strength,7,730,34.06636575552133,32.50481033325195
concrete_strength,7,731,34.15838571695181,32.80442810058594
concrete_strength,7,732,33.473434099784264,32.77703857421875
concrete_strength,7,733,33.57755648172819,32.48173141479492
concrete_strength,7,734,35.45125675201416,32.67335510253906
concrete_strength,7,735,33.77341439173772,32.95463180541992
concrete_strength,7,736,33.507565571711616,32.40419387817383
concrete_strength,7,737,36.025064101585976,32.651329040527344
concrete_strength,7,738,35.38935991433951,32.40906524658203
concrete_strength,7,739,36.3977829859807,32.16666030883789
concrete_strength,7,740,34.59070917276236,32.324073791503906
concrete_strength,7,741,33.45319968003493,32.31599807739258
concrete_strength,7,742,34.14391877101018,32.32728576660156
concrete_strength,7,743,34.06482634177575,32.443851470947266
concrete_strength,7,744,34.54356288909912,32.63630676269531
concrete_strength,7,745,34.12062586270846,32.40953063964844
concrete_strength,7,746,33.61760205488939,32.1685676574707
concrete_strength,7,747,34.29606841160701,32.34623336791992
concrete_strength,7,748,37.99738990343534,32.45048141479492
concrete_strength,7,749,33.39446863761315,32.287593841552734
concrete_strength,7,750,34.88968343001146,31.99825668334961
concrete_strength,7,751,34.04730176925659,32.771827697753906
concrete_strength,7,752,35.76233673095703,32.61198043823242
concrete_strength,7,753,33.68424910765428,32.3775634765625
concrete_strength,7,754,36.225974743182846,32.34391784667969
concrete_strength,7,755,33.988285284775955,32.51537322998047
concrete_strength,7,756,33.920982360839844,32.480873107910156
concrete_strength,7,757,34.42893057603102,32.23139572143555
concrete_strength,7,758,33.812710541945236,32.4268798828125
concrete_strength,7,759,34.618413778451774,32.15933609008789
concrete_strength,7,760,33.78753478710468,32.402713775634766
concrete_strength,7,761,35.77087615086482,32.34477233886719
concrete_strength,7,762,34.01738511599027,32.632389068603516
concrete_strength,7,763,34.144654494065506,32.31235122680664
concrete_strength,7,764,35.23598230802096,32.4576530456543
concrete_strength,7,765,34.61633975689228,32.45876693725586
concrete_strength,7,766,34.30177827981802,32.552616119384766
concrete_strength,7,767,34.04035058388343,32.057342529296875
concrete_strength,7,768,34.571501365074745,32.95391845703125
concrete_strength,7,769,33.902682084303635,32.0457878112793
concrete_strength,7,770,33.34358207996075,32.22080993652344
concrete_strength,7,771,33.69492501478929,32.24831008911133
concrete_strength,7,772,33.24779690228976,32.148292541503906
concrete_strength,7,773,33.50644218004667,32.1978759765625
concrete_strength,7,774,34.175775454594536,32.41972732543945
concrete_strength,7,775,34.34466310647818,32.50047302246094
concrete_strength,7,776,34.53095722198486,32.21307373046875
concrete_strength,7,777,37.65139719156119,32.30763244628906
concrete_strength,7,778,35.51882024911734,32.20565414428711
concrete_strength,7,779,35.09996590247521,32.4318962097168
concrete_strength,7,780,33.296749114990234,32.02642059326172
concrete_strength,7,781,35.367519452021675,32.19211196899414
concrete_strength,7,782,33.344986310371986,32.31303787231445
concrete_strength,7,783,34.362100014319786,32.236183166503906
concrete_strength,7,784,34.46520915398231,32.201629638671875
concrete_strength,7,785,34.413460144629845,31.98906135559082
concrete_strength,7,786,33.698833612295296,32.33403778076172
concrete_strength,7,787,34.95415731576773,32.33258056640625
concrete_strength,7,788,33.3289832335252,32.5828857421875
concrete_strength,7,789,34.30766223027156,32.29299545288086
concrete_strength,7,790,33.54576191535363,32.57258987426758
concrete_strength,7,791,33.31869297761183,32.07780075073242
concrete_strength,7,792,33.145604665462784,31.905195236206055
concrete_strength,7,793,33.421943994668815,32.26435852050781
concrete_strength,7,794,35.96198125985953,31.95137596130371
concrete_strength,7,795,33.98605133936955,31.43124771118164
concrete_strength,7,796,34.053712111253006,31.794511795043945
concrete_strength,7,797,33.65145250467154,32.14893341064453
concrete_strength,7,798,36.30981768094576,32.00596618652344
concrete_strength,7,799,34.244139157808746,32.10331726074219
concrete_strength,7,800,34.147867056039665,32.10112762451172
concrete_strength,7,801,34.406307000380295,31.696805953979492
concrete_strength,7,802,34.44233175424429,32.09036636352539
concrete_strength,7,803,34.430841372563286,32.17724609375
concrete_strength,7,804,34.854336775266205,32.017215728759766
concrete_strength,7,805,34.44304414895865,32.30500030517578
concrete_strength,7,806,35.34486202093271,31.9942626953125
concrete_strength,7,807,34.03484274790837,32.016517639160156
concrete_strength,7,808,33.96625782893254,32.05094528198242
concrete_strength,7,809,33.854599732619064,32.032623291015625
concrete_strength,7,810,33.75819114538339,32.431495666503906
concrete_strength,7,811,35.30104285020094,32.08189392089844
concrete_strength,7,812,33.92753997215858,31.794506072998047
concrete_strength,7,813,33.84521183600793,31.955760955810547
concrete_strength,7,814,34.6978602042565,32.52064514160156
concrete_strength,7,815,33.935697262103744,32.078392028808594
concrete_strength,7,816,36.53494930267334,31.870670318603516
concrete_strength,7,817,33.411342070652886,31.813310623168945
concrete_strength,7,818,33.645932270930366,31.941452026367188
concrete_strength,7,819,33.735976219177246,32.048583984375
concrete_strength,7,820,33.55891374441293,31.616315841674805
concrete_strength,7,821,33.34676157511198,31.835514068603516
concrete_strength,7,822,33.63919082054725,32.16042709350586
concrete_strength,7,823,35.07252216339111,32.06904602050781
concrete_strength,7,824,34.202397053058334,32.28386306762695
concrete_strength,7,825,35.505993622999924,32.337928771972656
concrete_strength,7,826,34.20056321070744,31.850698471069336
concrete_strength,7,827,33.82066858731783,31.86583137512207
concrete_strength,7,828,34.26910532437838,32.146873474121094
concrete_strength,7,829,34.66148464496319,31.972410202026367
concrete_strength,7,830,33.85425552955041,31.71983528137207
concrete_strength,7,831,33.674739397489105,31.734394073486328
concrete_strength,7,832,33.88451059047993,31.733840942382812
concrete_strength,7,833,33.81140921666072,31.4556884765625
concrete_strength,7,834,34.24612551469069,32.02220153808594
concrete_strength,7,835,34.428976425757774,31.6806697845459
concrete_strength,7,836,34.007813673753006,31.88905143737793
concrete_strength,7,837,36.05248612623949,31.756301879882812
concrete_strength,7,838,33.8589803989117,31.688003540039062
concrete_strength,7,839,34.522629040938156,31.543867111206055
concrete_strength,7,840,33.457945823669434,31.703214645385742
concrete_strength,7,841,33.36780280333299,31.419723510742188
concrete_strength,7,842,33.73922546093281,31.77393341064453
concrete_strength,7,843,33.33191123375526,31.83969497680664
concrete_strength,7,844,33.4263616341811,31.661813735961914
concrete_strength,7,845,34.21023786984957,31.870180130004883
concrete_strength,7,846,34.74506950378418,31.863679885864258
concrete_strength,7,847,33.65352293161246,31.83013153076172
concrete_strength,7,848,33.657159952016976,31.623685836791992
concrete_strength,7,849,34.45876671717717,31.555391311645508
concrete_strength,7,850,33.511306469257065,31.540756225585938
concrete_strength,7,851,34.72620047055758,31.391254425048828
concrete_strength,7,852,34.053649022029,31.621536254882812
concrete_strength,7,853,34.35219192504883,31.555604934692383
concrete_strength,7,854,34.2384589268611,31.72645378112793
concrete_strength,7,855,34.12911393092229,31.662342071533203
concrete_strength,7,856,33.537678718566895,31.359214782714844
concrete_strength,7,857,33.52950308873103,31.71634292602539
concrete_strength,7,858,34.060791088984566,31.624353408813477
concrete_strength,7,859,33.74698154742901,31.654420852661133
concrete_strength,7,860,36.853459504934456,31.747848510742188
concrete_strength,7,861,36.220928338857796,32.38039016723633
concrete_strength,7,862,33.4723697075477,31.462827682495117
concrete_strength,7,863,35.230870687044586,31.64626121520996
concrete_strength,7,864,34.35406692211445,31.515287399291992
concrete_strength,7,865,33.26007552330311,31.72312355041504
concrete_strength,7,866,33.307517106716446,31.79907989501953
concrete_strength,7,867,33.71241232065054,31.603036880493164
concrete_strength,7,868,33.000574689645035,31.568134307861328
concrete_strength,7,869,33.16656888448275,31.556198120117188
concrete_strength,7,870,34.00231896913969,31.720294952392578
concrete_strength,7,871,33.454275791461654,31.446672439575195
concrete_strength,7,872,34.96117767920861,31.983644485473633
concrete_strength,7,873,33.89063457342294,31.664459228515625
concrete_strength,7,874,34.235777561481186,31.61469268798828
concrete_strength,7,875,33.56144428253174,31.90587043762207
concrete_strength,7,876,33.77719956177931,31.794450759887695
concrete_strength,7,877,33.11720655514644,31.531936645507812
concrete_strength,7,878,33.81025556417612,31.613168716430664
concrete_strength,7,879,33.27056532639723,31.858928680419922
concrete_strength,7,880,34.00337923490084,31.56529426574707
concrete_strength,7,881,33.94764430706318,31.636062622070312
concrete_strength,7,882,33.606175936185394,31.706771850585938
concrete_strength,7,883,33.55558688823994,31.97160530090332
concrete_strength,7,884,38.87135645059439,31.58365249633789
concrete_strength,7,885,33.56266707640428,32.18165588378906
concrete_strength,7,886,34.01618744776799,31.83778953552246
concrete_strength,7,887,34.23618221282959,31.53559112548828
concrete_strength,7,888,34.048359430753266,32.12528991699219
concrete_strength,7,889,33.22883859047523,31.712589263916016
concrete_strength,7,890,34.906029774592476,31.75823974609375
concrete_strength,7,891,37.83679411961482,31.503873825073242
concrete_strength,7,892,33.34941372504601,31.929210662841797
concrete_strength,7,893,33.10802415701059,31.673009872436523
concrete_strength,7,894,33.16582010342525,31.59541130065918
concrete_strength,7,895,33.47554441598746,31.808164596557617
concrete_strength,7,896,33.62916374206543,31.443450927734375
concrete_strength,7,897,33.12115188745352,31.812091827392578
concrete_strength,7,898,34.30179185133714,31.785930633544922
concrete_strength,7,899,34.25118534381573,31.665645599365234
concrete_strength,7,900,33.243873816270096,31.803184509277344
concrete_strength,7,901,33.440321628864,31.442119598388672
concrete_strength,7,902,33.849626981295074,31.54035758972168
concrete_strength,7,903,34.13819613823524,31.93608856201172
concrete_strength,7,904,33.465914432819076,31.763015747070312
concrete_strength,7,905,33.71949291229248,31.651412963867188
concrete_strength,7,906,33.509245065542366,31.78647232055664
concrete_strength,7,907,34.658902388352615,31.881711959838867
concrete_strength,7,908,36.68266208355244,31.80314826965332
concrete_strength,7,909,33.481363369868355,31.704633712768555
concrete_strength,7,910,33.78074972446148,31.531566619873047
concrete_strength,7,911,33.229927649864784,31.55828857421875
concrete_strength,7,912,33.4137570307805,31.78972625732422
concrete_strength,7,913,34.620789527893066,31.745452880859375
concrete_strength,7,914,33.82542852255014,31.44664192199707
concrete_strength,7,915,33.66875798885639,31.634244918823242
concrete_strength,7,916,35.74456603710468,31.862972259521484
concrete_strength,7,917,33.807556299062874,31.757305145263672
concrete_strength,7,918,33.39951617901142,32.246273040771484
concrete_strength,7,919,33.0204839523022,31.765783309936523
concrete_strength,7,920,37.164143085479736,31.683427810668945
concrete_strength,7,921,33.411774561955376,31.889934539794922
concrete_strength,7,922,34.26871292407696,31.96207618713379
concrete_strength,7,923,34.13579038473276,31.70014762878418
concrete_strength,7,924,36.751605437352104,31.471948623657227
concrete_strength,7,925,33.2748609322768,31.504974365234375
concrete_strength,7,926,34.441692058856674,31.528453826904297
concrete_strength,7,927,34.070048772371734,31.374984741210938
concrete_strength,7,928,32.950170292304115,31.74082374572754
concrete_strength,7,929,33.27404231291551,31.46346664428711
concrete_strength,7,930,33.13714210803692,31.66470718383789
concrete_strength,7,931,33.99181145888109,31.773000717163086
concrete_strength,7,932,34.55258919642522,31.702795028686523
concrete_strength,7,933,36.833347907433144,31.6239070892334
concrete_strength,7,934,33.82800109569843,31.1646728515625
concrete_strength,7,935,33.61082700582651,31.760032653808594
concrete_strength,7,936,36.56285095214844,31.46428108215332
concrete_strength,7,937,33.49951509328989,31.71515464782715
concrete_strength,7,938,33.77214439098652,31.585712432861328
concrete_strength,7,939,33.76933244558481,31.67905044555664
concrete_strength,7,940,34.02903021298922,31.435422897338867
concrete_strength,7,941,33.69050847567045,31.42961311340332
concrete_strength,7,942,33.395142848675064,31.458019256591797
concrete_strength,7,943,34.003252249497635,31.52604866027832
concrete_strength,7,944,34.285839520967926,31.572782516479492
concrete_strength,7,945,34.00853391794058,31.325481414794922
concrete_strength,7,946,33.65188246506911,31.59578514099121
concrete_strength,7,947,33.18883679463313,31.49692153930664
concrete_strength,7,948,34.50570355928861,31.372182846069336
concrete_strength,7,949,33.17247511790349,31.715272903442383
concrete_strength,7,950,34.45633356387798,31.853710174560547
concrete_strength,7,951,35.878886883075424,31.888450622558594
concrete_strength,7,952,34.25270520723783,31.266992568969727
concrete_strength,7,953,36.69724772526668,31.759336471557617
concrete_strength,7,954,34.50985094217154,31.414562225341797
concrete_strength,7,955,33.39349053456233,31.72473907470703
concrete_strength,7,956,33.55455229832576,31.987733840942383
concrete_strength,7,957,33.45614741398738,31.412944793701172
concrete_strength,7,958,33.38535741659311,31.782960891723633
concrete_strength,7,959,34.39682872478779,31.866744995117188
concrete_strength,7,960,33.702700028052696,31.689228057861328
concrete_strength,7,961,33.371725229116585,31.581562042236328
concrete_strength,7,962,34.60875547849215,31.270164489746094
concrete_strength,7,963,33.49529332381029,31.62065887451172
concrete_strength,7,964,33.244088686429535,31.649168014526367
concrete_strength,7,965,33.11149329405565,31.369300842285156
concrete_strength,7,966,35.139807334313026,31.62713623046875
concrete_strength,7,967,36.009773401113655,31.358463287353516
concrete_strength,7,968,34.43606893832867,31.340106964111328
concrete_strength,7,969,34.13644526554988,31.282777786254883
concrete_strength,7,970,34.63762994912955,31.336849212646484
concrete_strength,7,971,33.58022843874418,32.26240539550781
concrete_strength,7,972,33.03368525321667,31.60143280029297
concrete_strength,7,973,33.45537259028508,31.65262222290039
concrete_strength,7,974,34.283174991607666,31.651622772216797
concrete_strength,7,975,32.982452612656814,31.561521530151367
concrete_strength,7,976,33.39603196657621,31.35822105407715
concrete_strength,7,977,33.48767874791072,31.706562042236328
concrete_strength,7,978,33.75602304018461,31.574132919311523
concrete_strength,7,979,33.21467894774217,31.3091983795166
concrete_strength,7,980,34.07485220982478,31.52447509765625
concrete_strength,7,981,34.14478257986215,31.235057830810547
concrete_strength,7,982,33.715551082904526,31.48676872253418
concrete_strength,7,983,32.92175839497493,31.41543960571289
concrete_strength,7,984,34.01956903017484,31.515640258789062
concrete_strength,7,985,34.04467795445369,31.461206436157227
concrete_strength,7,986,33.61341146322397,31.59010887145996
concrete_strength,7,987,33.50001181088961,31.92802619934082
concrete_strength,7,988,33.182441638066216,31.57953643798828
concrete_strength,7,989,34.23712231562688,31.424957275390625
concrete_strength,7,990,35.107209792503944,31.310741424560547
concrete_strength,7,991,35.079846162062424,32.04523468017578
concrete_strength,7,992,34.601132539602425,31.573686599731445
concrete_strength,7,993,33.24331789750319,31.649991989135742
concrete_strength,7,994,33.71899898235615,31.28634262084961
concrete_strength,7,995,33.13848400115967,31.444875717163086
concrete_strength,7,996,34.25735767071064,31.408550262451172
concrete_strength,7,997,33.93406647902269,31.589170455932617
concrete_strength,7,998,33.16687881029569,31.393945693969727
concrete_strength,7,999,40.76789111357469,31.51763343811035
concrete_strength,4,0,38.54350324777457,42.015071868896484
concrete_strength,4,1,37.82256207099328,43.54173278808594
concrete_strength,4,2,35.97654408674974,45.02263641357422
concrete_strength,4,3,36.4916929098276,42.23158645629883
concrete_strength,4,4,36.27552707378681,42.13087844848633
concrete_strength,4,5,36.21245927077074,41.568824768066406
concrete_strength,4,6,35.83329776617197,41.484832763671875
concrete_strength,4,7,35.93729760096623,42.77616882324219
concrete_strength,4,8,34.58119927919828,41.378108978271484
concrete_strength,4,9,36.69505786895752,41.65512466430664
concrete_strength,4,10,37.37081417670617,45.33757019042969
concrete_strength,4,11,35.74966797461877,42.116477966308594
concrete_strength,4,12,37.320544976454514,43.52701187133789
concrete_strength,4,13,35.06484688245333,40.6441650390625
concrete_strength,4,14,34.528872416569634,41.142208099365234
concrete_strength,4,15,34.28401275781485,40.29505920410156
concrete_strength,4,16,34.333179253798264,41.90898895263672
concrete_strength,4,17,35.22407487722543,40.576087951660156
concrete_strength,4,18,36.35712440197285,40.196170806884766
concrete_strength,4,19,34.05985641479492,39.8125
concrete_strength,4,20,33.05581283569336,42.13350296020508
concrete_strength,4,21,35.18943265768198,40.51061248779297
concrete_strength,4,22,32.710876299784736,41.19401931762695
concrete_strength,4,23,32.96196174621582,40.355770111083984
concrete_strength,4,24,34.03802886376014,40.44948196411133
concrete_strength,4,25,32.43637880912194,40.617305755615234
concrete_strength,4,26,32.456743056957535,43.52574157714844
concrete_strength,4,27,32.835196201617904,43.631229400634766
concrete_strength,4,28,32.46937722426195,40.991119384765625
concrete_strength,4,29,33.025605348440315,41.7944450378418
concrete_strength,4,30,32.717713576096756,39.845611572265625
concrete_strength,4,31,32.43111471029428,39.643516540527344
concrete_strength,4,32,32.07038967426006,41.63275909423828
concrete_strength,4,33,33.241754458500786,42.62487030029297
concrete_strength,4,34,40.01888553912823,39.78763961791992
concrete_strength,4,35,32.871461391448975,41.835304260253906
concrete_strength,4,36,32.057280430426964,41.37382125854492
concrete_strength,4,37,32.06856547869169,40.03490447998047
concrete_strength,4,38,32.7266096335191,41.56587219238281
concrete_strength,4,39,32.07873755234938,39.56013488769531
concrete_strength,4,40,32.66927906183096,39.54914474487305
concrete_strength,4,41,31.2249194589945,41.71830749511719
concrete_strength,4,42,31.842702021965614,41.659481048583984
concrete_strength,4,43,32.31447373903715,41.50028991699219
concrete_strength,4,44,31.429416693173923,39.91082000732422
concrete_strength,4,45,32.7012742115901,39.86732482910156
concrete_strength,4,46,32.95445126753587,41.112022399902344
concrete_strength,4,47,31.961683383354774,40.65444564819336
concrete_strength,4,48,31.57243985396165,39.425777435302734
concrete_strength,4,49,31.49102130303016,40.31389617919922
concrete_strength,4,50,36.63064758594219,39.64427947998047
concrete_strength,4,51,33.85157064291147,42.107208251953125
concrete_strength,4,52,31.981323939103348,42.10813522338867
concrete_strength,4,53,33.16209286909837,41.311527252197266
concrete_strength,4,54,31.127782578651722,43.75418472290039
concrete_strength,4,55,31.564207810621994,40.575592041015625
concrete_strength,4,56,33.60345539679894,42.957427978515625
concrete_strength,4,57,31.278317304757927,39.25318145751953
concrete_strength,4,58,31.646432876586914,39.41941833496094
concrete_strength,4,59,31.50553167783297,40.83074188232422
concrete_strength,4,60,33.02295373036311,40.32752227783203
concrete_strength,4,61,31.091250786414513,40.461238861083984
concrete_strength,4,62,31.150152866656963,39.56733322143555
concrete_strength,4,63,35.20811201975896,39.84440612792969
concrete_strength,4,64,31.017976100628193,40.97813034057617
concrete_strength,4,65,33.15129071015578,39.326904296875
concrete_strength,4,66,36.65483261988713,39.36848831176758
concrete_strength,4,67,35.24537489964412,39.710453033447266
concrete_strength,4,68,33.41708476726826,40.18582534790039
concrete_strength,4,69,31.956355241628792,39.296234130859375
concrete_strength,4,70,31.22704080434946,38.95004653930664
concrete_strength,4,71,31.54482548053448,38.784061431884766
concrete_strength,4,72,33.02466601591844,40.49306869506836
concrete_strength,4,73,30.367717715410087,39.49403762817383
concrete_strength,4,74,30.500599127549393,40.3148193359375
concrete_strength,4,75,30.99453695003803,39.164527893066406
concrete_strength,4,76,30.509740095872147,38.62319564819336
concrete_strength,4,77,30.139072381533108,39.59703063964844
concrete_strength,4,78,30.67493614783654,39.82347106933594
concrete_strength,4,79,31.046062139364388,40.1560173034668
concrete_strength,4,80,30.517052980569694,39.02885437011719
concrete_strength,4,81,30.49863338470459,40.94190979003906
concrete_strength,4,82,30.04866782289285,39.66001510620117
concrete_strength,4,83,30.846977087167595,38.77455139160156
concrete_strength,4,84,29.969382231052105,39.65972900390625
concrete_strength,4,85,31.582816490760216,39.876224517822266
concrete_strength,4,86,30.631963069622334,40.727394104003906
concrete_strength,4,87,30.868713745704063,39.904476165771484
concrete_strength,4,88,33.33467366145207,39.541561126708984
concrete_strength,4,89,32.43042032535259,39.32715606689453
concrete_strength,4,90,30.08914199242225,38.86989212036133
concrete_strength,4,91,30.161101818084717,38.88417434692383
concrete_strength,4,92,34.33465510148268,39.563968658447266
concrete_strength,4,93,30.997513697697567,40.12332534790039
concrete_strength,4,94,34.80634663655208,39.230403900146484
concrete_strength,4,95,30.771385339590218,38.67322540283203
concrete_strength,4,96,32.788582398341255,39.71859359741211
concrete_strength,4,97,29.879595912419834,37.554264068603516
concrete_strength,4,98,31.437975773444542,38.492733001708984
concrete_strength,4,99,29.924631155454197,38.656349182128906
concrete_strength,4,100,29.546624733851505,38.18144607543945
concrete_strength,4,101,29.727819992945744,37.7152214050293
concrete_strength,4,102,29.722151059370773,37.40237045288086
concrete_strength,4,103,29.488908199163582,38.49886703491211
concrete_strength,4,104,30.115061393150917,38.06855392456055
concrete_strength,4,105,29.435850106752834,37.96571350097656
concrete_strength,4,106,29.32070209429814,38.81254196166992
concrete_strength,4,107,32.06553554534912,38.118324279785156
concrete_strength,4,108,31.042456480172966,37.083614349365234
concrete_strength,4,109,28.919091077951286,39.391056060791016
concrete_strength,4,110,29.787304144639236,37.96821975708008
concrete_strength,4,111,29.799377111288216,36.99922561645508
concrete_strength,4,112,30.05454261486347,37.866031646728516
concrete_strength,4,113,28.603653045801018,38.85630798339844
concrete_strength,4,114,29.096583696512077,37.03175735473633
concrete_strength,4,115,29.015061305119442,37.901607513427734
concrete_strength,4,116,29.1658767920274,37.58326721191406
concrete_strength,4,117,29.530748220590446,38.87196350097656
concrete_strength,4,118,28.608827059085552,37.78251266479492
concrete_strength,4,119,30.519227211291973,40.821197509765625
concrete_strength,4,120,30.002401315248928,38.147830963134766
concrete_strength,4,121,32.098927167745735,36.942527770996094
concrete_strength,4,122,30.08679778759296,37.39961624145508
concrete_strength,4,123,30.048895248999962,36.47737503051758
concrete_strength,4,124,30.45115276483389,38.3167839050293
concrete_strength,4,125,28.629663100609413,37.359657287597656
concrete_strength,4,126,28.64808625441331,37.63227081298828
concrete_strength,4,127,28.32783611004169,37.19325256347656
concrete_strength,4,128,28.452148034022404,37.0777473449707
concrete_strength,4,129,29.302932739257812,36.76584243774414
concrete_strength,4,130,29.59783642108624,36.031253814697266
concrete_strength,4,131,28.72793751496535,39.52638244628906
concrete_strength,4,132,29.059075282170223,36.855953216552734
concrete_strength,4,133,29.017741276667667,35.92345428466797
concrete_strength,4,134,28.461505523094765,36.636756896972656
concrete_strength,4,135,27.867758310758152,36.50809097290039
concrete_strength,4,136,28.65476813683143,36.83041763305664
concrete_strength,4,137,28.1580270253695,35.96796417236328
concrete_strength,4,138,29.057524571051964,35.63984298706055
concrete_strength,4,139,28.851192987882175,35.139404296875
concrete_strength,4,140,29.539519456716683,35.65363693237305
concrete_strength,4,141,29.644066443810097,36.96979522705078
concrete_strength,4,142,28.35285758972168,36.16061782836914
concrete_strength,4,143,28.00514848415668,38.025272369384766
concrete_strength,4,144,29.69154013120211,36.00960159301758
concrete_strength,4,145,27.880670914283165,35.892581939697266
concrete_strength,4,146,28.355903772207405,37.808021545410156
concrete_strength,4,147,29.628304188068096,36.08378219604492
concrete_strength,4,148,28.939055552849403,35.32466506958008
concrete_strength,4,149,27.695755371680626,36.78822708129883
concrete_strength,4,150,28.817634655879093,35.89460372924805
concrete_strength,4,151,27.19855290192824,41.6032829284668
concrete_strength,4,152,29.838540297288162,38.121803283691406
concrete_strength,4,153,28.066958867586575,37.12662887573242
concrete_strength,4,154,27.2031591121967,37.050838470458984
concrete_strength,4,155,28.435923723074104,35.985191345214844
concrete_strength,4,156,27.474420180687538,36.0702018737793
concrete_strength,4,157,29.515341318570652,35.90253829956055
concrete_strength,4,158,27.39414383814885,35.52665328979492
concrete_strength,4,159,26.980418920516968,35.550994873046875
concrete_strength,4,160,26.598799966848812,36.10036087036133
concrete_strength,4,161,27.323936535761906,35.89948272705078
concrete_strength,4,162,26.967597264509934,35.37356185913086
concrete_strength,4,163,26.73290588076298,36.034645080566406
concrete_strength,4,164,27.45659512739915,34.94593811035156
concrete_strength,4,165,27.313095569610596,36.677650451660156
concrete_strength,4,166,29.096997517805832,36.88017654418945
concrete_strength,4,167,29.54413204926711,36.3321647644043
concrete_strength,4,168,27.865436884073112,34.82798767089844
concrete_strength,4,169,28.126153065608097,34.505977630615234
concrete_strength,4,170,26.79876947402954,35.46377182006836
concrete_strength,4,171,26.756711446321926,34.66862106323242
concrete_strength,4,172,27.317884848668026,34.894622802734375
concrete_strength,4,173,27.064838079305794,34.25703430175781
concrete_strength,4,174,26.772191524505615,34.91390609741211
concrete_strength,4,175,27.20335872356708,36.115638732910156
concrete_strength,4,176,27.776870030623215,36.74492263793945
concrete_strength,4,177,26.88102171971248,35.3008918762207
concrete_strength,4,178,27.15203307225154,35.1239013671875
concrete_strength,4,179,28.91990111424373,36.214962005615234
concrete_strength,4,180,28.418987714327297,35.4692497253418
concrete_strength,4,181,26.72243019250723,34.902645111083984
concrete_strength,4,182,26.58893772271963,36.969669342041016
concrete_strength,4,183,26.508035861528835,34.46169662475586
concrete_strength,4,184,26.816082110771767,34.24152374267578
concrete_strength,4,185,29.00819257589487,35.01388931274414
concrete_strength,4,186,26.70943810389592,37.183589935302734
concrete_strength,4,187,27.095075974097618,35.83714294433594
concrete_strength,4,188,26.696725625258225,35.54026412963867
concrete_strength,4,189,26.58260833300077,36.48837661743164
concrete_strength,4,190,27.029450609133793,35.9678955078125
concrete_strength,4,191,26.02012165234639,35.014793395996094
concrete_strength,4,192,25.962490411905144,35.3279914855957
concrete_strength,4,193,29.595983211810772,36.80240249633789
concrete_strength,4,194,29.139969092149002,35.359256744384766
concrete_strength,4,195,27.119674095740685,34.905357360839844
concrete_strength,4,196,25.949239721665016,34.722564697265625
concrete_strength,4,197,28.899792451124924,33.94853210449219
concrete_strength,4,198,27.43945969068087,34.37671661376953
concrete_strength,4,199,27.27261521266057,33.698238372802734
concrete_strength,4,200,26.82989711027879,33.75324249267578
concrete_strength,4,201,26.7801466354957,34.704994201660156
concrete_strength,4,202,27.621596739842342,36.67397689819336
concrete_strength,4,203,25.704477310180664,33.91188430786133
concrete_strength,4,204,25.982036333817703,35.17062759399414
concrete_strength,4,205,26.147911621974064,35.917724609375
concrete_strength,4,206,26.226799157949593,34.250709533691406
concrete_strength,4,207,26.34348465846135,34.43981170654297
concrete_strength,4,208,27.17881470460158,34.86350631713867
concrete_strength,4,209,26.049756050109863,33.87023162841797
concrete_strength,4,210,25.59752121109229,34.631832122802734
concrete_strength,4,211,26.09177875518799,34.30192184448242
concrete_strength,4,212,26.05681738486657,36.883609771728516
concrete_strength,4,213,27.460151268885685,34.09300231933594
concrete_strength,4,214,26.174435688899113,34.88716506958008
concrete_strength,4,215,25.889620166558487,35.04109191894531
concrete_strength,4,216,25.733743851001446,34.05659103393555
concrete_strength,4,217,26.419716651623066,35.499366760253906
concrete_strength,4,218,28.229061823624832,34.14270782470703
concrete_strength,4,219,26.023348955007698,34.976741790771484
concrete_strength,4,220,25.31968226799598,34.12253189086914
concrete_strength,4,221,25.94982880812425,36.47294616699219
concrete_strength,4,222,26.127025604248047,34.87702560424805
concrete_strength,4,223,28.127463890955998,33.10950469970703
concrete_strength,4,224,25.728835509373592,33.81972122192383
concrete_strength,4,225,26.4839600783128,33.66218948364258
concrete_strength,4,226,25.3446776500115,34.01592254638672
concrete_strength,4,227,25.873726001152626,34.101905822753906
concrete_strength,4,228,25.934184807997482,33.919166564941406
concrete_strength,4,229,25.69291268862211,34.254180908203125
concrete_strength,4,230,26.127099367288444,33.919639587402344
concrete_strength,4,231,25.929061403641334,34.9017448425293
concrete_strength,4,232,25.86639011823214,34.363441467285156
concrete_strength,4,233,25.640681706942043,33.78535461425781
concrete_strength,4,234,26.462158239804783,36.66654968261719
concrete_strength,4,235,25.786112088423508,34.541263580322266
concrete_strength,4,236,25.08639878493089,33.60224914550781
concrete_strength,4,237,25.50814177439763,33.14268112182617
concrete_strength,4,238,25.852011387164776,33.07982635498047
concrete_strength,4,239,25.61727945621197,34.22142791748047
concrete_strength,4,240,27.16869251544659,33.33930587768555
concrete_strength,4,241,28.00240839444674,34.55486297607422
concrete_strength,4,242,25.92005858054528,33.16151809692383
concrete_strength,4,243,24.937018467829777,34.18610382080078
concrete_strength,4,244,27.772052141336296,35.07427215576172
concrete_strength,4,245,25.321665433736946,33.15303039550781
concrete_strength,4,246,26.552295428055984,33.41709518432617
concrete_strength,4,247,26.499599823584923,33.615657806396484
concrete_strength,4,248,25.081279754638672,33.02230453491211
concrete_strength,4,249,26.952263612013596,34.647926330566406
concrete_strength,4,250,26.631530688359188,34.09673309326172
concrete_strength,4,251,24.86987381715041,34.72079086303711
concrete_strength,4,252,24.722707711733303,33.546112060546875
concrete_strength,4,253,25.958360745356632,34.866458892822266
concrete_strength,4,254,25.727543940910927,35.620967864990234
concrete_strength,4,255,25.759117383223312,33.33858871459961
concrete_strength,4,256,25.874699702629677,33.18259811401367
concrete_strength,4,257,27.815306736872746,33.3209228515625
concrete_strength,4,258,25.178898407862736,33.694602966308594
concrete_strength,4,259,25.697096531207745,33.92843246459961
concrete_strength,4,260,26.634650853963997,33.93364715576172
concrete_strength,4,261,25.446952489706185,33.65813446044922
concrete_strength,4,262,28.331682205200195,35.780181884765625
concrete_strength,4,263,25.59576254624587,34.817020416259766
concrete_strength,4,264,24.661760807037354,33.413482666015625
concrete_strength,4,265,27.432990550994873,32.82777786254883
concrete_strength,4,266,29.418965119581955,34.45423889160156
concrete_strength,4,267,25.12733378777137,32.83034896850586
concrete_strength,4,268,24.686247532184307,33.22046661376953
concrete_strength,4,269,27.94018686734713,33.50666046142578
concrete_strength,4,270,25.55517024260301,32.95005798339844
concrete_strength,4,271,24.91803451684805,33.8859748840332
concrete_strength,4,272,25.409474079425518,33.39403533935547
concrete_strength,4,273,26.061701151040886,33.156307220458984
concrete_strength,4,274,24.869618269113396,36.85418701171875
concrete_strength,4,275,25.803326460031364,33.50580596923828
concrete_strength,4,276,24.177741756806007,33.33575439453125
concrete_strength,4,277,24.15798854827881,34.0181999206543
concrete_strength,4,278,24.607631646669827,33.54280471801758
concrete_strength,4,279,24.61419732754047,33.751346588134766
concrete_strength,4,280,25.4164447417626,33.81818389892578
concrete_strength,4,281,24.259250805928158,33.043174743652344
concrete_strength,4,282,24.79930907029372,33.670249938964844
concrete_strength,4,283,24.37610127375676,33.68648910522461
concrete_strength,4,284,23.9111919265527,33.74080276489258
concrete_strength,4,285,23.799489819086514,33.902183532714844
concrete_strength,4,286,24.551663582141583,34.178077697753906
concrete_strength,4,287,23.98947233420152,33.458866119384766
concrete_strength,4,288,23.93201525394733,33.61928939819336
concrete_strength,4,289,24.445948674128605,32.61924362182617
concrete_strength,4,290,24.723625549903282,32.65664291381836
concrete_strength,4,291,25.086715111365685,32.44435119628906
concrete_strength,4,292,24.92084033672626,32.67827224731445
concrete_strength,4,293,25.510127287644607,32.75510787963867
concrete_strength,4,294,28.652770189138558,35.202091217041016
concrete_strength,4,295,25.25070990048922,33.976951599121094
concrete_strength,4,296,24.54002017241258,32.61304473876953
concrete_strength,4,297,24.525263639596794,32.43366622924805
concrete_strength,4,298,23.94605489877554,32.40032196044922
concrete_strength,4,299,23.981029244569633,34.27570724487305
concrete_strength,4,300,24.534030767587517,34.44413375854492
concrete_strength,4,301,24.673531532287598,33.009376525878906
concrete_strength,4,302,24.08228536752554,34.33271408081055
concrete_strength,4,303,24.465101205385647,32.48027801513672
concrete_strength,4,304,24.496353369492752,32.27899169921875
concrete_strength,4,305,25.787614345550537,32.33757019042969
concrete_strength,4,306,24.782086775853085,32.962974548339844
concrete_strength,4,307,24.607571675227238,32.85651779174805
concrete_strength,4,308,24.340789318084717,32.840145111083984
concrete_strength,4,309,24.373492534344013,32.52712631225586
concrete_strength,4,310,26.14906670497014,32.31972122192383
concrete_strength,4,311,24.237186651963455,33.14915084838867
concrete_strength,4,312,24.152248492607704,32.414466857910156
concrete_strength,4,313,24.33602336736826,33.02072525024414
concrete_strength,4,314,24.84688278344961,31.95660400390625
concrete_strength,4,315,23.855974747584415,33.35957717895508
concrete_strength,4,316,23.91716957092285,35.20280838012695
concrete_strength,4,317,23.917624253493088,32.071311950683594
concrete_strength,4,318,23.965994724860558,32.67099380493164
concrete_strength,4,319,24.27309931241549,32.615516662597656
concrete_strength,4,320,24.173962299640362,34.69944763183594
concrete_strength,4,321,24.02252850165734,33.25312042236328
concrete_strength,4,322,24.344626610095684,33.00020980834961
concrete_strength,4,323,23.97263713983389,33.2476692199707
concrete_strength,4,324,24.564821463364822,34.11445236206055
concrete_strength,4,325,24.735436292795036,33.87472152709961
concrete_strength,4,326,24.337364673614502,34.24394607543945
concrete_strength,4,327,24.722576214716984,33.34635925292969
concrete_strength,4,328,24.572843368236835,32.316593170166016
concrete_strength,4,329,24.38453905399029,31.9284725189209
concrete_strength,4,330,23.80551969088041,32.847251892089844
concrete_strength,4,331,23.655955277956448,33.97276306152344
concrete_strength,4,332,23.531132147862362,33.471588134765625
concrete_strength,4,333,23.53115804378803,34.13851547241211
concrete_strength,4,334,23.928114304175743,32.89291000366211
concrete_strength,4,335,26.448035570291374,33.082679748535156
concrete_strength,4,336,24.874837618607742,32.092063903808594
concrete_strength,4,337,24.25558246099032,33.21697998046875
concrete_strength,4,338,23.52989101409912,33.37644958496094
concrete_strength,4,339,23.696313051077034,34.86499786376953
concrete_strength,4,340,23.57783796237065,32.38084411621094
concrete_strength,4,341,23.292135825523964,34.51796340942383
concrete_strength,4,342,23.236307474283073,32.628013610839844
concrete_strength,4,343,24.280902349031887,33.03047180175781
concrete_strength,4,344,23.22745779844431,32.41724395751953
concrete_strength,4,345,25.18952123935406,32.57493209838867
concrete_strength,4,346,24.33642809207623,32.10077667236328
concrete_strength,4,347,24.426911977621224,33.18577194213867
concrete_strength,4,348,24.006676307091347,32.39331817626953
concrete_strength,4,349,23.633460631737343,32.3541374206543
concrete_strength,4,350,24.04176356242253,32.31328582763672
concrete_strength,4,351,24.856739117549015,32.23064041137695
concrete_strength,4,352,24.17926659950843,32.586856842041016
concrete_strength,4,353,23.086036581259506,32.840641021728516
concrete_strength,4,354,23.016362483684834,33.347267150878906
concrete_strength,4,355,23.08858031492967,32.679439544677734
concrete_strength,4,356,23.999216299790604,32.59486389160156
concrete_strength,4,357,24.16345291871291,33.058448791503906
concrete_strength,4,358,23.17426714530358,33.87260818481445
concrete_strength,4,359,23.14074941781851,32.65779113769531
concrete_strength,4,360,23.600233664879433,32.77141189575195
concrete_strength,4,361,24.71360257955698,32.82997512817383
concrete_strength,4,362,23.657892593970665,34.22818374633789
concrete_strength,4,363,22.950851623828594,33.688446044921875
concrete_strength,4,364,23.312683921593887,33.11370849609375
concrete_strength,4,365,23.27887905561007,32.54322052001953
concrete_strength,4,366,24.161804602696346,33.92909240722656
concrete_strength,4,367,22.89718618759742,34.74093246459961
concrete_strength,4,368,23.395138043623703,32.561431884765625
concrete_strength,4,369,23.084342708954445,32.97831344604492
concrete_strength,4,370,22.90213988377498,34.01970672607422
concrete_strength,4,371,23.024501763857327,32.897438049316406
concrete_strength,4,372,22.97417347247784,33.733707427978516
concrete_strength,4,373,23.080298020289494,33.15811538696289
concrete_strength,4,374,25.67610403207632,32.676368713378906
concrete_strength,4,375,25.06313467025757,32.43364334106445
concrete_strength,4,376,23.076212369478664,33.967281341552734
concrete_strength,4,377,23.144817462334267,33.7200927734375
concrete_strength,4,378,23.90341197527372,32.7945442199707
concrete_strength,4,379,23.082744598388672,33.05070114135742
concrete_strength,4,380,24.194300944988544,33.36464309692383
concrete_strength,4,381,23.067769270676834,32.402748107910156
concrete_strength,4,382,22.786125293144813,33.68951416015625
concrete_strength,4,383,23.484144357534554,32.66126251220703
concrete_strength,4,384,23.38867271863497,32.791778564453125
concrete_strength,4,385,22.779271125793457,34.141998291015625
concrete_strength,4,386,26.998361880962666,33.39775085449219
concrete_strength,4,387,24.998098776890682,32.721920013427734
concrete_strength,4,388,23.674289519970234,35.63243865966797
concrete_strength,4,389,24.212110702808086,34.62095642089844
concrete_strength,4,390,25.608494465167706,35.70823287963867
concrete_strength,4,391,23.344767020298885,33.033878326416016
concrete_strength,4,392,23.20976371031541,31.915124893188477
concrete_strength,4,393,23.279754895430344,35.210227966308594
concrete_strength,4,394,24.19394672833956,34.9006462097168
concrete_strength,4,395,24.00049004187951,33.68882751464844
concrete_strength,4,396,24.41697406768799,32.57571029663086
concrete_strength,4,397,24.044125630305363,33.006202697753906
concrete_strength,4,398,22.634439046566303,32.46232604980469
concrete_strength,4,399,24.60824078779954,32.875980377197266
concrete_strength,4,400,22.89250084070059,35.44013214111328
concrete_strength,4,401,22.865890282850998,33.030113220214844
concrete_strength,4,402,23.246570587158203,32.34507369995117
concrete_strength,4,403,23.926453517033504,32.85569763183594
concrete_strength,4,404,25.023320234738865,33.03575897216797
concrete_strength,4,405,23.626212743612435,32.01115417480469
concrete_strength,4,406,23.12593463750986,32.91331481933594
concrete_strength,4,407,23.936782580155594,32.957427978515625
concrete_strength,4,408,22.441907772651085,33.05531692504883
concrete_strength,4,409,22.551503346516537,32.458011627197266
concrete_strength,4,410,23.247302532196045,33.308326721191406
concrete_strength,4,411,22.845594076009895,32.98981857299805
concrete_strength,4,412,23.0788296186007,32.527503967285156
concrete_strength,4,413,22.748622050652138,31.802087783813477
concrete_strength,4,414,22.382967398716854,31.955514907836914
concrete_strength,4,415,22.415622326043938,31.785287857055664
concrete_strength,4,416,22.252722024917603,31.939380645751953
concrete_strength,4,417,22.1599980867826,32.392948150634766
concrete_strength,4,418,24.21702216221736,34.112606048583984
concrete_strength,4,419,23.791337966918945,32.78632354736328
concrete_strength,4,420,22.48940163392287,32.31047821044922
concrete_strength,4,421,22.105276731344368,32.521575927734375
concrete_strength,4,422,22.684378734001747,33.388816833496094
concrete_strength,4,423,22.242457664929905,33.024749755859375
concrete_strength,4,424,23.045772259051983,33.26552963256836
concrete_strength,4,425,22.20457883981558,32.40976333618164
concrete_strength,4,426,23.59630452669584,32.81856155395508
concrete_strength,4,427,22.433178461514988,31.935619354248047
concrete_strength,4,428,27.03720628298246,32.02568054199219
concrete_strength,4,429,24.341032064878025,33.03740310668945
concrete_strength,4,430,22.550775381234978,34.144615173339844
concrete_strength,4,431,22.206122856873733,32.39262390136719
concrete_strength,4,432,22.19344740647536,31.985023498535156
concrete_strength,4,433,22.696459550123947,31.811552047729492
concrete_strength,4,434,22.553853328411396,32.867862701416016
concrete_strength,4,435,22.06038915193998,32.5327033996582
concrete_strength,4,436,22.396154440366306,32.91168212890625
concrete_strength,4,437,22.15727872114915,32.38221740722656
concrete_strength,4,438,23.44837049337534,32.70088195800781
concrete_strength,4,439,22.851994881263145,32.551361083984375
concrete_strength,4,440,21.959549500392033,32.06513977050781
concrete_strength,4,441,22.203231738163876,32.050662994384766
concrete_strength,4,442,23.216321028195896,32.089412689208984
concrete_strength,4,443,23.32131158388578,32.450828552246094
concrete_strength,4,444,21.784751727030827,32.11568832397461
concrete_strength,4,445,22.052000302534836,32.431331634521484
concrete_strength,4,446,24.41304247195904,31.512706756591797
concrete_strength,4,447,24.416895646315353,33.03766632080078
concrete_strength,4,448,22.254045963287354,32.50565719604492
concrete_strength,4,449,22.538338551154503,32.559600830078125
concrete_strength,4,450,22.38430560552157,31.10929298400879
concrete_strength,4,451,21.886927072818462,31.75735092163086
concrete_strength,4,452,22.808068238771877,34.26136016845703
concrete_strength,4,453,22.292985329261192,31.169513702392578
concrete_strength,4,454,21.99843670771672,31.72371482849121
concrete_strength,4,455,21.89267395092891,31.503339767456055
concrete_strength,4,456,22.35540085572463,31.783771514892578
concrete_strength,4,457,22.449051196758564,31.400230407714844
concrete_strength,4,458,21.85220037973844,32.020790100097656
concrete_strength,4,459,21.862617932833157,32.51679992675781
concrete_strength,4,460,22.170917144188515,32.42802810668945
concrete_strength,4,461,22.496976889096775,32.96990203857422
concrete_strength,4,462,22.884521924532375,31.12148666381836
concrete_strength,4,463,22.792166709899902,32.03998565673828
concrete_strength,4,464,22.804297777322624,31.51904296875
concrete_strength,4,465,22.95940014032217,32.40581130981445
concrete_strength,4,466,23.303590994614822,32.15203094482422
concrete_strength,4,467,22.697212659395657,31.45950698852539
concrete_strength,4,468,22.08776462995089,31.824413299560547
concrete_strength,4,469,22.623430728912354,32.39542770385742
concrete_strength,4,470,21.5430965423584,31.32103729248047
concrete_strength,4,471,21.600927407924946,31.588998794555664
concrete_strength,4,472,22.041953086853027,31.393583297729492
concrete_strength,4,473,22.67287118618305,31.36808967590332
concrete_strength,4,474,23.62553119659424,31.298351287841797
concrete_strength,4,475,22.674086038882916,31.34783935546875
concrete_strength,4,476,25.075816888075607,32.430362701416016
concrete_strength,4,477,21.79046806922326,31.98648452758789
concrete_strength,4,478,21.931454475109394,31.474443435668945
concrete_strength,4,479,21.798210620880127,31.38983154296875
concrete_strength,4,480,22.379004515134373,31.3779296875
concrete_strength,4,481,22.239980770991398,31.223712921142578
concrete_strength,4,482,22.182563414940468,31.92043685913086
concrete_strength,4,483,21.668568565295292,31.208290100097656
concrete_strength,4,484,21.64387713945829,31.813976287841797
concrete_strength,4,485,21.59240594277015,31.092771530151367
concrete_strength,4,486,21.659673718305733,31.275354385375977
concrete_strength,4,487,21.345107500369732,31.2802734375
concrete_strength,4,488,21.47995006121122,31.146114349365234
concrete_strength,4,489,21.384788293104904,31.948881149291992
concrete_strength,4,490,21.62609107677753,31.77958869934082
concrete_strength,4,491,21.863270356104923,31.690183639526367
concrete_strength,4,492,22.80557082249568,31.948333740234375
concrete_strength,4,493,22.17782317675077,31.4613094329834
concrete_strength,4,494,21.95054556773259,30.830507278442383
concrete_strength,4,495,21.655811346494236,31.088390350341797
concrete_strength,4,496,21.678680970118595,32.960323333740234
concrete_strength,4,497,22.130570044884315,31.7062931060791
concrete_strength,4,498,21.931377759346596,32.103328704833984
concrete_strength,4,499,21.64351775096013,31.272937774658203
concrete_strength,4,500,21.843465658334587,31.3729248046875
concrete_strength,4,501,23.297652648045467,31.50043296813965
concrete_strength,4,502,22.217329282027023,32.62858581542969
concrete_strength,4,503,21.710023953364445,31.302772521972656
concrete_strength,4,504,21.997407473050632,32.1762809753418
concrete_strength,4,505,21.437799343696007,31.847379684448242
concrete_strength,4,506,21.298484371258663,32.27661895751953
concrete_strength,4,507,21.60492651279156,31.376462936401367
concrete_strength,4,508,22.07435838992779,30.775522232055664
concrete_strength,4,509,21.290990279271053,31.55974578857422
concrete_strength,4,510,21.5264908350431,31.34786605834961
concrete_strength,4,511,21.942750710707443,30.758407592773438
concrete_strength,4,512,21.828320576594425,31.695499420166016
concrete_strength,4,513,21.427957864908073,31.361032485961914
concrete_strength,4,514,21.183311581611633,30.956098556518555
concrete_strength,4,515,21.089263402498684,31.586523056030273
concrete_strength,4,516,23.814088894770695,31.88920783996582
concrete_strength,4,517,22.07526786510761,31.63536262512207
concrete_strength,4,518,22.75584914134099,30.989578247070312
concrete_strength,4,519,22.24030380982619,31.952478408813477
concrete_strength,4,520,21.875981147472675,31.438743591308594
concrete_strength,4,521,21.678733862363377,31.09388542175293
concrete_strength,4,522,21.762141887958233,31.95550537109375
concrete_strength,4,523,21.304982662200928,30.767284393310547
concrete_strength,4,524,21.96195701452402,31.619495391845703
concrete_strength,4,525,21.271122822394737,31.309598922729492
concrete_strength,4,526,22.36826045696552,31.635971069335938
concrete_strength,4,527,21.756284053509052,31.618085861206055
concrete_strength,4,528,21.451511529775765,31.650114059448242
concrete_strength,4,529,21.429575956784763,31.979759216308594
concrete_strength,4,530,22.414307832717896,31.650087356567383
concrete_strength,4,531,21.283947981320896,31.711761474609375
concrete_strength,4,532,20.969058623680702,30.898174285888672
concrete_strength,4,533,21.483032886798565,31.219905853271484
concrete_strength,4,534,21.130037032640896,33.31077575683594
concrete_strength,4,535,21.298318239358757,30.951171875
concrete_strength,4,536,21.437165773831882,30.700725555419922
concrete_strength,4,537,21.149985863612248,31.541826248168945
concrete_strength,4,538,21.759629836449257,30.76919174194336
concrete_strength,4,539,21.353616925386284,31.177505493164062
concrete_strength,4,540,21.3946700829726,32.63358688354492
concrete_strength,4,541,21.45796830837543,30.704580307006836
concrete_strength,4,542,21.977437532865086,30.561431884765625
concrete_strength,4,543,21.77598865215595,31.077417373657227
concrete_strength,4,544,22.706488609313965,31.929367065429688
concrete_strength,4,545,22.12815337914687,32.344482421875
concrete_strength,4,546,22.248060813316933,30.662853240966797
concrete_strength,4,547,20.712012217595028,31.23011016845703
concrete_strength,4,548,21.13071236243615,31.29481315612793
concrete_strength,4,549,21.660478298480694,31.414548873901367
concrete_strength,4,550,21.628179806929367,31.12396240234375
concrete_strength,4,551,21.34796972458179,31.846961975097656
concrete_strength,4,552,20.94708904853234,30.943511962890625
concrete_strength,4,553,20.795288434395424,32.453163146972656
concrete_strength,4,554,21.751892016484188,30.9415225982666
concrete_strength,4,555,21.099908058459942,31.065732955932617
concrete_strength,4,556,20.914714152996357,32.011837005615234
concrete_strength,4,557,20.84443712234497,30.77652931213379
concrete_strength,4,558,20.97537799981924,30.816936492919922
concrete_strength,4,559,20.9193213902987,30.488555908203125
concrete_strength,4,560,21.088490412785458,30.91440200805664
concrete_strength,4,561,21.83619235112117,31.184322357177734
concrete_strength,4,562,21.114740261664757,30.821460723876953
concrete_strength,4,563,22.047084404872013,31.76768684387207
concrete_strength,4,564,22.03505912193885,30.960041046142578
concrete_strength,4,565,22.025152133061336,32.5753173828125
concrete_strength,4,566,21.326906571021446,30.652761459350586
concrete_strength,4,567,20.701687189248894,31.514453887939453
concrete_strength,4,568,20.738283835924587,30.407211303710938
concrete_strength,4,569,21.744886545034554,30.678722381591797
concrete_strength,4,570,21.19879753773029,31.30385971069336
concrete_strength,4,571,21.093041309943565,32.04789352416992
concrete_strength,4,572,22.764281603006218,30.96407127380371
concrete_strength,4,573,20.722007898183968,31.079360961914062
concrete_strength,4,574,20.872561821570763,30.721342086791992
concrete_strength,4,575,21.584786305060753,30.736059188842773
concrete_strength,4,576,20.773017516502968,30.208593368530273
concrete_strength,4,577,20.888986624204197,31.787532806396484
concrete_strength,4,578,21.490114322075478,31.506637573242188
concrete_strength,4,579,21.581407436957726,31.0658016204834
concrete_strength,4,580,22.94111094107995,31.237958908081055
concrete_strength,4,581,21.665456148294304,30.79199981689453
concrete_strength,4,582,21.880235488598164,30.746929168701172
concrete_strength,4,583,20.736012275402363,30.938983917236328
concrete_strength,4,584,21.146622584416317,31.58411979675293
concrete_strength,4,585,20.63435459136963,30.65629768371582
concrete_strength,4,586,20.26183643707862,31.099971771240234
concrete_strength,4,587,21.18585128050584,30.03461265563965
concrete_strength,4,588,21.63710957307082,32.28236770629883
concrete_strength,4,589,21.886299866896408,31.1905517578125
concrete_strength,4,590,21.24267706504235,30.591785430908203
concrete_strength,4,591,20.68616881737342,30.102514266967773
concrete_strength,4,592,20.72531718474168,30.419170379638672
concrete_strength,4,593,20.401296542241024,30.595693588256836
concrete_strength,4,594,20.54405590204092,30.392070770263672
concrete_strength,4,595,21.798136967879074,30.46524429321289
concrete_strength,4,596,21.149215368124153,30.535322189331055
concrete_strength,4,597,20.654672989478478,30.2390079498291
concrete_strength,4,598,20.594019339634823,30.16040802001953
concrete_strength,4,599,23.337159596956692,30.32370948791504
concrete_strength,4,600,20.449484605055588,30.937013626098633
concrete_strength,4,601,20.06085205078125,30.447555541992188
concrete_strength,4,602,20.47962889304528,30.909366607666016
concrete_strength,4,603,21.4665694970351,30.789207458496094
concrete_strength,4,604,21.253046402564415,30.43487548828125
concrete_strength,4,605,21.047244402078483,31.54462242126465
concrete_strength,4,606,21.07204826061542,30.549476623535156
concrete_strength,4,607,20.700144327603855,29.95224952697754
concrete_strength,4,608,20.618497188274677,30.426801681518555
concrete_strength,4,609,21.365221940554104,30.5339412689209
concrete_strength,4,610,21.37193019573505,30.07118034362793
concrete_strength,4,611,20.39730350787823,31.082990646362305
concrete_strength,4,612,20.57818779578576,30.94932746887207
concrete_strength,4,613,21.367071518531212,30.171890258789062
concrete_strength,4,614,21.099203146420994,30.725955963134766
concrete_strength,4,615,23.22694886647738,30.274219512939453
concrete_strength,4,616,22.10834690240713,30.238929748535156
concrete_strength,4,617,20.891721615424522,29.496286392211914
concrete_strength,4,618,19.89124025748326,31.541168212890625
concrete_strength,4,619,21.291650405296913,30.357200622558594
concrete_strength,4,620,19.96575377537654,29.90241241455078
concrete_strength,4,621,20.539456660930927,30.077104568481445
concrete_strength,4,622,20.37439313301673,30.297019958496094
concrete_strength,4,623,20.141564002403847,29.84954071044922
concrete_strength,4,624,20.438890860630917,30.685537338256836
concrete_strength,4,625,20.254071565774773,29.7958984375
concrete_strength,4,626,20.233026027679443,29.831357955932617
concrete_strength,4,627,19.94111989094661,29.867549896240234
concrete_strength,4,628,19.892133694428665,30.795055389404297
concrete_strength,4,629,20.613885751137367,29.90380096435547
concrete_strength,4,630,21.18246547992413,30.700124740600586
concrete_strength,4,631,21.854282269111046,30.140716552734375
concrete_strength,4,632,22.848912954330444,30.7764835357666
concrete_strength,4,633,20.94378031217135,32.31582260131836
concrete_strength,4,634,22.700791065509502,29.6457576751709
concrete_strength,4,635,21.006076886103703,29.90016746520996
concrete_strength,4,636,20.31171883069552,29.651430130004883
concrete_strength,4,637,20.819715169759895,29.93762969970703
concrete_strength,4,638,19.999235446636494,29.995197296142578
concrete_strength,4,639,20.607254468477688,29.382144927978516
concrete_strength,4,640,20.865682271810677,29.65509796142578
concrete_strength,4,641,20.511408365689793,29.788177490234375
concrete_strength,4,642,20.406417846679688,30.39423179626465
concrete_strength,4,643,19.833403440622185,29.599206924438477
concrete_strength,4,644,19.584307487194355,29.87649154663086
concrete_strength,4,645,20.58700334108793,30.748844146728516
concrete_strength,4,646,19.90151231105511,29.36888885498047
concrete_strength,4,647,19.811228697116558,30.944599151611328
concrete_strength,4,648,19.945278497842644,29.58080291748047
concrete_strength,4,649,20.47551703453064,30.254741668701172
concrete_strength,4,650,19.93555652178251,30.10895538330078
concrete_strength,4,651,19.906872015732986,30.284170150756836
concrete_strength,4,652,19.538188530848576,29.485584259033203
concrete_strength,4,653,19.85623363348154,30.291669845581055
concrete_strength,4,654,20.844080411470852,30.685813903808594
concrete_strength,4,655,20.299058987544132,30.971620559692383
concrete_strength,4,656,20.092319158407356,29.650293350219727
concrete_strength,4,657,20.03747056080745,29.793270111083984
concrete_strength,4,658,19.772224169511063,29.571474075317383
concrete_strength,4,659,19.478062849778397,29.853580474853516
concrete_strength,4,660,20.00759330162635,29.143508911132812
concrete_strength,4,661,20.271738584224995,29.424867630004883
concrete_strength,4,662,19.69850364098182,29.9668025970459
concrete_strength,4,663,19.65555431292607,30.052478790283203
concrete_strength,4,664,19.38983972256,30.56094741821289
concrete_strength,4,665,19.34060426858755,29.578678131103516
concrete_strength,4,666,21.284615846780632,29.61520767211914
concrete_strength,4,667,20.769304789029636,29.66693687438965
concrete_strength,4,668,19.968457442063553,29.914459228515625
concrete_strength,4,669,19.772280032818134,29.711530685424805
concrete_strength,4,670,19.57071566581726,29.124038696289062
concrete_strength,4,671,19.574511142877434,29.659252166748047
concrete_strength,4,672,19.4931080524738,31.205163955688477
concrete_strength,4,673,19.340441336998573,30.621288299560547
concrete_strength,4,674,20.040224368755634,28.81604766845703
concrete_strength,4,675,19.81182149740366,29.48940658569336
concrete_strength,4,676,19.706095475416916,29.341617584228516
concrete_strength,4,677,19.656125435462364,29.29061508178711
concrete_strength,4,678,19.876772697155292,29.63800811767578
concrete_strength,4,679,20.049339881310097,31.635847091674805
concrete_strength,4,680,20.893492515270527,29.454504013061523
concrete_strength,4,681,20.053684738966133,28.86551284790039
concrete_strength,4,682,20.40402496778048,28.999881744384766
concrete_strength,4,683,19.227840813306663,29.53010368347168
concrete_strength,4,684,19.546691307654747,29.765241622924805
concrete_strength,4,685,19.54800767164964,30.841293334960938
concrete_strength,4,686,19.511692725695095,29.841211318969727
concrete_strength,4,687,20.116984110612137,30.43695831298828
concrete_strength,4,688,19.52571854224572,29.183507919311523
concrete_strength,4,689,19.81747579574585,30.308937072753906
concrete_strength,4,690,20.761651772719162,29.49388313293457
concrete_strength,4,691,20.517719965714676,28.789287567138672
concrete_strength,4,692,19.653411791874813,29.064348220825195
concrete_strength,4,693,22.713571621821476,29.237489700317383
concrete_strength,4,694,19.536631098160377,29.830196380615234
concrete_strength,4,695,19.546357778402474,29.512617111206055
concrete_strength,4,696,19.21263019855206,28.592302322387695
concrete_strength,4,697,19.94774106832651,29.058679580688477
concrete_strength,4,698,20.975625863442055,29.175575256347656
concrete_strength,4,699,20.798629614023064,28.742284774780273
concrete_strength,4,700,19.366479800297665,29.17920684814453
concrete_strength,4,701,19.318226080674393,30.047853469848633
concrete_strength,4,702,19.286691372211163,29.67922019958496
concrete_strength,4,703,20.567117581000694,28.812286376953125
concrete_strength,4,704,20.26616914455707,29.248462677001953
concrete_strength,4,705,19.13142965390132,28.99920654296875
concrete_strength,4,706,18.99104774915255,29.39553451538086
concrete_strength,4,707,19.821200315768902,29.163616180419922
concrete_strength,4,708,19.560818965618427,28.767486572265625
concrete_strength,4,709,19.35303438626803,28.777713775634766
concrete_strength,4,710,20.682183999281662,29.24262237548828
concrete_strength,4,711,19.86253496316763,29.446510314941406
concrete_strength,4,712,19.328646302223206,29.527421951293945
concrete_strength,4,713,19.25711019222553,30.481595993041992
concrete_strength,4,714,19.211099771352913,28.907974243164062
concrete_strength,4,715,19.532714733710655,29.731658935546875
concrete_strength,4,716,18.893736637555637,29.537731170654297
concrete_strength,4,717,19.20462942123413,29.803686141967773
concrete_strength,4,718,18.991494527229897,29.53131866455078
concrete_strength,4,719,20.33245139855605,29.00064468383789
concrete_strength,4,720,20.503055499150204,29.487285614013672
concrete_strength,4,721,19.33396053314209,28.633502960205078
concrete_strength,4,722,19.961895649249737,29.23389434814453
concrete_strength,4,723,19.159911999335655,29.28647804260254
concrete_strength,4,724,18.89721076305096,28.676773071289062
concrete_strength,4,725,18.92586665887099,29.922452926635742
concrete_strength,4,726,21.424012404221756,30.193599700927734
concrete_strength,4,727,19.206739966685955,29.494218826293945
concrete_strength,4,728,20.076090996082012,29.243112564086914
concrete_strength,4,729,19.60284500855666,29.528636932373047
concrete_strength,4,730,19.439308129824123,29.79413414001465
concrete_strength,4,731,19.787999153137207,28.389842987060547
concrete_strength,4,732,18.9952343243819,27.860361099243164
concrete_strength,4,733,21.016162432157078,28.37586212158203
concrete_strength,4,734,18.891357568594124,28.351747512817383
concrete_strength,4,735,19.03454564167903,29.811025619506836
concrete_strength,4,736,18.565669362361614,28.58232307434082
concrete_strength,4,737,20.003622898688683,28.427770614624023
concrete_strength,4,738,19.4606834925138,28.80379867553711
concrete_strength,4,739,19.50165579869197,28.279678344726562
concrete_strength,4,740,18.682429515398464,29.124582290649414
concrete_strength,4,741,19.225058757341824,28.45684242248535
concrete_strength,4,742,19.30914543225215,28.156797409057617
concrete_strength,4,743,18.776969799628624,28.578229904174805
concrete_strength,4,744,19.760488583491398,28.761857986450195
concrete_strength,4,745,18.70944488965548,29.00890350341797
concrete_strength,4,746,19.084613286531887,28.437341690063477
concrete_strength,4,747,19.353545592381405,28.69856834411621
concrete_strength,4,748,19.00816033436702,28.084562301635742
concrete_strength,4,749,19.01525226006141,29.0166072845459
concrete_strength,4,750,18.89304674588717,27.714731216430664
concrete_strength,4,751,18.440341802743767,29.3070125579834
concrete_strength,4,752,18.99035593179556,28.576108932495117
concrete_strength,4,753,19.06393630688007,28.198209762573242
concrete_strength,4,754,18.710812715383675,28.241493225097656
concrete_strength,4,755,18.593451316540058,27.953527450561523
concrete_strength,4,756,18.577663458310642,27.816041946411133
concrete_strength,4,757,18.828680441929745,28.325878143310547
concrete_strength,4,758,18.92404765349168,27.86647605895996
concrete_strength,4,759,19.25699989612286,28.124637603759766
concrete_strength,4,760,18.616196669065037,28.408401489257812
concrete_strength,4,761,19.57143365419828,28.06111717224121
concrete_strength,4,762,18.992162851186897,28.1455135345459
concrete_strength,4,763,18.45383992561927,28.679779052734375
concrete_strength,4,764,20.73669510621291,28.476734161376953
concrete_strength,4,765,19.033919994647686,28.48198699951172
concrete_strength,4,766,18.589511284461388,27.648731231689453
concrete_strength,4,767,18.497881155747635,27.82917022705078
concrete_strength,4,768,18.565648188957802,28.07304573059082
concrete_strength,4,769,18.58101048836341,27.9735107421875
concrete_strength,4,770,19.780266174903282,27.796194076538086
concrete_strength,4,771,20.226507296928993,28.242116928100586
concrete_strength,4,772,18.674066616938664,28.55399513244629
concrete_strength,4,773,18.38490126683162,27.809080123901367
concrete_strength,4,774,18.725474430964542,27.47828483581543
concrete_strength,4,775,18.712479774768536,27.858306884765625
concrete_strength,4,776,18.220874309539795,27.83824920654297
concrete_strength,4,777,18.366399398216835,27.917936325073242
concrete_strength,4,778,20.22187221967257,27.54387664794922
concrete_strength,4,779,19.10435251089243,28.84532928466797
concrete_strength,4,780,19.019630908966064,28.006685256958008
concrete_strength,4,781,18.163166724718533,28.466381072998047
concrete_strength,4,782,19.00010974590595,28.25816535949707
concrete_strength,4,783,18.36719300196721,28.01861000061035
concrete_strength,4,784,18.2398697412931,28.161930084228516
concrete_strength,4,785,18.21162407214825,27.74686050415039
concrete_strength,4,786,18.028321009415848,27.560422897338867
concrete_strength,4,787,20.76066750746507,28.544063568115234
concrete_strength,4,788,19.6600440465487,27.832502365112305
concrete_strength,4,789,18.08587547448965,27.63387107849121
concrete_strength,4,790,19.83433932524461,27.064069747924805
concrete_strength,4,791,18.960707040933464,27.633840560913086
concrete_strength,4,792,19.128106153928318,27.16885757446289
concrete_strength,4,793,18.64454696728633,29.516637802124023
concrete_strength,4,794,18.39330003811763,28.304595947265625
concrete_strength,4,795,18.00229233961839,27.209827423095703
concrete_strength,4,796,18.125875757290768,27.374013900756836
concrete_strength,4,797,19.274161412165714,28.33380889892578
concrete_strength,4,798,18.454597619863655,28.01629638671875
concrete_strength,4,799,17.82983557994549,27.55694580078125
concrete_strength,4,800,18.38663680736835,28.001800537109375
concrete_strength,4,801,18.55369736598088,27.81989860534668
concrete_strength,4,802,18.095350613960854,27.46421241760254
concrete_strength,4,803,18.422436163975643,27.739246368408203
concrete_strength,4,804,18.277580903126644,27.957216262817383
concrete_strength,4,805,17.921704640755287,27.405412673950195
concrete_strength,4,806,18.33299919275137,27.98830795288086
concrete_strength,4,807,18.210977499301617,27.593738555908203
concrete_strength,4,808,18.714966773986816,27.147418975830078
concrete_strength,4,809,18.516482499929573,27.148679733276367
concrete_strength,4,810,18.596672168144813,28.04893684387207
concrete_strength,4,811,18.878051941211407,27.63553237915039
concrete_strength,4,812,18.25475933918586,28.260847091674805
concrete_strength,4,813,18.38602667588454,27.325027465820312
concrete_strength,4,814,17.954881319632896,27.312923431396484
concrete_strength,4,815,18.485620351938103,27.971654891967773
concrete_strength,4,816,18.35288528295664,27.239225387573242
concrete_strength,4,817,18.022236310518704,27.20691680908203
concrete_strength,4,818,18.639486276186428,28.72052574157715
concrete_strength,4,819,19.120481381049522,28.902873992919922
concrete_strength,4,820,18.447329117701603,27.246780395507812
concrete_strength,4,821,19.29220724105835,27.181612014770508
concrete_strength,4,822,18.02256364088792,27.34418296813965
concrete_strength,4,823,18.106814237741325,27.125904083251953
concrete_strength,4,824,19.32970450474666,28.386486053466797
concrete_strength,4,825,18.924902879274807,26.881425857543945
concrete_strength,4,826,18.255283429072453,27.216604232788086
concrete_strength,4,827,17.54052886596093,28.216732025146484
concrete_strength,4,828,18.445865851182205,27.80851173400879
concrete_strength,4,829,17.907040889446552,28.31229591369629
concrete_strength,4,830,18.607639422783485,27.724706649780273
concrete_strength,4,831,19.841112943796013,27.31106948852539
concrete_strength,4,832,18.23158249488244,27.723421096801758
concrete_strength,4,833,17.778433396266056,27.658018112182617
concrete_strength,4,834,18.42615769459651,27.042621612548828
concrete_strength,4,835,18.207651395064133,27.115251541137695
concrete_strength,4,836,17.781723462618313,27.334766387939453
concrete_strength,4,837,19.507105717292198,27.70016098022461
concrete_strength,4,838,18.950099101433388,27.289630889892578
concrete_strength,4,839,17.90728260920598,27.146074295043945
concrete_strength,4,840,18.39816849048321,27.79026985168457
concrete_strength,4,841,18.083098925077,26.902238845825195
concrete_strength,4,842,19.181300530066856,27.199554443359375
concrete_strength,4,843,18.357093517596905,26.86298179626465
concrete_strength,4,844,17.56746035355788,26.9697265625
concrete_strength,4,845,20.252255072960487,27.25847053527832
concrete_strength,4,846,18.738250686572147,27.497142791748047
concrete_strength,4,847,17.609316660807682,27.229202270507812
concrete_strength,4,848,17.669948211083046,27.40909194946289
concrete_strength,4,849,17.924127395336445,27.332969665527344
concrete_strength,4,850,17.558050265678993,26.722209930419922
concrete_strength,4,851,18.602196766779972,27.03816795349121
concrete_strength,4,852,18.36792199428265,26.657161712646484
concrete_strength,4,853,18.52254372376662,27.253896713256836
concrete_strength,4,854,17.6772644336407,28.063674926757812
concrete_strength,4,855,17.846946166111874,28.28935432434082
concrete_strength,4,856,17.693661653078518,27.455671310424805
concrete_strength,4,857,17.768045278695915,26.843643188476562
concrete_strength,4,858,18.58312155650212,27.26474380493164
concrete_strength,4,859,18.482188298152042,26.936079025268555
concrete_strength,4,860,18.21727862724891,27.6474552154541
concrete_strength,4,861,17.395565784894504,26.874797821044922
concrete_strength,4,862,18.241256145330574,26.755300521850586
concrete_strength,4,863,18.273254027733437,26.825550079345703
concrete_strength,4,864,18.526532906752365,26.669538497924805
concrete_strength,4,865,17.812580878917988,26.602706909179688
concrete_strength,4,866,19.547896238473747,27.572099685668945
concrete_strength,4,867,18.120038674427914,28.06669807434082
concrete_strength,4,868,18.095121933863712,28.044567108154297
concrete_strength,4,869,18.123985290527344,27.24015235900879
concrete_strength,4,870,20.2815030171321,27.15859603881836
concrete_strength,4,871,18.241158118614784,26.601285934448242
concrete_strength,4,872,18.331812766882088,26.956756591796875
concrete_strength,4,873,17.749337086310753,26.647621154785156
concrete_strength,4,874,18.045624402853157,26.798629760742188
concrete_strength,4,875,18.735898348001335,26.696624755859375
concrete_strength,4,876,17.953628595058735,26.632022857666016
concrete_strength,4,877,17.648881325354942,26.995136260986328
concrete_strength,4,878,17.710449072030876,26.489593505859375
concrete_strength,4,879,17.405377864837646,26.79632568359375
concrete_strength,4,880,18.105286524846004,27.51645851135254
concrete_strength,4,881,17.430344508244442,26.441518783569336
concrete_strength,4,882,17.883685552156887,26.674692153930664
concrete_strength,4,883,17.672354478102463,27.06075668334961
concrete_strength,4,884,17.68130012658926,26.30706787109375
concrete_strength,4,885,17.97200105740474,27.28676986694336
concrete_strength,4,886,18.539309464968166,26.344999313354492
concrete_strength,4,887,18.742951173048752,26.489299774169922
concrete_strength,4,888,18.575463625100944,27.94131088256836
concrete_strength,4,889,19.470566492814285,26.9349365234375
concrete_strength,4,890,18.705369912661038,27.610288619995117
concrete_strength,4,891,18.38717970481286,26.842185974121094
concrete_strength,4,892,18.8774532354795,27.473390579223633
concrete_strength,4,893,18.43597173690796,26.379995346069336
concrete_strength,4,894,18.294208783369797,26.972848892211914
concrete_strength,4,895,17.474792443788967,26.85906410217285
concrete_strength,4,896,17.44860344666701,27.514461517333984
concrete_strength,4,897,17.728464640103855,26.96994972229004
concrete_strength,4,898,18.148958683013916,26.756731033325195
concrete_strength,4,899,17.339238680326023,26.566728591918945
concrete_strength,4,900,18.34190012858464,26.793167114257812
concrete_strength,4,901,17.64790654182434,26.337295532226562
concrete_strength,4,902,17.66037306418786,26.7484188079834
concrete_strength,4,903,17.998787659865158,26.6777400970459
concrete_strength,4,904,17.65931311020484,26.39177703857422
concrete_strength,4,905,18.398913640242355,26.17795753479004
concrete_strength,4,906,17.496907600989708,26.858800888061523
concrete_strength,4,907,18.30489316353431,26.4849796295166
concrete_strength,4,908,17.357607933191154,26.47853660583496
concrete_strength,4,909,18.111546919896053,26.713346481323242
concrete_strength,4,910,17.774577379226685,27.489913940429688
concrete_strength,4,911,17.42321645296537,26.951879501342773
concrete_strength,4,912,18.077759944475613,26.65955924987793
concrete_strength,4,913,17.25067112996028,26.37141227722168
concrete_strength,4,914,17.743468321286716,27.759550094604492
concrete_strength,4,915,17.998001905588005,26.30132484436035
concrete_strength,4,916,17.28568592438331,26.795055389404297
concrete_strength,4,917,17.60111794104943,26.273029327392578
concrete_strength,4,918,18.985047780550442,26.648860931396484
concrete_strength,4,919,18.57038380549504,26.0125789642334
concrete_strength,4,920,18.37426134256216,26.2531681060791
concrete_strength,4,921,18.16481087757991,27.348133087158203
concrete_strength,4,922,18.15228271484375,27.386383056640625
concrete_strength,4,923,17.679152727127075,26.189983367919922
concrete_strength,4,924,17.15552268578456,26.736587524414062
concrete_strength,4,925,17.020422366949227,26.864713668823242
concrete_strength,4,926,17.169951576452988,26.521440505981445
concrete_strength,4,927,17.899704456329346,27.27184295654297
concrete_strength,4,928,19.32357637698834,26.37481117248535
concrete_strength,4,929,18.193062507189236,27.240524291992188
concrete_strength,4,930,17.680831872499905,26.35957908630371
concrete_strength,4,931,17.44266286263099,26.478015899658203
concrete_strength,4,932,17.850913487947903,26.942312240600586
concrete_strength,4,933,17.47494519673861,26.63157844543457
concrete_strength,4,934,18.513170572427605,27.14069938659668
concrete_strength,4,935,18.16521530884963,26.220251083374023
concrete_strength,4,936,17.91945376762977,26.267335891723633
concrete_strength,4,937,17.845472720953133,26.67573356628418
concrete_strength,4,938,17.655786000765286,26.396804809570312
concrete_strength,4,939,17.13686249806331,26.43315315246582
concrete_strength,4,940,17.49484216249906,26.235244750976562
concrete_strength,4,941,17.632065369532658,28.183496475219727
concrete_strength,4,942,17.043152295626125,26.312835693359375
concrete_strength,4,943,17.122165423173172,26.780532836914062
concrete_strength,4,944,17.312562685746414,26.472139358520508
concrete_strength,4,945,16.987622407766487,26.6125545501709
concrete_strength,4,946,17.096760126260612,26.517656326293945
concrete_strength,4,947,20.202065211076004,28.52490234375
concrete_strength,4,948,19.173550349015457,26.368972778320312
concrete_strength,4,949,17.327141110713665,26.037376403808594
concrete_strength,4,950,17.243763520167423,25.85799789428711
concrete_strength,4,951,17.56918633901156,26.772201538085938
concrete_strength,4,952,16.937102281130276,25.61929702758789
concrete_strength,4,953,17.378358144026535,26.418073654174805
concrete_strength,4,954,18.398874869713417,26.4764404296875
concrete_strength,4,955,17.18149973795964,26.554508209228516
concrete_strength,4,956,17.442230994884785,25.906747817993164
concrete_strength,4,957,17.074017671438362,26.58163833618164
concrete_strength,4,958,16.956080730144794,26.0614070892334
concrete_strength,4,959,17.863201288076546,26.219905853271484
concrete_strength,4,960,17.085987604581394,26.18172264099121
concrete_strength,4,961,17.084290449435894,25.902231216430664
concrete_strength,4,962,17.885053928081806,26.165218353271484
concrete_strength,4,963,17.056553473839394,26.352842330932617
concrete_strength,4,964,16.840105772018433,27.32189178466797
concrete_strength,4,965,16.874944283412052,26.10559844970703
concrete_strength,4,966,17.762115771953876,25.992353439331055
concrete_strength,4,967,17.117036672738884,26.219194412231445
concrete_strength,4,968,16.939338427323563,26.553497314453125
concrete_strength,4,969,17.59503878079928,27.1340274810791
concrete_strength,4,970,18.35593894811777,26.590465545654297
concrete_strength,4,971,16.78202464030339,27.037710189819336
concrete_strength,4,972,17.66513255926279,26.185895919799805
concrete_strength,4,973,16.873540364778957,26.85845184326172
concrete_strength,4,974,16.840455788832443,25.843263626098633
concrete_strength,4,975,17.09742313164931,26.586017608642578
concrete_strength,4,976,17.286646952995888,25.78826141357422
concrete_strength,4,977,16.935391939603367,25.96467399597168
concrete_strength,4,978,17.831213547633244,25.416040420532227
concrete_strength,4,979,17.36037888893714,25.594104766845703
concrete_strength,4,980,17.971785930486824,25.547561645507812
concrete_strength,4,981,17.163113777454083,26.268281936645508
concrete_strength,4,982,16.89889731773963,25.786903381347656
concrete_strength,4,983,17.39270776968736,25.677183151245117
concrete_strength,4,984,17.16982573729295,26.197307586669922
concrete_strength,4,985,16.71242664410518,25.619853973388672
concrete_strength,4,986,17.510684196765606,26.0291748046875
concrete_strength,4,987,16.916884706570553,26.66730308532715
concrete_strength,4,988,17.670818842374363,25.890174865722656
concrete_strength,4,989,16.950593948364258,26.5692138671875
concrete_strength,4,990,17.620568715609036,26.161666870117188
concrete_strength,4,991,17.09175784771259,26.027568817138672
concrete_strength,4,992,17.049657271458553,25.72452163696289
concrete_strength,4,993,18.753234698222233,26.208168029785156
concrete_strength,4,994,17.50418626345121,26.069887161254883
concrete_strength,4,995,16.875869805996235,25.93089485168457
concrete_strength,4,996,16.88588864986713,25.96934700012207
concrete_strength,4,997,16.752656496488132,25.894210815429688
concrete_strength,4,998,16.89482043339656,25.641433715820312
concrete_strength,4,999,16.887510703160213,25.5793399810791
concrete_strength,2,0,44.045655764066254,47.874732971191406
concrete_strength,2,1,39.040370867802544,46.46665954589844
concrete_strength,2,2,35.16139591657198,47.002838134765625
concrete_strength,2,3,36.27673273820143,47.05518341064453
concrete_strength,2,4,36.119614381056564,47.57822036743164
concrete_strength,2,5,35.083646260775055,46.818885803222656
concrete_strength,2,6,34.79466922466572,45.346824645996094
concrete_strength,2,7,36.40236315360436,46.93770980834961
concrete_strength,2,8,35.34938665536734,45.64695739746094
concrete_strength,2,9,34.78305750626784,45.45130920410156
concrete_strength,2,10,33.852327805299026,44.83614730834961
concrete_strength,2,11,33.954839596381554,45.08393478393555
concrete_strength,2,12,35.200220621549164,44.73073959350586
concrete_strength,2,13,33.88016392634465,44.7447395324707
concrete_strength,2,14,34.42207380441519,44.50282669067383
concrete_strength,2,15,33.811847099891075,44.48316955566406
concrete_strength,2,16,34.885254676525406,44.3449592590332
concrete_strength,2,17,34.030865962688736,44.09584426879883
concrete_strength,2,18,34.13293798153217,44.04655456542969
concrete_strength,2,19,33.234251682574936,44.035091400146484
concrete_strength,2,20,33.32492270836463,43.91924285888672
concrete_strength,2,21,32.81799052311824,44.01363754272461
concrete_strength,2,22,34.08398745610164,48.7816276550293
concrete_strength,2,23,35.879077251140885,49.18022537231445
concrete_strength,2,24,34.2214361337515,44.20934295654297
concrete_strength,2,25,31.646848586889412,43.72600555419922
concrete_strength,2,26,32.56784376731286,45.559688568115234
concrete_strength,2,27,33.18786951211783,44.843353271484375
concrete_strength,2,28,31.838194196040813,46.88038635253906
concrete_strength,2,29,34.60394389812763,43.949798583984375
concrete_strength,2,30,33.32203773351816,43.4407844543457
concrete_strength,2,31,33.560151246877815,43.465023040771484
concrete_strength,2,32,32.40448480386,43.36109924316406
concrete_strength,2,33,31.119707703590393,44.25644302368164
concrete_strength,2,34,31.68411269554725,43.277679443359375
concrete_strength,2,35,31.652600288391113,44.201725006103516
concrete_strength,2,36,31.900828214792107,43.46241760253906
concrete_strength,2,37,31.107915150431488,43.8723030090332
concrete_strength,2,38,30.922026780935433,43.032470703125
concrete_strength,2,39,30.742903379293587,43.37689971923828
concrete_strength,2,40,30.379276679112362,43.776912689208984
concrete_strength,2,41,32.20460488246037,43.70874786376953
concrete_strength,2,42,30.859143917377178,42.93150329589844
concrete_strength,2,43,32.834768478686996,43.209747314453125
concrete_strength,2,44,31.374303597670334,44.03089141845703
concrete_strength,2,45,31.257811619685246,45.46379852294922
concrete_strength,2,46,31.64598853771503,42.63197708129883
concrete_strength,2,47,29.997719122813297,43.65841293334961
concrete_strength,2,48,32.11156353583703,42.83742904663086
concrete_strength,2,49,30.992820959824783,42.48723220825195
concrete_strength,2,50,29.95493059891921,42.44708251953125
concrete_strength,2,51,29.622129697066086,42.81427764892578
concrete_strength,2,52,30.688005080589882,42.638492584228516
concrete_strength,2,53,30.65452340932993,45.47613525390625
concrete_strength,2,54,31.017875781426063,43.35704803466797
concrete_strength,2,55,31.221770653357872,42.2455940246582
concrete_strength,2,56,30.277855799748348,42.770164489746094
concrete_strength,2,57,29.154271870851517,42.73693084716797
concrete_strength,2,58,30.00983058489286,42.45001983642578
concrete_strength,2,59,32.446178949796234,42.31575012207031
concrete_strength,2,60,31.975367619441105,43.030391693115234
concrete_strength,2,61,31.752994463993954,42.086429595947266
concrete_strength,2,62,30.176396149855393,43.13801193237305
concrete_strength,2,63,29.27376754467304,43.084999084472656
concrete_strength,2,64,30.803228525015022,43.46963119506836
concrete_strength,2,65,30.046323959644024,43.003929138183594
concrete_strength,2,66,30.88287529578576,42.86260986328125
concrete_strength,2,67,30.00588035583496,42.47462844848633
concrete_strength,2,68,30.070506169245792,43.792362213134766
concrete_strength,2,69,30.764291763305664,42.782859802246094
concrete_strength,2,70,28.770414902613712,42.70699691772461
concrete_strength,2,71,30.823903120481052,44.33506393432617
concrete_strength,2,72,28.918939333695633,45.77164077758789
concrete_strength,2,73,28.37179533793376,43.417137145996094
concrete_strength,2,74,28.63229355445275,42.18460464477539
concrete_strength,2,75,29.135910511016846,43.1078987121582
concrete_strength,2,76,29.12197670569787,41.71977996826172
concrete_strength,2,77,28.60391715856699,42.5583610534668
concrete_strength,2,78,28.432979400341328,42.57963180541992
concrete_strength,2,79,28.18386822480422,42.118446350097656
concrete_strength,2,80,28.928381553063026,44.33298873901367
concrete_strength,2,81,28.84078546670767,43.04808044433594
concrete_strength,2,82,28.09222753231342,43.514102935791016
concrete_strength,2,83,28.4257591687716,41.959049224853516
concrete_strength,2,84,31.890639781951904,44.58500289916992
concrete_strength,2,85,29.505587394420917,42.47388458251953
concrete_strength,2,86,28.613331886438225,45.479400634765625
concrete_strength,2,87,28.52747891499446,42.2729606628418
concrete_strength,2,88,27.973285344930794,42.35350036621094
concrete_strength,2,89,29.867738466996414,43.298828125
concrete_strength,2,90,28.252539194547214,41.441551208496094
concrete_strength,2,91,29.5152451808636,41.8233642578125
concrete_strength,2,92,28.240726250868576,41.568485260009766
concrete_strength,2,93,31.99636804140531,41.5267333984375
concrete_strength,2,94,29.660660083477314,41.12997055053711
concrete_strength,2,95,28.455963574923,43.12907028198242
concrete_strength,2,96,27.449286754314716,41.400455474853516
concrete_strength,2,97,27.314050124241756,41.60514450073242
concrete_strength,2,98,28.47699895271888,41.166507720947266
concrete_strength,2,99,28.133095576212956,42.81578063964844
concrete_strength,2,100,27.734645770146297,41.81466293334961
concrete_strength,2,101,28.759197125068077,43.41282653808594
concrete_strength,2,102,28.34794939481295,46.48078918457031
concrete_strength,2,103,28.890614142784706,41.60572052001953
concrete_strength,2,104,27.747129990504337,40.96459197998047
concrete_strength,2,105,27.25896593240591,42.197750091552734
concrete_strength,2,106,27.943618921133186,44.06020736694336
concrete_strength,2,107,27.89628949532142,40.92528533935547
concrete_strength,2,108,27.385100328005276,41.0800895690918
concrete_strength,2,109,28.452010521521935,44.9393424987793
concrete_strength,2,110,28.71785416969886,43.421024322509766
concrete_strength,2,111,27.76407340856699,42.87720489501953
concrete_strength,2,112,28.153843806340145,40.97704315185547
concrete_strength,2,113,27.364984365609978,40.93861389160156
concrete_strength,2,114,27.377552289229172,40.864501953125
concrete_strength,2,115,28.492120376000038,42.795013427734375
concrete_strength,2,116,27.719055799337532,40.568912506103516
concrete_strength,2,117,28.35617263500507,40.027259826660156
concrete_strength,2,118,28.86427274117103,40.40959930419922
concrete_strength,2,119,28.186114054459793,40.66304397583008
concrete_strength,2,120,27.91513600716224,41.11920928955078
concrete_strength,2,121,27.536546046917255,40.732818603515625
concrete_strength,2,122,26.343562584656937,40.326236724853516
concrete_strength,2,123,27.408007878523605,40.98455047607422
concrete_strength,2,124,27.074048812572773,39.85615539550781
concrete_strength,2,125,28.394168046804573,40.06956481933594
concrete_strength,2,126,28.2464138177725,40.017826080322266
concrete_strength,2,127,27.215327703035793,44.674888610839844
concrete_strength,2,128,27.068118278796856,43.54034423828125
concrete_strength,2,129,27.092313436361458,39.42686462402344
concrete_strength,2,130,27.65823903450599,40.38749313354492
concrete_strength,2,131,27.32489666571984,39.79583740234375
concrete_strength,2,132,26.752200016608604,42.887939453125
concrete_strength,2,133,26.545087520892803,39.82490921020508
concrete_strength,2,134,25.950609821539658,39.40814971923828
concrete_strength,2,135,29.182364243727463,41.67867660522461
concrete_strength,2,136,27.210043356968807,39.5390625
concrete_strength,2,137,26.285489815932053,40.15249252319336
concrete_strength,2,138,26.523624383486233,40.61243438720703
concrete_strength,2,139,26.35894302221445,39.767574310302734
concrete_strength,2,140,27.16673733637883,39.508792877197266
concrete_strength,2,141,26.69047003525954,38.856109619140625
concrete_strength,2,142,26.20501808019785,38.918312072753906
concrete_strength,2,143,26.823665545536922,39.005523681640625
concrete_strength,2,144,26.180645649249737,39.041648864746094
concrete_strength,2,145,27.57209895207332,38.90610122680664
concrete_strength,2,146,26.471718017871563,39.089351654052734
concrete_strength,2,147,26.411593950711765,38.774051666259766
concrete_strength,2,148,26.17495632171631,38.560096740722656
concrete_strength,2,149,26.674694721515362,39.144065856933594
concrete_strength,2,150,27.919749920184795,42.16884231567383
concrete_strength,2,151,27.82603513277494,40.48109436035156
concrete_strength,2,152,26.224886710827167,45.3143310546875
concrete_strength,2,153,27.064469044025127,40.2810173034668
concrete_strength,2,154,25.66973928304819,38.956939697265625
concrete_strength,2,155,25.49275192847619,38.92063522338867
concrete_strength,2,156,24.854928218401394,40.9532470703125
concrete_strength,2,157,26.07560612605168,38.66144943237305
concrete_strength,2,158,27.91983883197491,38.34716033935547
concrete_strength,2,159,26.007936367621788,37.7874870300293
concrete_strength,2,160,26.139241915482742,38.049354553222656
concrete_strength,2,161,26.141791820526123,39.63290786743164
concrete_strength,2,162,25.725859458629902,38.906028747558594
concrete_strength,2,163,25.105942762815037,38.566497802734375
concrete_strength,2,164,26.043863553267258,37.86824035644531
concrete_strength,2,165,25.94791445365319,40.880882263183594
concrete_strength,2,166,25.641166136815,37.982662200927734
concrete_strength,2,167,26.177324808560886,38.46086502075195
concrete_strength,2,168,26.263918693249042,39.402793884277344
concrete_strength,2,169,26.06984017445491,38.24935531616211
concrete_strength,2,170,25.368612692906307,38.215702056884766
concrete_strength,2,171,25.00661666576679,37.530704498291016
concrete_strength,2,172,24.937434159792385,38.45008087158203
concrete_strength,2,173,25.511816611656776,38.6383056640625
concrete_strength,2,174,26.598289966583252,37.67814254760742
concrete_strength,2,175,26.90975941144503,38.6033821105957
concrete_strength,2,176,25.27585275356586,40.64745330810547
concrete_strength,2,177,26.17103092487042,38.54543685913086
concrete_strength,2,178,25.38651756139902,37.38541030883789
concrete_strength,2,179,26.016275772681603,39.49477005004883
concrete_strength,2,180,25.297825923332802,37.134761810302734
concrete_strength,2,181,24.86646470656762,37.454776763916016
concrete_strength,2,182,27.551680161402775,38.20812225341797
concrete_strength,2,183,25.97503585081834,37.45138931274414
concrete_strength,2,184,25.707414333636944,37.885765075683594
concrete_strength,2,185,25.608792818509617,37.678504943847656
concrete_strength,2,186,26.44287186402541,38.196170806884766
concrete_strength,2,187,24.98097148308387,37.631656646728516
concrete_strength,2,188,24.671774240640495,37.87419891357422
concrete_strength,2,189,24.77764657827524,37.790191650390625
concrete_strength,2,190,24.590228887704704,37.503475189208984
concrete_strength,2,191,24.676431270746086,37.76639175415039
concrete_strength,2,192,24.9874283350431,37.33578872680664
concrete_strength,2,193,25.117882031660812,37.1942024230957
concrete_strength,2,194,26.260246973771316,37.0120964050293
concrete_strength,2,195,24.73435200177706,38.48677062988281
concrete_strength,2,196,25.29934963813195,39.093204498291016
concrete_strength,2,197,24.604466438293457,37.105098724365234
concrete_strength,2,198,24.711513409247765,37.17793273925781
concrete_strength,2,199,24.370652712308445,37.55754852294922
concrete_strength,2,200,25.198943284841683,37.180484771728516
concrete_strength,2,201,27.285774561075065,38.465576171875
concrete_strength,2,202,25.892325437985935,37.5341682434082
concrete_strength,2,203,25.207791291750393,36.72727584838867
concrete_strength,2,204,23.83652786108164,37.228267669677734
concrete_strength,2,205,23.885737565847542,37.075645446777344
concrete_strength,2,206,23.878804445266724,37.68293380737305
concrete_strength,2,207,24.60493755340576,37.63833999633789
concrete_strength,2,208,24.07989193842961,36.69245147705078
concrete_strength,2,209,25.829495686751144,36.85398483276367
concrete_strength,2,210,24.059676793905403,36.795528411865234
concrete_strength,2,211,24.89416525914119,37.386749267578125
concrete_strength,2,212,26.622617574838493,36.49946975708008
concrete_strength,2,213,25.619306527651272,37.415985107421875
concrete_strength,2,214,27.33245350764348,37.37861633300781
concrete_strength,2,215,24.40761687205388,36.9897346496582
concrete_strength,2,216,24.546000223893387,36.67270278930664
concrete_strength,2,217,24.76390889974741,36.38895797729492
concrete_strength,2,218,23.692051887512207,36.16457748413086
concrete_strength,2,219,24.272480249404907,37.60231018066406
concrete_strength,2,220,23.954572420853836,36.32734298706055
concrete_strength,2,221,23.902554787122288,37.24592208862305
concrete_strength,2,222,24.312434930067795,36.09016418457031
concrete_strength,2,223,23.615024564357903,36.24380874633789
concrete_strength,2,224,23.20578567798321,35.687408447265625
concrete_strength,2,225,24.282592333280125,36.23341751098633
concrete_strength,2,226,24.304611169374905,36.12643051147461
concrete_strength,2,227,26.75182034419133,36.4342155456543
concrete_strength,2,228,23.876730249478268,37.347740173339844
concrete_strength,2,229,23.342394241919884,36.45314407348633
concrete_strength,2,230,23.352104663848877,36.28923797607422
concrete_strength,2,231,24.422056748316837,36.35317611694336
concrete_strength,2,232,23.717059428875263,36.49274444580078
concrete_strength,2,233,25.271035487835224,37.97102355957031
concrete_strength,2,234,24.143584398122933,36.21421813964844
concrete_strength,2,235,24.715937614440918,36.01691436767578
concrete_strength,2,236,23.25508328126027,36.553977966308594
concrete_strength,2,237,23.75056615242591,36.16519546508789
concrete_strength,2,238,23.101104277830856,36.25387954711914
concrete_strength,2,239,23.641837743612435,38.3099479675293
concrete_strength,2,240,24.329383043142464,37.1551513671875
concrete_strength,2,241,24.004220338968132,38.13613510131836
concrete_strength,2,242,23.660767188439003,36.00956726074219
concrete_strength,2,243,22.931091629541836,35.59797668457031
concrete_strength,2,244,23.41059846144456,36.78762435913086
concrete_strength,2,245,23.04176794565641,35.7110595703125
concrete_strength,2,246,24.690569950984074,35.98542022705078
concrete_strength,2,247,23.181623678940994,36.04552459716797
concrete_strength,2,248,25.157794438875637,36.17222595214844
concrete_strength,2,249,24.87914096392118,36.62532424926758
concrete_strength,2,250,25.09177567408635,37.00437927246094
concrete_strength,2,251,23.46268683213454,35.889591217041016
concrete_strength,2,252,25.016810105397152,36.77112579345703
concrete_strength,2,253,25.235293975243202,36.013145446777344
concrete_strength,2,254,24.32046992962177,36.78275680541992
concrete_strength,2,255,22.62091187330393,35.116065979003906
concrete_strength,2,256,22.602045572721043,35.499267578125
concrete_strength,2,257,23.223288462712215,36.7241325378418
concrete_strength,2,258,22.621463225438045,35.984378814697266
concrete_strength,2,259,23.3795276421767,38.07719421386719
concrete_strength,2,260,24.135533222785362,37.6827278137207
concrete_strength,2,261,23.47448095908532,34.945106506347656
concrete_strength,2,262,23.017361054053673,35.331539154052734
concrete_strength,2,263,24.279879276569073,35.21385192871094
concrete_strength,2,264,23.287657004136307,35.2212028503418
concrete_strength,2,265,22.536834643437313,34.8221549987793
concrete_strength,2,266,22.515149740072395,35.340824127197266
concrete_strength,2,267,23.475554796365593,35.390869140625
concrete_strength,2,268,23.081707367530235,37.18381118774414
concrete_strength,2,269,23.016907545236442,35.65615463256836
concrete_strength,2,270,23.323512187370888,35.015140533447266
concrete_strength,2,271,23.617970650012676,35.01879119873047
concrete_strength,2,272,23.071736555833084,36.875003814697266
concrete_strength,2,273,24.88578961445735,37.52373504638672
concrete_strength,2,274,22.178249129882225,35.422271728515625
concrete_strength,2,275,22.418988649661724,35.19650650024414
concrete_strength,2,276,23.814290890326866,34.974727630615234
concrete_strength,2,277,25.247843962449295,40.173988342285156
concrete_strength,2,278,24.04668030372033,35.277610778808594
concrete_strength,2,279,23.09828046651987,35.24452590942383
concrete_strength,2,280,22.672203907599815,35.256629943847656
concrete_strength,2,281,23.100416366870586,39.26451873779297
concrete_strength,2,282,22.70598261172955,38.88157272338867
concrete_strength,2,283,22.165230547006313,37.00516128540039
concrete_strength,2,284,22.95029119344858,35.669498443603516
concrete_strength,2,285,22.04371452331543,35.438819885253906
concrete_strength,2,286,22.79731867863582,35.431236267089844
concrete_strength,2,287,22.380935412186844,35.27779006958008
concrete_strength,2,288,23.89441094031701,36.036659240722656
concrete_strength,2,289,23.08631416926017,34.94763946533203
concrete_strength,2,290,22.21890535721412,35.398033142089844
concrete_strength,2,291,23.052654046278732,35.396610260009766
concrete_strength,2,292,23.561100482940674,36.29054641723633
concrete_strength,2,293,21.841032339976383,35.09406661987305
concrete_strength,2,294,24.379747684185322,35.433990478515625
concrete_strength,2,295,23.23008658335759,39.03052520751953
concrete_strength,2,296,23.144301478679363,35.05221176147461
concrete_strength,2,297,22.834139200357292,35.23944091796875
concrete_strength,2,298,22.555926946493294,37.97344970703125
concrete_strength,2,299,23.366401525644157,37.789649963378906
concrete_strength,2,300,22.049201580194328,34.83376693725586
concrete_strength,2,301,22.533546447753906,35.38897705078125
concrete_strength,2,302,22.0773265178387,34.81480407714844
concrete_strength,2,303,24.5441014950092,34.7647705078125
concrete_strength,2,304,21.829153253481937,35.156898498535156
concrete_strength,2,305,21.745203311626728,34.77210235595703
concrete_strength,2,306,21.97319353543795,34.94619369506836
concrete_strength,2,307,21.485257698939396,35.68443298339844
concrete_strength,2,308,22.068528762230507,36.68473434448242
concrete_strength,2,309,21.62958462593647,34.917724609375
concrete_strength,2,310,22.682940996610203,34.90129852294922
concrete_strength,2,311,23.16947023685162,35.05182647705078
concrete_strength,2,312,22.256206402411827,35.21855163574219
concrete_strength,2,313,22.354979258317215,34.809688568115234
concrete_strength,2,314,21.356398289020245,34.742393493652344
concrete_strength,2,315,21.500608178285454,35.425437927246094
concrete_strength,2,316,22.51265309407161,34.627220153808594
concrete_strength,2,317,21.88660606971154,36.19997787475586
concrete_strength,2,318,22.150120111612175,34.87245559692383
concrete_strength,2,319,22.65232331936176,34.953243255615234
concrete_strength,2,320,23.048063828394962,35.18568801879883
concrete_strength,2,321,21.57002217036027,34.623897552490234
concrete_strength,2,322,21.995696783065796,34.933650970458984
concrete_strength,2,323,21.960480213165283,37.92660140991211
concrete_strength,2,324,21.132922649383545,34.84653091430664
concrete_strength,2,325,22.15639954346877,35.28311538696289
concrete_strength,2,326,22.22225801761334,34.938507080078125
concrete_strength,2,327,21.58957466712365,36.08047103881836
concrete_strength,2,328,21.94717840047983,35.43784713745117
concrete_strength,2,329,21.530712567842922,34.43363571166992
concrete_strength,2,330,20.91735313488887,34.957557678222656
concrete_strength,2,331,21.662075776320236,34.94104766845703
concrete_strength,2,332,21.175930389991173,34.64992904663086
concrete_strength,2,333,22.05627943919255,35.02546691894531
concrete_strength,2,334,22.003901784236614,34.90496826171875
concrete_strength,2,335,21.929035920363205,34.939903259277344
concrete_strength,2,336,20.994984571750347,35.39900207519531
concrete_strength,2,337,21.555437308091385,35.77070617675781
concrete_strength,2,338,21.544086162860577,34.79538345336914
concrete_strength,2,339,20.94011662556575,36.1619987487793
concrete_strength,2,340,21.09506599719708,35.02845764160156
concrete_strength,2,341,21.124458184609047,35.94793701171875
concrete_strength,2,342,22.249032497406006,34.79035949707031
concrete_strength,2,343,21.587288306309627,35.525238037109375
concrete_strength,2,344,23.245445581582878,38.765480041503906
concrete_strength,2,345,21.820812408740704,35.23564147949219
concrete_strength,2,346,22.15020513534546,35.07199478149414
concrete_strength,2,347,21.502669774568997,35.705509185791016
concrete_strength,2,348,22.394110386188213,34.816070556640625
concrete_strength,2,349,21.51507876469539,35.30531692504883
concrete_strength,2,350,20.877991382892315,35.15668869018555
concrete_strength,2,351,20.387059065011833,34.57294464111328
concrete_strength,2,352,20.435753217110268,34.733009338378906
concrete_strength,2,353,21.22790497999925,36.630592346191406
concrete_strength,2,354,21.922675595833706,34.5684814453125
concrete_strength,2,355,20.991883974808914,34.596649169921875
concrete_strength,2,356,20.508722085219162,34.88336944580078
concrete_strength,2,357,21.223036949451153,34.4914436340332
concrete_strength,2,358,21.79603936122014,34.74750900268555
concrete_strength,2,359,22.05016257212712,34.41448211669922
concrete_strength,2,360,20.80807878420903,35.042205810546875
concrete_strength,2,361,22.605573103978085,34.72135925292969
concrete_strength,2,362,22.745178296015812,35.67464828491211
concrete_strength,2,363,22.282859802246094,34.778629302978516
concrete_strength,2,364,20.635432573465202,34.11848831176758
concrete_strength,2,365,21.02835567180927,34.320770263671875
concrete_strength,2,366,20.841014091785137,34.593379974365234
concrete_strength,2,367,20.615443449753982,34.62535095214844
concrete_strength,2,368,21.36267665716318,34.64059066772461
concrete_strength,2,369,20.711223638974705,34.52834701538086
concrete_strength,2,370,21.41862414433406,34.481143951416016
concrete_strength,2,371,20.191988174731915,34.58766555786133
concrete_strength,2,372,20.647945477412296,34.041751861572266
concrete_strength,2,373,21.347966340871956,34.26832962036133
concrete_strength,2,374,21.182691207298866,35.63249588012695
concrete_strength,2,375,21.937769633073074,34.22943878173828
concrete_strength,2,376,21.995579939622147,35.227577209472656
concrete_strength,2,377,22.566890092996452,34.75374984741211
concrete_strength,2,378,20.15769885136531,34.21223831176758
concrete_strength,2,379,20.576590831463154,34.860923767089844
concrete_strength,2,380,20.619679047511173,34.044593811035156
concrete_strength,2,381,20.595026456392727,34.078739166259766
concrete_strength,2,382,20.67160987854004,34.64588165283203
concrete_strength,2,383,19.857167940873367,34.17237091064453
concrete_strength,2,384,19.955847896062412,34.11195373535156
concrete_strength,2,385,21.571596439068134,34.927181243896484
concrete_strength,2,386,20.941236422612118,34.03325271606445
concrete_strength,2,387,21.595380563002365,33.847110748291016
concrete_strength,2,388,21.14464620443491,34.4643440246582
concrete_strength,2,389,20.58587985772353,33.74853515625
concrete_strength,2,390,19.94937649139991,34.134254455566406
concrete_strength,2,391,20.547690024742714,33.74990463256836
concrete_strength,2,392,21.81103383577787,35.118709564208984
concrete_strength,2,393,21.458069544572098,33.90815353393555
concrete_strength,2,394,20.733919565494244,33.70317459106445
concrete_strength,2,395,21.04645740068876,33.786903381347656
concrete_strength,2,396,21.65355271559495,34.01760482788086
concrete_strength,2,397,20.241459149580734,33.871559143066406
concrete_strength,2,398,19.938797914064846,33.75359344482422
concrete_strength,2,399,21.296866306891808,33.775054931640625
concrete_strength,2,400,19.935645763690655,33.865234375
concrete_strength,2,401,20.72214704293471,34.00263977050781
concrete_strength,2,402,20.986120590796837,33.70689392089844
concrete_strength,2,403,20.968682545882004,34.52558898925781
concrete_strength,2,404,21.518708045666035,33.36591720581055
concrete_strength,2,405,20.850035172242386,34.4578857421875
concrete_strength,2,406,20.54553138292753,33.425357818603516
concrete_strength,2,407,20.3493404846925,34.4716682434082
concrete_strength,2,408,21.04776620864868,34.7119026184082
concrete_strength,2,409,20.403094695164608,33.52020263671875
concrete_strength,2,410,20.492167729597824,33.552696228027344
concrete_strength,2,411,20.534483065971962,40.202388763427734
concrete_strength,2,412,21.113416323295006,34.18567657470703
concrete_strength,2,413,22.03979281278757,33.934505462646484
concrete_strength,2,414,19.95906477708083,34.032283782958984
concrete_strength,2,415,19.99783075772799,33.707611083984375
concrete_strength,2,416,19.891969974224384,33.88455581665039
concrete_strength,2,417,19.663869711068962,33.72859573364258
concrete_strength,2,418,20.758054183079647,33.749576568603516
concrete_strength,2,419,20.06236874140226,34.1947021484375
concrete_strength,2,420,19.668758685772236,34.233795166015625
concrete_strength,2,421,21.779741910787727,33.72627639770508
concrete_strength,2,422,19.845067024230957,34.806121826171875
concrete_strength,2,423,21.57094485943134,33.858154296875
concrete_strength,2,424,21.2763892687284,34.230525970458984
concrete_strength,2,425,19.874515460087704,33.97677993774414
concrete_strength,2,426,19.560784523303692,35.38258361816406
concrete_strength,2,427,20.643838222210224,33.49627685546875
concrete_strength,2,428,21.05164780983558,33.8187370300293
concrete_strength,2,429,19.567354954206028,33.40904998779297
concrete_strength,2,430,19.32498988738427,33.52661895751953
concrete_strength,2,431,19.51871765576876,33.856449127197266
concrete_strength,2,432,20.22743342472957,33.49985885620117
concrete_strength,2,433,19.59478055513822,33.50342559814453
concrete_strength,2,434,19.27681667988117,33.65993118286133
concrete_strength,2,435,18.833504676818848,33.50663757324219
concrete_strength,2,436,19.016502196972187,34.36427307128906
concrete_strength,2,437,20.078761687645546,35.04368591308594
concrete_strength,2,438,20.186504987569954,33.47409439086914
concrete_strength,2,439,20.50737868822538,34.0030517578125
concrete_strength,2,440,19.384322533240685,33.47939682006836
concrete_strength,2,441,20.20049260212825,33.36274719238281
concrete_strength,2,442,19.832970949319694,33.84479522705078
concrete_strength,2,443,19.222227059877834,33.74493408203125
concrete_strength,2,444,19.474793214064377,33.98319625854492
concrete_strength,2,445,19.30369919996995,34.00486755371094
concrete_strength,2,446,20.7370646916903,33.59195327758789
concrete_strength,2,447,20.00681033501258,33.572452545166016
concrete_strength,2,448,19.21081928106455,33.53269958496094
concrete_strength,2,449,20.545328250298134,33.32389831542969
concrete_strength,2,450,20.662618930523212,35.29409408569336
concrete_strength,2,451,19.933839797973633,33.55461120605469
concrete_strength,2,452,20.2636708846459,34.19078063964844
concrete_strength,2,453,20.878999563363884,33.36552810668945
concrete_strength,2,454,18.98968689258282,34.306175231933594
concrete_strength,2,455,19.482926607131958,33.93611145019531
concrete_strength,2,456,19.218217336214504,33.78422164916992
concrete_strength,2,457,18.94971726490901,33.72291564941406
concrete_strength,2,458,20.878376740675705,33.58332443237305
concrete_strength,2,459,21.65687660070566,33.27391052246094
concrete_strength,2,460,19.957791181711052,33.761775970458984
concrete_strength,2,461,19.20428151350755,33.407161712646484
concrete_strength,2,462,20.184943749354435,33.74363708496094
concrete_strength,2,463,19.346272541926457,33.68622970581055
concrete_strength,2,464,18.970358848571777,33.29412078857422
concrete_strength,2,465,19.56522483092088,33.543949127197266
concrete_strength,2,466,20.09873683636005,33.33818435668945
concrete_strength,2,467,19.119507752932034,34.04585266113281
concrete_strength,2,468,19.10352688569289,33.92593765258789
concrete_strength,2,469,21.833817738753098,34.02928161621094
concrete_strength,2,470,20.381351874424862,34.16653823852539
concrete_strength,2,471,20.26501802297739,34.25853729248047
concrete_strength,2,472,19.173642782064583,33.89506912231445
concrete_strength,2,473,18.982685749347393,33.46467590332031
concrete_strength,2,474,19.452903050642746,33.84831619262695
concrete_strength,2,475,19.32739551250751,34.69281768798828
concrete_strength,2,476,19.457133476550762,33.63063430786133
concrete_strength,2,477,18.98565097955557,34.29120635986328
concrete_strength,2,478,19.08164776288546,33.35136413574219
concrete_strength,2,479,19.121148109436035,34.721923828125
concrete_strength,2,480,19.004256285153904,34.67168426513672
concrete_strength,2,481,19.055309809171238,34.98686599731445
concrete_strength,2,482,19.82124269925631,33.29133987426758
concrete_strength,2,483,18.58790089533879,33.723323822021484
concrete_strength,2,484,21.380394440430862,33.68180847167969
concrete_strength,2,485,20.89180766619169,33.72785568237305
concrete_strength,2,486,18.902082259838398,33.91917037963867
concrete_strength,2,487,18.628322179500874,33.43526077270508
concrete_strength,2,488,18.713655691880447,33.88682174682617
concrete_strength,2,489,19.6831295306866,33.7117805480957
concrete_strength,2,490,18.775915503501892,36.34388732910156
concrete_strength,2,491,20.045295348534218,34.21636199951172
concrete_strength,2,492,21.88389253616333,33.36896896362305
concrete_strength,2,493,19.343407667600193,33.97161865234375
concrete_strength,2,494,19.31541219124427,33.607826232910156
concrete_strength,2,495,18.54377786929791,33.588993072509766
concrete_strength,2,496,18.262954433376972,33.571441650390625
concrete_strength,2,497,19.42283931145301,33.50246810913086
concrete_strength,2,498,18.81249127021203,33.231407165527344
concrete_strength,2,499,18.481810817351707,33.84244155883789
concrete_strength,2,500,19.194463289701023,33.27644348144531
concrete_strength,2,501,18.599338128016544,33.457374572753906
concrete_strength,2,502,20.219549105717586,33.35568618774414
concrete_strength,2,503,19.299749484428993,33.36351013183594
concrete_strength,2,504,19.897186591075016,34.83803939819336
concrete_strength,2,505,18.515437823075516,34.09080123901367
concrete_strength,2,506,18.22410425773034,34.21552276611328
concrete_strength,2,507,18.697297536409817,33.74211120605469
concrete_strength,2,508,18.294790469683132,33.38884353637695
concrete_strength,2,509,20.77578097123366,33.16326904296875
concrete_strength,2,510,20.230978690660915,37.28392028808594
concrete_strength,2,511,19.99603689633883,34.354248046875
concrete_strength,2,512,19.16211300629836,33.89273452758789
concrete_strength,2,513,19.190180338346043,33.97659683227539
concrete_strength,2,514,18.405765588466938,33.17999267578125
concrete_strength,2,515,18.94026618737441,33.329219818115234
concrete_strength,2,516,19.03623467225295,33.18376922607422
concrete_strength,2,517,18.805375796097977,34.25896453857422
concrete_strength,2,518,19.572369006963875,33.643455505371094
concrete_strength,2,519,18.300284385681152,33.17864227294922
concrete_strength,2,520,18.48764602954571,33.5317268371582
concrete_strength,2,521,18.588427176842323,33.8109016418457
concrete_strength,2,522,17.950388945066013,33.290496826171875
concrete_strength,2,523,18.381218910217285,33.95036697387695
concrete_strength,2,524,19.12870168685913,34.09024429321289
concrete_strength,2,525,19.016723999610313,33.2907829284668
concrete_strength,2,526,19.45381281926082,33.84477233886719
concrete_strength,2,527,18.56905612578759,33.78716278076172
concrete_strength,2,528,18.021396545263435,34.07650375366211
concrete_strength,2,529,18.606672580425556,33.263526916503906
concrete_strength,2,530,18.876628985771767,33.11026382446289
concrete_strength,2,531,18.82523221236009,33.153839111328125
concrete_strength,2,532,19.030972224015457,33.24614334106445
concrete_strength,2,533,19.823501953711876,33.462886810302734
concrete_strength,2,534,18.401879324362827,33.04453659057617
concrete_strength,2,535,17.770838361520035,34.09174728393555
concrete_strength,2,536,18.510830934231098,33.61323165893555
concrete_strength,2,537,18.737384209266075,33.86201477050781
concrete_strength,2,538,21.050401504223164,33.30777359008789
concrete_strength,2,539,18.505632418852585,32.78373336791992
concrete_strength,2,540,18.276962977189285,33.011722564697266
concrete_strength,2,541,19.39200863471398,32.78305435180664
concrete_strength,2,542,17.623827466597923,33.492645263671875
concrete_strength,2,543,17.984696534963753,33.06570816040039
concrete_strength,2,544,17.72749499174265,33.38087463378906
concrete_strength,2,545,17.950286094958965,33.01500701904297
concrete_strength,2,546,18.29502564210158,33.42021560668945
concrete_strength,2,547,18.83774031125582,33.42860794067383
concrete_strength,2,548,19.06542891722459,33.854427337646484
concrete_strength,2,549,18.30077263025137,33.108184814453125
concrete_strength,2,550,18.12978010911208,32.66330337524414
concrete_strength,2,551,17.536914275242733,32.84473419189453
concrete_strength,2,552,18.58650955787072,33.25651168823242
concrete_strength,2,553,17.679770469665527,33.060302734375
concrete_strength,2,554,18.01936332996075,34.32575988769531
concrete_strength,2,555,18.318384170532227,32.972835540771484
concrete_strength,2,556,20.358385049379788,32.8558235168457
concrete_strength,2,557,19.14383809383099,33.82478332519531
concrete_strength,2,558,18.057042525364803,33.191158294677734
concrete_strength,2,559,18.30603419817411,33.121337890625
concrete_strength,2,560,17.68164620949672,32.78200912475586
concrete_strength,2,561,18.628023477701042,32.71104049682617
concrete_strength,2,562,17.634063995801487,33.03234100341797
concrete_strength,2,563,17.537715178269607,34.48781967163086
concrete_strength,2,564,18.204845923643845,34.65591812133789
concrete_strength,2,565,18.826943507561317,32.782291412353516
concrete_strength,2,566,18.147498094118557,33.5960578918457
concrete_strength,2,567,17.889678258162277,32.469764709472656
concrete_strength,2,568,17.687564373016357,32.89229965209961
concrete_strength,2,569,17.784157331173237,33.367923736572266
concrete_strength,2,570,18.21519972727849,35.50615692138672
concrete_strength,2,571,18.096295540149395,33.15460205078125
concrete_strength,2,572,17.472221099413357,32.92832565307617
concrete_strength,2,573,17.285235716746403,32.624267578125
concrete_strength,2,574,18.21333459707407,33.40581130981445
concrete_strength,2,575,17.771667883946346,32.90859603881836
concrete_strength,2,576,17.921963911790115,33.38808822631836
concrete_strength,2,577,17.913708686828613,33.37086486816406
concrete_strength,2,578,17.847229150625374,33.325782775878906
concrete_strength,2,579,19.757754582625168,32.560054779052734
concrete_strength,2,580,18.544024834266075,35.10392761230469
concrete_strength,2,581,18.905222709362324,32.56724548339844
concrete_strength,2,582,18.288781056037315,34.34788131713867
concrete_strength,2,583,17.876783994527962,33.30501937866211
concrete_strength,2,584,17.5509415773245,32.717308044433594
concrete_strength,2,585,18.618122871105488,32.22114181518555
concrete_strength,2,586,18.38719553213853,32.836544036865234
concrete_strength,2,587,18.664365621713493,33.202144622802734
concrete_strength,2,588,18.02475144312932,32.84306335449219
concrete_strength,2,589,17.353827293102558,31.96312141418457
concrete_strength,2,590,17.457260003456703,33.106876373291016
concrete_strength,2,591,17.23301759132972,33.02471923828125
concrete_strength,2,592,18.495560609377346,33.01786804199219
concrete_strength,2,593,18.384783767736874,33.32594299316406
concrete_strength,2,594,19.0496165569012,33.60462188720703
concrete_strength,2,595,17.513619532951942,32.64958953857422
concrete_strength,2,596,17.413030807788555,32.50167465209961
concrete_strength,2,597,18.686815316860493,32.651676177978516
concrete_strength,2,598,18.400346755981445,32.7127799987793
concrete_strength,2,599,17.98413449067336,32.63676071166992
concrete_strength,2,600,17.343225882603573,32.14365005493164
concrete_strength,2,601,17.984048696664665,32.57575607299805
concrete_strength,2,602,17.43726680828975,35.49068069458008
concrete_strength,2,603,18.599069430277897,34.09675216674805
concrete_strength,2,604,20.797746621645413,33.134769439697266
concrete_strength,2,605,18.831862963162937,32.53821563720703
concrete_strength,2,606,17.233168033453133,32.27455139160156
concrete_strength,2,607,17.035274844903213,32.28709030151367
concrete_strength,2,608,18.377849175379826,32.459556579589844
concrete_strength,2,609,17.39554687646719,32.61602783203125
concrete_strength,2,610,17.644605471537663,32.07484436035156
concrete_strength,2,611,17.337623596191406,32.99351119995117
concrete_strength,2,612,17.288174170714157,32.80535125732422
concrete_strength,2,613,17.728798902951755,32.90952682495117
concrete_strength,2,614,17.053603098942684,32.51377868652344
concrete_strength,2,615,17.272531802837666,33.19303894042969
concrete_strength,2,616,17.05373611816993,32.70267868041992
concrete_strength,2,617,17.851398376318123,32.28554916381836
concrete_strength,2,618,17.97235338504498,32.844459533691406
concrete_strength,2,619,17.554999333161575,32.32977294921875
concrete_strength,2,620,17.2112309382512,32.221961975097656
concrete_strength,2,621,17.363299406491794,32.29225158691406
concrete_strength,2,622,17.903352847466103,31.695098876953125
concrete_strength,2,623,17.66660400537344,32.239315032958984
concrete_strength,2,624,17.575403103461632,32.46877670288086
concrete_strength,2,625,17.015740651350754,32.33994674682617
concrete_strength,2,626,18.99970116982093,32.68764877319336
concrete_strength,2,627,18.63957864504594,32.69169235229492
concrete_strength,2,628,17.663925904494064,33.05208206176758
concrete_strength,2,629,18.070891527029183,32.437801361083984
concrete_strength,2,630,16.78748556283804,32.2957878112793
concrete_strength,2,631,16.711893093127472,32.112937927246094
concrete_strength,2,632,17.326275220284096,31.50350570678711
concrete_strength,2,633,16.9281437763801,32.26067352294922
concrete_strength,2,634,17.17628002166748,32.715858459472656
concrete_strength,2,635,17.607244638296272,32.22017288208008
concrete_strength,2,636,16.657978346714607,33.83634567260742
concrete_strength,2,637,17.441075178293083,32.41983413696289
concrete_strength,2,638,17.086695561042198,34.02042007446289
concrete_strength,2,639,17.850759506225586,31.94702911376953
concrete_strength,2,640,17.151424958155705,33.42128372192383
concrete_strength,2,641,17.785474923940804,32.641746520996094
concrete_strength,2,642,17.458016652327316,32.63525390625
concrete_strength,2,643,16.867848579700176,32.45163345336914
concrete_strength,2,644,16.864775841052715,31.840341567993164
concrete_strength,2,645,16.823389255083523,32.13999557495117
concrete_strength,2,646,16.36823997130761,32.16013717651367
concrete_strength,2,647,17.47351494202247,31.659242630004883
concrete_strength,2,648,18.303597303537224,32.10451126098633
concrete_strength,2,649,17.745010761114266,32.488807678222656
concrete_strength,2,650,17.199579610274387,32.42327117919922
concrete_strength,2,651,16.76872554192176,31.732784271240234
concrete_strength,2,652,16.770143875708946,32.12084197998047
concrete_strength,2,653,17.37402235544645,32.124446868896484
concrete_strength,2,654,16.667520660620468,32.028160095214844
concrete_strength,2,655,17.066733580369217,32.552669525146484
concrete_strength,2,656,17.288512376638558,31.903335571289062
concrete_strength,2,657,17.095535608438347,33.02750778198242
concrete_strength,2,658,17.078119131234978,31.402475357055664
concrete_strength,2,659,17.11205691557664,31.931411743164062
concrete_strength,2,660,17.27287319990305,32.52655029296875
concrete_strength,2,661,17.075700503129227,31.8569393157959
concrete_strength,2,662,16.83406268633329,32.40148162841797
concrete_strength,2,663,17.266982298630936,31.938024520874023
concrete_strength,2,664,17.125063290962807,31.6734561920166
concrete_strength,2,665,16.650377333164215,31.587507247924805
concrete_strength,2,666,16.75364985832801,31.7683048248291
concrete_strength,2,667,16.222924443391655,33.54235076904297
concrete_strength,2,668,17.530844945173996,31.987009048461914
concrete_strength,2,669,17.411792094890888,32.15854263305664
concrete_strength,2,670,16.50596460012289,32.52614212036133
concrete_strength,2,671,16.508050203323364,32.12326431274414
concrete_strength,2,672,16.46758587543781,32.858943939208984
concrete_strength,2,673,16.895200582650993,31.734712600708008
concrete_strength,2,674,17.83980021109948,31.231197357177734
concrete_strength,2,675,16.821886484439556,32.678714752197266
concrete_strength,2,676,17.351185908684364,32.139766693115234
concrete_strength,2,677,17.183393991910496,31.997379302978516
concrete_strength,2,678,16.957952719468338,31.6447696685791
concrete_strength,2,679,18.292678869687595,31.469785690307617
concrete_strength,2,680,17.27096931750958,31.27837562561035
concrete_strength,2,681,16.80662967608525,31.571882247924805
concrete_strength,2,682,17.068566395686222,32.20563507080078
concrete_strength,2,683,17.4874346439655,31.332998275756836
concrete_strength,2,684,17.48846039405236,31.970182418823242
concrete_strength,2,685,17.973944920759934,31.5438232421875
concrete_strength,2,686,16.621098298292893,32.47028732299805
concrete_strength,2,687,16.879349415118877,34.319454193115234
concrete_strength,2,688,17.25950101705698,31.469886779785156
concrete_strength,2,689,16.659636442477886,31.31464195251465
concrete_strength,2,690,17.284897254063534,32.46995162963867
concrete_strength,2,691,16.63816160422105,31.540281295776367
concrete_strength,2,692,17.734713939520027,32.12928009033203
concrete_strength,2,693,16.76663484940162,32.890907287597656
concrete_strength,2,694,16.316203612547653,31.506418228149414
concrete_strength,2,695,16.74906224470872,31.897584915161133
concrete_strength,2,696,17.692058086395264,31.334224700927734
concrete_strength,2,697,16.861195417550896,33.49854278564453
concrete_strength,2,698,17.37981704565195,32.327999114990234
concrete_strength,2,699,16.09752445954543,31.319292068481445
concrete_strength,2,700,16.305902334359978,31.349058151245117
concrete_strength,2,701,17.555759870089016,31.866146087646484
concrete_strength,2,702,17.151666146058304,32.6622200012207
concrete_strength,2,703,16.213753049190228,31.57817268371582
concrete_strength,2,704,17.005570558401253,32.06905746459961
concrete_strength,2,705,16.28305457188533,31.78962516784668
concrete_strength,2,706,16.120075510098385,31.821937561035156
concrete_strength,2,707,20.141321732447697,31.580228805541992
concrete_strength,2,708,18.94200636790349,32.28885269165039
concrete_strength,2,709,16.43878674507141,31.80776023864746
concrete_strength,2,710,16.35689353942871,31.502988815307617
concrete_strength,2,711,16.514306251819317,31.570375442504883
concrete_strength,2,712,16.498486592219425,32.975013732910156
concrete_strength,2,713,16.842080959906944,31.262243270874023
concrete_strength,2,714,17.133283064915585,32.914974212646484
concrete_strength,2,715,16.990890392890343,31.686037063598633
concrete_strength,2,716,17.882777269069965,31.581462860107422
concrete_strength,2,717,16.446344027152428,31.79202651977539
concrete_strength,2,718,16.5848246721121,32.18860626220703
concrete_strength,2,719,15.876846487705524,31.559457778930664
concrete_strength,2,720,16.257054218879112,31.340042114257812
concrete_strength,2,721,15.737219008115622,31.589143753051758
concrete_strength,2,722,15.83156024492704,31.766918182373047
concrete_strength,2,723,17.05788801266597,31.25822639465332
concrete_strength,2,724,16.31576659129216,31.55891990661621
concrete_strength,2,725,16.045990026914158,31.67830467224121
concrete_strength,2,726,16.782761023594784,31.740394592285156
concrete_strength,2,727,19.19803001330449,31.684200286865234
concrete_strength,2,728,16.801758967913113,31.548954010009766
concrete_strength,2,729,15.877634048461914,31.829036712646484
concrete_strength,2,730,15.837802806725868,31.654850006103516
concrete_strength,2,731,16.213156956892746,31.880626678466797
concrete_strength,2,732,18.320255756378174,32.275691986083984
concrete_strength,2,733,18.10392922621507,32.528297424316406
concrete_strength,2,734,17.5734202678387,31.018848419189453
concrete_strength,2,735,15.757386941176195,31.720958709716797
concrete_strength,2,736,15.944830270913931,31.345605850219727
concrete_strength,2,737,16.099997758865356,31.305953979492188
concrete_strength,2,738,16.28331129367535,31.550872802734375
concrete_strength,2,739,16.922092171815727,31.944049835205078
concrete_strength,2,740,16.12764677634606,32.8819694519043
concrete_strength,2,741,16.86891269683838,32.009727478027344
concrete_strength,2,742,16.19011193055373,32.475582122802734
concrete_strength,2,743,16.856134267953728,31.896194458007812
concrete_strength,2,744,16.174431177286003,31.116355895996094
concrete_strength,2,745,15.642734454228329,31.79538345336914
concrete_strength,2,746,17.373780727386475,31.22757339477539
concrete_strength,2,747,16.870756222651554,31.57238006591797
concrete_strength,2,748,16.050094732871422,31.555927276611328
concrete_strength,2,749,16.12029457092285,31.454788208007812
concrete_strength,2,750,16.6046742109152,31.87415885925293
concrete_strength,2,751,16.326573298527645,32.022705078125
concrete_strength,2,752,16.33217081656823,32.43016815185547
concrete_strength,2,753,15.915642811701847,31.37372398376465
concrete_strength,2,754,16.50072222489577,31.107135772705078
concrete_strength,2,755,16.128873421595646,31.845735549926758
concrete_strength,2,756,15.76579475402832,31.764842987060547
concrete_strength,2,757,16.831345778245193,31.819116592407227
concrete_strength,2,758,15.98340786420382,32.1204948425293
concrete_strength,2,759,15.704223522773155,31.484533309936523
concrete_strength,2,760,15.74152027643644,31.459774017333984
concrete_strength,2,761,15.617605521128727,31.873722076416016
concrete_strength,2,762,15.942086357336779,33.66502380371094
concrete_strength,2,763,17.32577422948984,32.19886779785156
concrete_strength,2,764,16.400229655779324,32.094696044921875
concrete_strength,2,765,16.863572744222786,31.7762451171875
concrete_strength,2,766,16.400315284729004,32.055702209472656
concrete_strength,2,767,16.776250985952522,31.502254486083984
concrete_strength,2,768,16.188580476320706,31.258594512939453
concrete_strength,2,769,16.318519042088436,32.2340087890625
concrete_strength,2,770,15.93650375879728,31.951337814331055
concrete_strength,2,771,16.177253906543438,31.270126342773438
concrete_strength,2,772,16.705457724057712,32.007869720458984
concrete_strength,2,773,16.261001330155594,31.21784782409668
concrete_strength,2,774,15.545926905595339,31.80063247680664
concrete_strength,2,775,15.755376008840708,31.744237899780273
concrete_strength,2,776,16.148295182448166,31.811153411865234
concrete_strength,2,777,15.583609324235182,31.1430606842041
concrete_strength,2,778,15.557532594754147,32.34757995605469
concrete_strength,2,779,16.05149058195261,31.440776824951172
concrete_strength,2,780,15.896916407805223,32.48902130126953
concrete_strength,2,781,17.517814874649048,32.02544021606445
concrete_strength,2,782,16.12820214491624,32.40388870239258
concrete_strength,2,783,15.712908799831684,31.11181640625
concrete_strength,2,784,15.536117003514217,31.451210021972656
concrete_strength,2,785,16.5619176534506,31.937923431396484
concrete_strength,2,786,15.68153267640334,30.638404846191406
concrete_strength,2,787,15.584119952642,31.29800796508789
concrete_strength,2,788,16.210016874166634,31.905746459960938
concrete_strength,2,789,16.24968673632695,31.657421112060547
concrete_strength,2,790,16.723517124469463,32.18699645996094
concrete_strength,2,791,16.41842904457679,31.712554931640625
concrete_strength,2,792,16.129488394810604,31.487510681152344
concrete_strength,2,793,16.08541228221013,31.46086883544922
concrete_strength,2,794,15.77410078048706,31.06195068359375
concrete_strength,2,795,15.799088386388926,30.805110931396484
concrete_strength,2,796,15.440738641298735,31.892047882080078
concrete_strength,2,797,16.68097895842332,31.35773468017578
concrete_strength,2,798,18.25729335271395,31.027177810668945
concrete_strength,2,799,16.747189044952393,32.16096115112305
concrete_strength,2,800,15.682247290244469,31.045536041259766
concrete_strength,2,801,16.408887899838962,30.99367904663086
concrete_strength,2,802,16.503840171373806,32.071632385253906
concrete_strength,2,803,15.431839906252348,31.735795974731445
concrete_strength,2,804,16.091731071472168,30.75787353515625
concrete_strength,2,805,15.701761484146118,31.152563095092773
concrete_strength,2,806,15.483636709359976,31.879112243652344
concrete_strength,2,807,16.412118196487427,31.666744232177734
concrete_strength,2,808,16.946261681043186,31.37828826904297
concrete_strength,2,809,15.705647917894217,32.72050857543945
concrete_strength,2,810,15.980876115652231,31.29679298400879
concrete_strength,2,811,17.336343031663162,31.213539123535156
concrete_strength,2,812,16.182392138701218,32.274967193603516
concrete_strength,2,813,15.716731612498943,31.84616470336914
concrete_strength,2,814,15.45680334017827,32.06571578979492
concrete_strength,2,815,15.903973322648268,31.061737060546875
concrete_strength,2,816,16.5325330220736,31.165563583374023
concrete_strength,2,817,15.469202023286085,31.17814064025879
concrete_strength,2,818,15.252082283680256,31.087139129638672
concrete_strength,2,819,15.828786923335148,31.476472854614258
concrete_strength,2,820,16.637080302605263,31.680070877075195
concrete_strength,2,821,15.57867719576909,31.303239822387695
concrete_strength,2,822,15.686290630927452,31.263139724731445
concrete_strength,2,823,15.076748334444487,31.480815887451172
concrete_strength,2,824,16.65159669289222,31.415260314941406
concrete_strength,2,825,15.525583083813007,31.772232055664062
concrete_strength,2,826,15.514571593357967,31.410856246948242
concrete_strength,2,827,15.582096173213078,31.60724449157715
concrete_strength,2,828,15.448411244612474,31.18537139892578
concrete_strength,2,829,15.39241939324599,31.47327995300293
concrete_strength,2,830,16.508555559011604,32.05925750732422
concrete_strength,2,831,15.801888484221239,31.50037956237793
concrete_strength,2,832,15.826418326451229,32.1295166015625
concrete_strength,2,833,15.721670829332792,31.38482093811035
concrete_strength,2,834,15.732737174400917,31.444599151611328
concrete_strength,2,835,17.568119672628548,33.586246490478516
concrete_strength,2,836,17.106063402616062,31.2807559967041
concrete_strength,2,837,15.47573551764855,31.382253646850586
concrete_strength,2,838,16.80227362192594,31.6966552734375
concrete_strength,2,839,17.78314131956834,31.213024139404297
concrete_strength,2,840,16.096633360936092,30.974470138549805
concrete_strength,2,841,15.00752262885754,31.531959533691406
concrete_strength,2,842,15.099278101554283,31.017114639282227
concrete_strength,2,843,15.18408619440519,31.24181365966797
concrete_strength,2,844,15.705489855546217,31.31809425354004
concrete_strength,2,845,15.371739901029146,31.995346069335938
concrete_strength,2,846,15.306201292918278,31.936992645263672
concrete_strength,2,847,15.65803001477168,31.61488151550293
concrete_strength,2,848,15.369894926364605,31.415882110595703
concrete_strength,2,849,15.688235356257511,31.79944610595703
concrete_strength,2,850,15.553073204480684,31.93861961364746
concrete_strength,2,851,16.311561694512,31.340280532836914
concrete_strength,2,852,15.893067873441256,33.20890808105469
concrete_strength,2,853,15.313066693452688,31.36530303955078
concrete_strength,2,854,16.67850923538208,30.740846633911133
concrete_strength,2,855,16.048962299640362,32.29338836669922
concrete_strength,2,856,15.15490981248709,32.31632995605469
concrete_strength,2,857,15.147165023363554,31.365446090698242
concrete_strength,2,858,15.156671010530912,31.316238403320312
concrete_strength,2,859,15.01337955548213,31.175495147705078
concrete_strength,2,860,16.26548563517057,31.25523567199707
concrete_strength,2,861,15.896508400256817,32.0620231628418
concrete_strength,2,862,15.657323855620165,32.76335906982422
concrete_strength,2,863,15.512423258561354,31.018911361694336
concrete_strength,2,864,15.053395252961378,31.289676666259766
concrete_strength,2,865,15.075081788576567,31.434473037719727
concrete_strength,2,866,14.885482237889217,30.96019744873047
concrete_strength,2,867,15.175098767647377,32.05794906616211
concrete_strength,2,868,16.261187094908493,31.132232666015625
concrete_strength,2,869,15.812628709352934,30.79825782775879
concrete_strength,2,870,15.119031548500061,32.50324630737305
concrete_strength,2,871,15.539209916041447,31.42682647705078
concrete_strength,2,872,15.111073934114897,31.548900604248047
concrete_strength,2,873,15.412704211014967,30.907865524291992
concrete_strength,2,874,15.131346372457651,31.33159065246582
concrete_strength,2,875,15.35252596781804,31.330799102783203
concrete_strength,2,876,15.08171255313433,31.760358810424805
concrete_strength,2,877,15.732564559349647,34.381866455078125
concrete_strength,2,878,16.022787680992714,31.41339683532715
concrete_strength,2,879,16.238834601182205,31.635372161865234
concrete_strength,2,880,14.67429439838116,31.123798370361328
concrete_strength,2,881,15.440053444642286,31.768688201904297
concrete_strength,2,882,14.959001036790701,31.070722579956055
concrete_strength,2,883,14.854077284152691,31.1615047454834
concrete_strength,2,884,16.99476386950566,32.14945602416992
concrete_strength,2,885,15.827030988839956,31.938047409057617
concrete_strength,2,886,15.010852593642015,31.434017181396484
concrete_strength,2,887,15.004087173021757,31.517072677612305
concrete_strength,2,888,15.111773270827074,31.10642433166504
concrete_strength,2,889,15.845318023975079,31.239498138427734
concrete_strength,2,890,16.03432059288025,31.327116012573242
concrete_strength,2,891,15.941711755899282,31.52627944946289
concrete_strength,2,892,15.311616127307598,31.26744270324707
concrete_strength,2,893,15.276981610518236,31.219430923461914
concrete_strength,2,894,15.77591635630681,31.318422317504883
concrete_strength,2,895,15.307873285733736,31.6154842376709
concrete_strength,2,896,15.049163983418392,31.92637825012207
concrete_strength,2,897,15.11002830358652,31.36791229248047
concrete_strength,2,898,15.959942029072689,31.027070999145508
concrete_strength,2,899,14.962843949978168,31.659854888916016
concrete_strength,2,900,15.078528110797588,31.29118537902832
concrete_strength,2,901,15.011943982197689,31.602519989013672
concrete_strength,2,902,15.206808658746573,31.413654327392578
concrete_strength,2,903,15.312299398275522,31.742895126342773
concrete_strength,2,904,15.657098348324116,31.43842315673828
concrete_strength,2,905,15.305069850041317,31.6738224029541
concrete_strength,2,906,14.896074350063618,31.23895263671875
concrete_strength,2,907,15.082725598261906,30.964216232299805
concrete_strength,2,908,14.979065913420458,31.630054473876953
concrete_strength,2,909,14.969947778261625,31.684097290039062
concrete_strength,2,910,14.885378085649931,31.162677764892578
concrete_strength,2,911,16.17918031032269,31.20752716064453
concrete_strength,2,912,15.487570432516245,30.953269958496094
concrete_strength,2,913,14.841089762174166,31.298643112182617
concrete_strength,2,914,15.168822765350342,31.55489158630371
concrete_strength,2,915,16.28315041615413,30.813566207885742
concrete_strength,2,916,16.29352432030898,31.51351547241211
concrete_strength,2,917,16.205548176398644,31.28650665283203
concrete_strength,2,918,15.589357192699726,31.904136657714844
concrete_strength,2,919,14.882466517961943,31.736522674560547
concrete_strength,2,920,15.214020637365488,31.11992835998535
concrete_strength,2,921,15.373579245347242,31.830982208251953
concrete_strength,2,922,15.34049851160783,31.020328521728516
concrete_strength,2,923,15.34200857235835,32.15507125854492
concrete_strength,2,924,16.559792665334847,33.7126350402832
concrete_strength,2,925,17.26991136257465,31.689992904663086
concrete_strength,2,926,15.78108761860774,31.006996154785156
concrete_strength,2,927,14.82988768357497,31.714941024780273
concrete_strength,2,928,14.905210238236647,31.193893432617188
concrete_strength,2,929,14.859920868506798,30.731998443603516
concrete_strength,2,930,14.687253530208881,31.095497131347656
concrete_strength,2,931,15.047728024996244,31.368562698364258
concrete_strength,2,932,14.609338008440458,31.440181732177734
concrete_strength,2,933,15.481866323030912,31.258907318115234
concrete_strength,2,934,14.836204895606407,31.235153198242188
concrete_strength,2,935,14.855644226074219,31.084217071533203
concrete_strength,2,936,15.218274593353271,32.40031433105469
concrete_strength,2,937,15.705605213458721,30.8896541595459
concrete_strength,2,938,15.101564389008741,31.2141056060791
concrete_strength,2,939,14.945826053619385,31.06947135925293
concrete_strength,2,940,15.398907771477333,31.25124168395996
concrete_strength,2,941,14.850574530087984,31.69527816772461
concrete_strength,2,942,15.09007870233976,30.610776901245117
concrete_strength,2,943,15.340381530615,31.121885299682617
concrete_strength,2,944,15.496932910038876,32.22435760498047
concrete_strength,2,945,15.606079431680532,31.643306732177734
concrete_strength,2,946,14.667754595096294,30.944583892822266
concrete_strength,2,947,16.14004898071289,30.790401458740234
concrete_strength,2,948,15.627942598783052,31.281185150146484
concrete_strength,2,949,15.253148702474741,31.545265197753906
concrete_strength,2,950,15.498504436933077,31.521713256835938
concrete_strength,2,951,16.939132580390343,32.69698715209961
concrete_strength,2,952,15.491486164239737,30.72831153869629
concrete_strength,2,953,14.565290964566744,32.167667388916016
concrete_strength,2,954,15.815469815180851,31.4823055267334
concrete_strength,2,955,14.975656986236572,31.310504913330078
concrete_strength,2,956,14.350565236348372,31.32224464416504
concrete_strength,2,957,14.32911073932281,30.830089569091797
concrete_strength,2,958,14.512920489678017,31.08671760559082
concrete_strength,2,959,14.805221979434673,31.114229202270508
concrete_strength,2,960,14.711071839699379,31.327484130859375
concrete_strength,2,961,15.827770416553204,31.95855140686035
concrete_strength,2,962,15.170270736400898,31.19573974609375
concrete_strength,2,963,14.687372074677395,30.675867080688477
concrete_strength,2,964,14.354060319753794,31.128631591796875
concrete_strength,2,965,14.922486415276161,31.176206588745117
concrete_strength,2,966,15.203967497898983,31.00461769104004
concrete_strength,2,967,15.21571005307711,31.76328468322754
concrete_strength,2,968,15.460032059596134,31.782928466796875
concrete_strength,2,969,15.036733553959774,32.76970291137695
concrete_strength,2,970,14.606616863837608,31.283241271972656
concrete_strength,2,971,14.88142886528602,31.385265350341797
concrete_strength,2,972,15.508524674635668,31.40597152709961
concrete_strength,2,973,15.220929127473097,31.649934768676758
concrete_strength,2,974,14.658572637117826,30.631305694580078
concrete_strength,2,975,15.536754644834078,31.211711883544922
concrete_strength,2,976,15.0155469087454,30.646148681640625
concrete_strength,2,977,15.178894501466017,31.52596092224121
concrete_strength,2,978,14.362245449653038,31.18886947631836
concrete_strength,2,979,15.254005945645845,31.023181915283203
concrete_strength,2,980,14.762784719467163,31.19066619873047
concrete_strength,2,981,14.694209025456356,31.225290298461914
concrete_strength,2,982,14.803669140889095,30.588794708251953
concrete_strength,2,983,14.924239250329824,31.21270179748535
concrete_strength,2,984,14.622675345494198,31.092987060546875
concrete_strength,2,985,14.324989364697384,31.072845458984375
concrete_strength,2,986,14.21527229822599,30.989559173583984
concrete_strength,2,987,14.411790701059195,32.340171813964844
concrete_strength,2,988,14.319038684551533,31.258644104003906
concrete_strength,2,989,14.79361605644226,31.00670051574707
concrete_strength,2,990,15.189376207498404,32.4158821105957
concrete_strength,2,991,15.243027246915377,30.448896408081055
concrete_strength,2,992,14.75521287551293,30.732473373413086
concrete_strength,2,993,14.822174365703876,31.136024475097656
concrete_strength,2,994,14.545439555094791,30.830123901367188
concrete_strength,2,995,14.289490773127628,31.217260360717773
concrete_strength,2,996,14.386283599413359,31.149770736694336
concrete_strength,2,997,14.81870775956374,31.467782974243164
concrete_strength,2,998,15.859645971885094,31.546049118041992
concrete_strength,2,999,14.716640857549814,31.23554801940918
concrete_strength,3,0,49.474633290217476,63.50044250488281
concrete_strength,3,1,47.591036576491135,59.78736877441406
concrete_strength,3,2,46.17346301445594,59.005306243896484
concrete_strength,3,3,46.979752100431,59.975337982177734
concrete_strength,3,4,45.58705040124747,58.768733978271484
concrete_strength,3,5,44.89744105705848,59.803977966308594
concrete_strength,3,6,44.80538456256573,55.33583450317383
concrete_strength,3,7,43.639556444608246,54.09017562866211
concrete_strength,3,8,44.19643277388353,53.00104522705078
concrete_strength,3,9,41.97560257178087,55.22980880737305
concrete_strength,3,10,42.39293435903696,51.94751739501953
concrete_strength,3,11,41.50012104327862,51.87306213378906
concrete_strength,3,12,42.9753632912269,50.65573501586914
concrete_strength,3,13,42.38352262056791,51.32834243774414
concrete_strength,3,14,40.904477192805366,50.95074462890625
concrete_strength,3,15,39.532445614154526,50.98207092285156
concrete_strength,3,16,41.3643019749568,48.91672897338867
concrete_strength,3,17,40.070741213285004,49.17768096923828
concrete_strength,3,18,39.95730451437143,49.8424186706543
concrete_strength,3,19,39.30597884838398,48.542701721191406
concrete_strength,3,20,39.857807452862076,48.12249755859375
concrete_strength,3,21,40.24646803048941,51.5206298828125
concrete_strength,3,22,41.53050708770752,46.25581741333008
concrete_strength,3,23,38.63587981003981,45.36030197143555
concrete_strength,3,24,38.62326937455397,48.10420608520508
concrete_strength,3,25,37.20083431097177,44.68656539916992
concrete_strength,3,26,36.85463103881249,44.43494415283203
concrete_strength,3,27,36.06184788850638,44.49399948120117
concrete_strength,3,28,36.805154396937446,44.15346908569336
concrete_strength,3,29,37.46217727661133,45.85802459716797
concrete_strength,3,30,36.748230273907,44.72813034057617
concrete_strength,3,31,36.07157105665941,46.49685287475586
concrete_strength,3,32,36.387043916262115,43.59646224975586
concrete_strength,3,33,36.118511786827675,43.66090393066406
concrete_strength,3,34,36.16663668705867,43.85084915161133
concrete_strength,3,35,35.41588130364051,41.924888610839844
concrete_strength,3,36,40.721777769235466,47.75782775878906
concrete_strength,3,37,37.11477958239042,44.773292541503906
concrete_strength,3,38,35.46735902932974,42.500282287597656
concrete_strength,3,39,35.62084366725041,42.04910659790039
concrete_strength,3,40,35.23850176884578,41.41006851196289
concrete_strength,3,41,34.81454302714421,42.43959426879883
concrete_strength,3,42,34.967457624582146,41.806854248046875
concrete_strength,3,43,34.20849895477295,42.34993362426758
concrete_strength,3,44,33.9094275694627,43.19136428833008
concrete_strength,3,45,34.2888879776001,40.70930099487305
concrete_strength,3,46,33.972933769226074,41.65657424926758
concrete_strength,3,47,33.94724739514864,42.90894317626953
concrete_strength,3,48,33.32689534700834,41.3416748046875
concrete_strength,3,49,33.48078137177687,42.49235153198242
concrete_strength,3,50,33.10540947547326,41.012630462646484
concrete_strength,3,51,32.18092999091515,39.61290740966797
concrete_strength,3,52,33.707442650428185,39.895809173583984
concrete_strength,3,53,33.664711291973404,40.82497787475586
concrete_strength,3,54,35.816720265608566,40.83126449584961
concrete_strength,3,55,32.75470997737004,39.72114181518555
concrete_strength,3,56,33.74732670417199,39.688514709472656
concrete_strength,3,57,33.527588220743034,40.32976150512695
concrete_strength,3,58,31.832721086648796,41.52415084838867
concrete_strength,3,59,33.17483175717867,39.49340057373047
concrete_strength,3,60,32.23482175973746,39.4271240234375
concrete_strength,3,61,36.64913430580726,39.0987434387207
concrete_strength,3,62,33.54961021129902,39.0465087890625
concrete_strength,3,63,31.18597936630249,39.585182189941406
concrete_strength,3,64,31.215547781724197,39.069801330566406
concrete_strength,3,65,31.56364895747258,41.26081848144531
concrete_strength,3,66,31.53691526559683,39.1728401184082
concrete_strength,3,67,30.75545861170842,38.328407287597656
concrete_strength,3,68,29.907362901247463,38.093753814697266
concrete_strength,3,69,30.31884974699754,37.73399353027344
concrete_strength,3,70,30.09350923391489,37.71266174316406
concrete_strength,3,71,29.823310705331657,39.968528747558594
concrete_strength,3,72,30.428037900191086,39.8814811706543
concrete_strength,3,73,31.501840297992413,37.348289489746094
concrete_strength,3,74,30.064081632173977,38.92690658569336
concrete_strength,3,75,30.066692499014046,38.54445266723633
concrete_strength,3,76,30.25826820960412,39.395111083984375
concrete_strength,3,77,29.766447984255276,37.24702453613281
concrete_strength,3,78,28.539747164799618,36.75467300415039
concrete_strength,3,79,30.002380994650032,36.76924133300781
concrete_strength,3,80,28.66533217063317,36.53169631958008
concrete_strength,3,81,28.3663152547983,38.625518798828125
concrete_strength,3,82,28.346103704892673,36.91649627685547
concrete_strength,3,83,29.677760344285232,37.10420608520508
concrete_strength,3,84,28.022433501023514,36.39104080200195
concrete_strength,3,85,28.000548692849968,37.92559051513672
concrete_strength,3,86,28.767163093273457,37.58685302734375
concrete_strength,3,87,28.171246161827675,35.908084869384766
concrete_strength,3,88,28.605901974898117,36.15468215942383
concrete_strength,3,89,28.72361395909236,35.91403579711914
concrete_strength,3,90,27.996774820181038,36.03962707519531
concrete_strength,3,91,27.719433032549343,37.76203155517578
concrete_strength,3,92,30.633467490856464,38.26189422607422
concrete_strength,3,93,30.371568973247822,36.729068756103516
concrete_strength,3,94,28.20889293230497,35.689144134521484
concrete_strength,3,95,27.067131409278282,36.14038848876953
concrete_strength,3,96,26.695033073425293,38.39511489868164
concrete_strength,3,97,29.76064946101262,39.89078903198242
concrete_strength,3,98,29.680129894843468,36.60947799682617
concrete_strength,3,99,27.25389869396503,35.2276496887207
concrete_strength,3,100,27.658255026890682,35.7045783996582
concrete_strength,3,101,27.18538739131047,36.166534423828125
concrete_strength,3,102,26.66094662592961,36.00362777709961
concrete_strength,3,103,30.014553510225735,35.68354034423828
concrete_strength,3,104,27.672774644998405,34.93394470214844
concrete_strength,3,105,26.193136948805588,35.84202194213867
concrete_strength,3,106,27.365545419546272,35.22740936279297
concrete_strength,3,107,26.93374065252451,35.720157623291016
concrete_strength,3,108,26.695953845977783,38.02182388305664
concrete_strength,3,109,27.296770352583664,36.168251037597656
concrete_strength,3,110,26.740720968980057,34.396141052246094
concrete_strength,3,111,26.36978314473079,35.967769622802734
concrete_strength,3,112,26.079679929293118,35.582576751708984
concrete_strength,3,113,27.69459764774029,34.69507598876953
concrete_strength,3,114,26.1099033172314,35.299034118652344
concrete_strength,3,115,25.295351578639103,33.49755096435547
concrete_strength,3,116,28.43249746469351,34.028377532958984
concrete_strength,3,117,26.270606371072624,32.902408599853516
concrete_strength,3,118,25.479627499213585,33.947288513183594
concrete_strength,3,119,26.54942776606633,34.595706939697266
concrete_strength,3,120,26.148410613720234,34.272029876708984
concrete_strength,3,121,26.542859957768368,35.770362854003906
concrete_strength,3,122,25.64972097140092,33.287479400634766
concrete_strength,3,123,24.960654368767372,34.241756439208984
concrete_strength,3,124,24.663265705108643,33.646629333496094
concrete_strength,3,125,26.385247744046726,32.99774169921875
concrete_strength,3,126,25.665102793620182,34.18315887451172
concrete_strength,3,127,24.91389098534217,33.07876205444336
concrete_strength,3,128,25.54941881619967,33.079593658447266
concrete_strength,3,129,25.057501242710995,33.555294036865234
concrete_strength,3,130,26.46057514043955,33.85316467285156
concrete_strength,3,131,24.513078946333664,32.965576171875
concrete_strength,3,132,23.83668536406297,33.62276840209961
concrete_strength,3,133,23.882353360836323,34.115665435791016
concrete_strength,3,134,23.985204916733963,32.79814147949219
concrete_strength,3,135,25.247948683225193,34.06838607788086
concrete_strength,3,136,24.226387060605564,32.473670959472656
concrete_strength,3,137,29.56584009757409,32.68667221069336
concrete_strength,3,138,25.092910656562218,33.37371826171875
concrete_strength,3,139,24.573069535768948,33.864227294921875
concrete_strength,3,140,24.378799255077656,33.66010284423828
concrete_strength,3,141,23.793434363145096,33.00801086425781
concrete_strength,3,142,23.657519083756668,33.28738784790039
concrete_strength,3,143,24.662005094381477,34.29114532470703
concrete_strength,3,144,26.643561436579777,32.67979431152344
concrete_strength,3,145,24.803822920872616,31.823923110961914
concrete_strength,3,146,23.541683215361374,33.31095504760742
concrete_strength,3,147,23.783861600435696,31.672380447387695
concrete_strength,3,148,23.93045109968919,31.429916381835938
concrete_strength,3,149,24.227627497452957,32.14665985107422
concrete_strength,3,150,24.213780513176552,31.133325576782227
concrete_strength,3,151,25.02084555992713,32.181095123291016
concrete_strength,3,152,23.38463600094502,31.892757415771484
concrete_strength,3,153,23.068609494429367,31.894128799438477
concrete_strength,3,154,22.73271545997033,32.610748291015625
concrete_strength,3,155,22.996082672706017,31.577678680419922
concrete_strength,3,156,22.587172031402588,31.764846801757812
concrete_strength,3,157,22.539853004308846,31.98359489440918
concrete_strength,3,158,23.285231553591213,31.21864891052246
concrete_strength,3,159,23.31265878677368,31.616670608520508
concrete_strength,3,160,24.325280813070442,33.33586120605469
concrete_strength,3,161,24.557328334221474,32.86235427856445
concrete_strength,3,162,23.222365342653713,31.0377140045166
concrete_strength,3,163,22.774897135221043,30.702421188354492
concrete_strength,3,164,23.54305201310378,32.73910140991211
concrete_strength,3,165,22.876319848574123,31.879030227661133
concrete_strength,3,166,22.89721448604877,30.5473690032959
concrete_strength,3,167,23.314041174375095,31.05373191833496
concrete_strength,3,168,23.72841508571918,30.3173828125
concrete_strength,3,169,22.741575424487774,32.32889175415039
concrete_strength,3,170,22.438052140749416,31.498613357543945
concrete_strength,3,171,22.941176817967342,30.183635711669922
concrete_strength,3,172,22.479105472564697,30.31903076171875
concrete_strength,3,173,22.01954636206994,29.84712028503418
concrete_strength,3,174,21.252876611856315,33.76362991333008
concrete_strength,3,175,22.612546040461613,30.187864303588867
concrete_strength,3,176,21.94012759282039,29.773019790649414
concrete_strength,3,177,22.356794522358822,30.555673599243164
concrete_strength,3,178,22.545739907484787,30.615304946899414
concrete_strength,3,179,22.859470697549675,29.91435432434082
concrete_strength,3,180,22.436247715583214,30.880496978759766
concrete_strength,3,181,22.653163286355827,29.188186645507812
concrete_strength,3,182,22.984813139988827,30.049407958984375
concrete_strength,3,183,23.037528698260967,30.464317321777344
concrete_strength,3,184,22.75280244533832,29.40625
concrete_strength,3,185,21.736959622456478,29.140453338623047
concrete_strength,3,186,21.115382341238167,30.30561065673828
concrete_strength,3,187,23.147748250227707,29.362781524658203
concrete_strength,3,188,22.05734660075261,31.866640090942383
concrete_strength,3,189,22.223795120532696,28.211200714111328
concrete_strength,3,190,23.82098414347722,30.70754051208496
concrete_strength,3,191,21.85059642791748,28.625940322875977
concrete_strength,3,192,21.33067142046415,29.538475036621094
concrete_strength,3,193,21.563638026897724,28.506513595581055
concrete_strength,3,194,21.186409510098972,28.57370948791504
concrete_strength,3,195,21.759695823375996,30.31304168701172
concrete_strength,3,196,22.395061162801888,28.92052459716797
concrete_strength,3,197,21.279704625789936,28.828845977783203
concrete_strength,3,198,20.650073363230778,28.024511337280273
concrete_strength,3,199,21.92587052858793,28.365135192871094
concrete_strength,3,200,21.61830971791194,29.245513916015625
concrete_strength,3,201,21.83466331775372,29.366666793823242
concrete_strength,3,202,21.116679448347824,28.835769653320312
concrete_strength,3,203,21.758431434631348,29.544551849365234
concrete_strength,3,204,21.02053381846501,28.6851749420166
concrete_strength,3,205,23.343943265768196,27.825027465820312
concrete_strength,3,206,21.206186349575336,27.458919525146484
concrete_strength,3,207,20.745711179879997,29.74972152709961
concrete_strength,3,208,23.183096665602463,29.95139503479004
concrete_strength,3,209,21.538008286402775,28.553157806396484
concrete_strength,3,210,21.701883719517635,29.1418399810791
concrete_strength,3,211,21.55730962753296,28.960315704345703
concrete_strength,3,212,20.86033843113826,28.3575439453125
concrete_strength,3,213,20.411063414353592,27.555788040161133
concrete_strength,3,214,20.876253091371975,28.1352481842041
concrete_strength,3,215,20.09620134647076,27.535118103027344
concrete_strength,3,216,20.531184196472168,27.996641159057617
concrete_strength,3,217,20.332248430985672,27.853656768798828
concrete_strength,3,218,22.6156335243812,27.345163345336914
concrete_strength,3,219,22.749255913954514,30.36124610900879
concrete_strength,3,220,22.354860195746788,26.792951583862305
concrete_strength,3,221,20.776927324441765,27.554885864257812
concrete_strength,3,222,21.165559181800255,28.523258209228516
concrete_strength,3,223,20.210825993464542,26.602903366088867
concrete_strength,3,224,20.228438414060154,27.025941848754883
concrete_strength,3,225,20.19324071590717,27.79289436340332
concrete_strength,3,226,21.476298332214355,26.892948150634766
concrete_strength,3,227,20.732990943468533,26.837129592895508
concrete_strength,3,228,20.32736242734469,27.716928482055664
concrete_strength,3,229,19.639658542779777,26.602115631103516
concrete_strength,3,230,19.381005250490627,26.382394790649414
concrete_strength,3,231,19.975732216468224,27.068113327026367
concrete_strength,3,232,19.89150465451754,28.17591094970703
concrete_strength,3,233,20.240587381216194,26.88347816467285
concrete_strength,3,234,19.22108635535607,26.769010543823242
concrete_strength,3,235,19.688639824207012,26.38253402709961
concrete_strength,3,236,19.907348779531624,26.297117233276367
concrete_strength,3,237,19.914605525823738,27.981834411621094
concrete_strength,3,238,20.980770881359394,27.458951950073242
concrete_strength,3,239,20.29803760235126,27.077625274658203
concrete_strength,3,240,19.091318497290978,26.134685516357422
concrete_strength,3,241,19.772996178040138,27.130403518676758
concrete_strength,3,242,20.375137255742,26.818632125854492
concrete_strength,3,243,19.682548229510967,27.5039119720459
concrete_strength,3,244,19.35660585990319,26.182397842407227
concrete_strength,3,245,20.15301014826848,25.391460418701172
concrete_strength,3,246,19.71334347358117,27.870738983154297
concrete_strength,3,247,19.355326120670025,25.782943725585938
concrete_strength,3,248,18.559127000661995,26.881019592285156
concrete_strength,3,249,19.989979377159706,25.843143463134766
concrete_strength,3,250,19.556379941793587,26.891231536865234
concrete_strength,3,251,20.328668117523193,25.893545150756836
concrete_strength,3,252,19.699633350739113,25.998428344726562
concrete_strength,3,253,18.754709757291355,26.326488494873047
concrete_strength,3,254,19.398987550001877,25.880353927612305
concrete_strength,3,255,19.76487137721135,26.711139678955078
concrete_strength,3,256,18.690045833587646,27.008298873901367
concrete_strength,3,257,18.46242255430955,26.603303909301758
concrete_strength,3,258,19.095587143531212,26.47833251953125
concrete_strength,3,259,19.473940115708572,26.459274291992188
concrete_strength,3,260,19.224583763342636,25.718599319458008
concrete_strength,3,261,18.835710782271164,25.899459838867188
concrete_strength,3,262,18.880153362567608,26.52423667907715
concrete_strength,3,263,18.945559336588932,28.148508071899414
concrete_strength,3,264,19.584556946387657,26.367002487182617
concrete_strength,3,265,20.101624122032753,28.51629638671875
concrete_strength,3,266,19.750927668351395,25.686317443847656
concrete_strength,3,267,18.85538255251371,26.623014450073242
concrete_strength,3,268,18.987741617056038,25.899967193603516
concrete_strength,3,269,18.81141365491427,26.694246292114258
concrete_strength,3,270,19.056948918562668,26.04550552368164
concrete_strength,3,271,19.210815539726845,25.604604721069336
concrete_strength,3,272,20.19914010854868,25.548603057861328
concrete_strength,3,273,21.318001160254845,25.46509552001953
concrete_strength,3,274,19.077465699269222,25.123838424682617
concrete_strength,3,275,18.641919943002556,26.372312545776367
concrete_strength,3,276,18.39329459117009,25.69769287109375
concrete_strength,3,277,18.934997668633095,27.584190368652344
concrete_strength,3,278,20.569118939913235,25.144054412841797
concrete_strength,3,279,19.465133520273064,26.888540267944336
concrete_strength,3,280,19.519408996288593,25.905214309692383
concrete_strength,3,281,19.001213550567627,26.341794967651367
concrete_strength,3,282,18.904306906920212,25.608707427978516
concrete_strength,3,283,17.94518023270827,26.608768463134766
concrete_strength,3,284,18.11295221402095,25.818029403686523
concrete_strength,3,285,18.025207152733437,26.617971420288086
concrete_strength,3,286,18.14805371944721,25.85944366455078
concrete_strength,3,287,18.115691405076248,26.134580612182617
concrete_strength,3,288,18.19878211388221,25.166505813598633
concrete_strength,3,289,17.889489320608284,24.72695541381836
concrete_strength,3,290,17.9314373089717,25.968910217285156
concrete_strength,3,291,17.698990950217613,26.224651336669922
concrete_strength,3,292,18.790546527275673,26.52229881286621
concrete_strength,3,293,18.68763435803927,25.860261917114258
concrete_strength,3,294,19.662298642672024,25.661725997924805
concrete_strength,3,295,18.01933061159574,25.868783950805664
concrete_strength,3,296,18.105731982451218,26.00414276123047
concrete_strength,3,297,20.247313206012432,24.407726287841797
concrete_strength,3,298,19.466018016521748,25.613832473754883
concrete_strength,3,299,18.20438034717853,26.34012794494629
concrete_strength,3,300,18.941147804260254,24.912235260009766
concrete_strength,3,301,18.32743943654574,25.81475257873535
concrete_strength,3,302,17.793573012718788,25.45081329345703
concrete_strength,3,303,18.92459049591651,26.377084732055664
concrete_strength,3,304,18.080592063757088,25.516977310180664
concrete_strength,3,305,17.82007514513456,25.408174514770508
concrete_strength,3,306,17.46586951842675,24.71877098083496
concrete_strength,3,307,18.98711393429683,25.422809600830078
concrete_strength,3,308,18.067866508777325,25.62931251525879
concrete_strength,3,309,17.761602493432854,26.34052848815918
concrete_strength,3,310,17.75289876644428,25.15113639831543
concrete_strength,3,311,18.29029556421133,25.488576889038086
concrete_strength,3,312,17.429971383168148,25.53369903564453
concrete_strength,3,313,17.976837451641376,25.85231590270996
concrete_strength,3,314,17.83146126453693,24.57445526123047
concrete_strength,3,315,17.51556880198992,25.34542465209961
concrete_strength,3,316,19.00839321429913,25.07285499572754
concrete_strength,3,317,18.276962977189285,24.94903564453125
concrete_strength,3,318,17.678295649014988,25.013708114624023
concrete_strength,3,319,17.48722767829895,26.356063842773438
concrete_strength,3,320,18.30024480819702,25.200239181518555
concrete_strength,3,321,18.115408787360558,25.399967193603516
concrete_strength,3,322,17.760873611156757,24.694772720336914
concrete_strength,3,323,18.277121250446026,25.857593536376953
concrete_strength,3,324,19.557521379910984,25.566696166992188
concrete_strength,3,325,18.280315509209267,24.847023010253906
concrete_strength,3,326,18.722481617560753,25.238740921020508
concrete_strength,3,327,18.044715624589188,25.286327362060547
concrete_strength,3,328,17.09032579568716,24.580665588378906
concrete_strength,3,329,18.101434524242695,24.96361541748047
concrete_strength,3,330,18.480459213256836,24.409088134765625
concrete_strength,3,331,18.98814746049734,26.846473693847656
concrete_strength,3,332,18.221689609380867,25.96843719482422
concrete_strength,3,333,18.492256806446957,27.950885772705078
concrete_strength,3,334,18.59136286148658,25.408214569091797
concrete_strength,3,335,17.834903882100033,24.941335678100586
concrete_strength,3,336,16.950055149885323,24.65347671508789
concrete_strength,3,337,17.095037423647366,24.978578567504883
concrete_strength,3,338,17.287903308868408,25.627967834472656
concrete_strength,3,339,17.557583185342644,24.60856056213379
concrete_strength,3,340,17.028547910543587,24.631380081176758
concrete_strength,3,341,17.53831727688129,25.102581024169922
concrete_strength,3,342,17.775115489959717,24.214370727539062
concrete_strength,3,343,17.402774278934185,24.76837921142578
concrete_strength,3,344,17.360700268011826,24.100114822387695
concrete_strength,3,345,17.517541775336632,24.86905860900879
concrete_strength,3,346,17.0722638460306,24.93767738342285
concrete_strength,3,347,17.292073873373177,26.040634155273438
concrete_strength,3,348,17.619279054495003,24.965471267700195
concrete_strength,3,349,16.971532289798443,24.48028564453125
concrete_strength,3,350,17.758422044607308,28.026466369628906
concrete_strength,3,351,19.31510800581712,24.79778289794922
concrete_strength,3,352,20.40343603721032,25.576311111450195
concrete_strength,3,353,18.805020497395443,29.290565490722656
concrete_strength,3,354,19.626697797041672,26.061328887939453
concrete_strength,3,355,18.041887833521915,26.304454803466797
concrete_strength,3,356,17.412577152252197,24.997236251831055
concrete_strength,3,357,17.00487780570984,24.574567794799805
concrete_strength,3,358,17.897523769965538,24.840003967285156
concrete_strength,3,359,17.21756601333618,24.789602279663086
concrete_strength,3,360,17.217415186075065,25.455293655395508
concrete_strength,3,361,18.266545442434456,24.63581085205078
concrete_strength,3,362,17.597624512819145,25.395034790039062
concrete_strength,3,363,16.58738066599919,25.54520606994629
concrete_strength,3,364,17.224092721939087,24.81951904296875
concrete_strength,3,365,16.56959135715778,24.691137313842773
concrete_strength,3,366,17.11333993765024,25.00501251220703
concrete_strength,3,367,17.727772107491127,25.993255615234375
concrete_strength,3,368,17.738429986513577,24.906269073486328
concrete_strength,3,369,17.56953349480262,26.115163803100586
concrete_strength,3,370,17.967446125470676,25.360111236572266
concrete_strength,3,371,17.34939611875094,23.91020393371582
concrete_strength,3,372,16.837959326230564,24.81045913696289
concrete_strength,3,373,16.872496366500854,24.78689956665039
concrete_strength,3,374,16.51924705505371,24.32929801940918
concrete_strength,3,375,17.059525159689095,24.16663932800293
concrete_strength,3,376,16.617778631357048,24.752397537231445
concrete_strength,3,377,16.87908102915837,25.061840057373047
concrete_strength,3,378,17.287127861609825,24.639984130859375
concrete_strength,3,379,17.07914528479943,25.063846588134766
concrete_strength,3,380,17.137018020336445,24.949237823486328
concrete_strength,3,381,17.69076556425828,26.4541015625
concrete_strength,3,382,16.674769043922424,24.661449432373047
concrete_strength,3,383,16.93637051949134,23.749324798583984
concrete_strength,3,384,16.740474077371452,23.973209381103516
concrete_strength,3,385,16.771790761214035,24.1750431060791
concrete_strength,3,386,17.134692907333374,23.648971557617188
concrete_strength,3,387,16.53626874776987,24.292160034179688
concrete_strength,3,388,18.050292271834152,24.530302047729492
concrete_strength,3,389,17.10075877262996,23.819826126098633
concrete_strength,3,390,17.0379839860476,24.270767211914062
concrete_strength,3,391,17.660379116351788,24.22476577758789
concrete_strength,3,392,16.887803536195023,23.563819885253906
concrete_strength,3,393,18.85215456669147,23.28886604309082
concrete_strength,3,394,17.850627697431126,24.493778228759766
concrete_strength,3,395,16.54386098568256,23.749025344848633
concrete_strength,3,396,16.727136061741756,25.84560203552246
concrete_strength,3,397,17.274760209597073,25.607084274291992
concrete_strength,3,398,17.708435865548942,24.500991821289062
concrete_strength,3,399,16.510377223675068,23.860563278198242
concrete_strength,3,400,17.13989312832172,24.594806671142578
concrete_strength,3,401,17.63801492177523,23.776369094848633
concrete_strength,3,402,15.904834802334125,23.41766929626465
concrete_strength,3,403,16.48692587705759,25.29209327697754
concrete_strength,3,404,16.130994411615227,24.07512092590332
concrete_strength,3,405,16.361869701972374,24.64103126525879
concrete_strength,3,406,16.713034739861122,23.242660522460938
concrete_strength,3,407,16.505112868088943,23.83724594116211
concrete_strength,3,408,16.865575240208553,23.865386962890625
concrete_strength,3,409,16.586695561042198,23.667524337768555
concrete_strength,3,410,16.442926810337948,25.029645919799805
concrete_strength,3,411,17.48938219363873,23.451200485229492
concrete_strength,3,412,16.615005639883186,23.487733840942383
concrete_strength,3,413,17.437600465921257,24.69276237487793
concrete_strength,3,414,17.61231310550983,23.636552810668945
concrete_strength,3,415,16.325781785524807,24.47736930847168
concrete_strength,3,416,16.10912429369413,24.471437454223633
concrete_strength,3,417,15.975518556741568,23.655710220336914
concrete_strength,3,418,16.63412519601675,24.3885555267334
concrete_strength,3,419,16.71118899492117,23.89348030090332
concrete_strength,3,420,15.538867963048128,23.70391273498535
concrete_strength,3,421,16.656435361275307,23.96124839782715
concrete_strength,3,422,19.555974098352287,25.209510803222656
concrete_strength,3,423,16.71812207882221,24.282032012939453
concrete_strength,3,424,17.21535666172321,25.636653900146484
concrete_strength,3,425,16.796125888824463,25.40882682800293
concrete_strength,3,426,15.850451744519747,23.71108055114746
concrete_strength,3,427,16.170500461871807,23.94165802001953
concrete_strength,3,428,16.983530503052933,23.714433670043945
concrete_strength,3,429,18.06872745660635,24.388334274291992
concrete_strength,3,430,16.867966358478252,24.748626708984375
concrete_strength,3,431,16.41790947547326,24.11651611328125
concrete_strength,3,432,17.18382846392118,24.276527404785156
concrete_strength,3,433,15.924856589390682,24.86107063293457
concrete_strength,3,434,16.2982680614178,24.28929901123047
concrete_strength,3,435,15.813138264876146,24.508655548095703
concrete_strength,3,436,19.321573660923885,23.82012939453125
concrete_strength,3,437,18.415152146266056,25.26120376586914
concrete_strength,3,438,17.280035349038933,25.395700454711914
concrete_strength,3,439,16.880962995382454,24.43659210205078
concrete_strength,3,440,16.471915795252873,26.44491195678711
concrete_strength,3,441,15.821729666911638,25.466936111450195
concrete_strength,3,442,16.92240964449369,23.55362319946289
concrete_strength,3,443,16.380111125799324,23.90176773071289
concrete_strength,3,444,15.72869007404034,24.24736213684082
concrete_strength,3,445,16.145356049904457,23.7607479095459
concrete_strength,3,446,16.05537645633404,24.2994327545166
concrete_strength,3,447,17.366948549564068,24.419113159179688
concrete_strength,3,448,16.107463194773747,23.933931350708008
concrete_strength,3,449,16.273683364574726,23.80584144592285
concrete_strength,3,450,16.708359865041878,24.15513038635254
concrete_strength,3,451,15.878355466402494,23.99693489074707
concrete_strength,3,452,15.865316207592304,23.61629295349121
concrete_strength,3,453,15.658765068420998,24.66636848449707
concrete_strength,3,454,16.414357332082893,25.20829963684082
concrete_strength,3,455,16.491093525519737,23.68642807006836
concrete_strength,3,456,15.914709347944994,25.23061180114746
concrete_strength,3,457,15.745067899043743,24.495960235595703
concrete_strength,3,458,15.801189239208515,23.75133514404297
concrete_strength,3,459,15.371875487841093,24.193092346191406
concrete_strength,3,460,15.607640468157255,24.786481857299805
concrete_strength,3,461,15.807771591039804,23.926313400268555
concrete_strength,3,462,15.57816980435298,23.85976219177246
concrete_strength,3,463,15.454687100190382,24.22162628173828
concrete_strength,3,464,15.732363810906044,23.235492706298828
concrete_strength,3,465,16.429544008695164,24.071697235107422
concrete_strength,3,466,16.432679341389584,26.135601043701172
concrete_strength,3,467,15.831678830660307,24.70492935180664
concrete_strength,3,468,17.097987468426044,24.292619705200195
concrete_strength,3,469,15.882814003871037,23.456336975097656
concrete_strength,3,470,15.396876426843496,24.456588745117188
concrete_strength,3,471,16.134384118593655,24.628400802612305
concrete_strength,3,472,17.20359208033635,24.00527572631836
concrete_strength,3,473,15.936831882366768,25.712949752807617
concrete_strength,3,474,16.62904539475074,24.524065017700195
concrete_strength,3,475,15.361727842917809,23.605417251586914
concrete_strength,3,476,16.84345923937284,25.756065368652344
concrete_strength,3,477,19.789571395287147,23.971939086914062
concrete_strength,3,478,16.94835453767043,23.560386657714844
concrete_strength,3,479,15.231346992345957,24.726110458374023
concrete_strength,3,480,16.55860999914316,25.197662353515625
concrete_strength,3,481,16.030016312232384,23.68022918701172
concrete_strength,3,482,15.511414234454815,23.846818923950195
concrete_strength,3,483,15.17564469575882,24.920515060424805
concrete_strength,3,484,15.446642838991606,23.827478408813477
concrete_strength,3,485,15.197512424909151,24.759305953979492
concrete_strength,3,486,15.189581082417416,25.052833557128906
concrete_strength,3,487,15.429852852454552,24.617692947387695
concrete_strength,3,488,16.026252086345966,23.73379135131836
concrete_strength,3,489,15.380462463085468,24.035123825073242
concrete_strength,3,490,15.869397493509146,24.963266372680664
concrete_strength,3,491,15.917405128479004,23.853960037231445
concrete_strength,3,492,15.771445824549748,23.869768142700195
concrete_strength,3,493,16.41454975421612,25.25933265686035
concrete_strength,3,494,15.411505112281212,24.18161964416504
concrete_strength,3,495,15.293023879711445,24.4169864654541
concrete_strength,3,496,15.433095161731426,24.008188247680664
concrete_strength,3,497,16.160369377869827,23.638784408569336
concrete_strength,3,498,16.036832350950974,24.001981735229492
concrete_strength,3,499,15.982928129342886,24.04393768310547
concrete_strength,3,500,15.184953469496508,24.024616241455078
concrete_strength,3,501,16.916327990018406,25.439958572387695
concrete_strength,3,502,17.54189032774705,23.73614501953125
concrete_strength,3,503,17.036687777592586,24.80055809020996
concrete_strength,3,504,15.193882685441237,23.89514923095703
concrete_strength,3,505,16.87907706774198,24.071805953979492
concrete_strength,3,506,15.5257935157189,24.260713577270508
concrete_strength,3,507,15.032133173484068,23.526081085205078
concrete_strength,3,508,15.930191425176767,24.176488876342773
concrete_strength,3,509,15.502907587931706,24.4941349029541
concrete_strength,3,510,15.392850142258863,23.553621292114258
concrete_strength,3,511,15.461892403089083,25.3972110748291
concrete_strength,3,512,17.276956925025353,24.45888328552246
concrete_strength,3,513,16.516835010968723,25.419523239135742
concrete_strength,3,514,15.11464577454787,24.359376907348633
concrete_strength,3,515,16.28980618256789,24.032114028930664
concrete_strength,3,516,15.37511264360868,24.142860412597656
concrete_strength,3,517,15.380564176119291,25.777469635009766
concrete_strength,3,518,15.423738883091854,25.68488121032715
concrete_strength,3,519,15.645067655123198,23.45818519592285
concrete_strength,3,520,15.603863092569204,24.150588989257812
concrete_strength,3,521,15.516665788797232,24.904083251953125
concrete_strength,3,522,16.303219786057106,27.852235794067383
concrete_strength,3,523,15.59001559477586,24.72833251953125
concrete_strength,3,524,15.086064668802114,24.598268508911133
concrete_strength,3,525,15.783831779773418,24.294681549072266
concrete_strength,3,526,15.044030336233286,24.72709846496582
concrete_strength,3,527,15.00726504967763,25.44913673400879
concrete_strength,3,528,15.576288076547476,24.373464584350586
concrete_strength,3,529,15.88299533037039,24.648693084716797
concrete_strength,3,530,15.471402076574472,25.057600021362305
concrete_strength,3,531,15.137347569832436,23.801498413085938
concrete_strength,3,532,15.40492085310129,24.68354606628418
concrete_strength,3,533,15.348578654802763,25.00958824157715
concrete_strength,3,534,15.60518926840562,24.93841552734375
concrete_strength,3,535,14.967645425062914,24.172893524169922
concrete_strength,3,536,15.76592546242934,24.46921157836914
concrete_strength,3,537,15.905564014728252,24.1981201171875
concrete_strength,3,538,16.083778894864597,26.893465042114258
concrete_strength,3,539,14.877037781935472,24.36959457397461
concrete_strength,3,540,14.986404565664438,25.319042205810547
concrete_strength,3,541,14.717354040879469,24.42977523803711
concrete_strength,3,542,14.687823020494902,25.405550003051758
concrete_strength,3,543,14.878834797785832,23.475543975830078
concrete_strength,3,544,14.926200591600859,24.057199478149414
concrete_strength,3,545,15.290442411716167,27.219566345214844
concrete_strength,3,546,15.182054556333101,24.151559829711914
concrete_strength,3,547,15.021617082449106,25.355051040649414
concrete_strength,3,548,15.980417178227352,26.411027908325195
concrete_strength,3,549,14.816392068679516,24.057920455932617
concrete_strength,3,550,14.710293531417847,25.39352798461914
concrete_strength,3,551,15.468284203455998,24.556562423706055
concrete_strength,3,552,15.062498000951914,23.932260513305664
concrete_strength,3,553,15.686303542210506,25.2392635345459
concrete_strength,3,554,16.208293731396015,25.45134925842285
concrete_strength,3,555,14.892595336987423,23.554595947265625
concrete_strength,3,556,14.844183830114511,25.008901596069336
concrete_strength,3,557,15.824806671876173,24.24101448059082
concrete_strength,3,558,15.592921532117403,26.66101837158203
concrete_strength,3,559,15.021618989797739,23.52259635925293
concrete_strength,3,560,14.526247446353619,23.86359214782715
concrete_strength,3,561,15.257896019862248,24.1254940032959
concrete_strength,3,562,14.929809423593374,25.279542922973633
concrete_strength,3,563,14.788159058644222,26.336116790771484
concrete_strength,3,564,15.365685096153847,24.32354736328125
concrete_strength,3,565,15.170419142796444,24.12167739868164
concrete_strength,3,566,14.91018874828632,25.584856033325195
concrete_strength,3,567,14.731354254942675,25.11594581604004
concrete_strength,3,568,14.583847926213192,24.217090606689453
concrete_strength,3,569,17.07250527235178,24.577255249023438
concrete_strength,3,570,16.082652385418232,24.535202026367188
concrete_strength,3,571,15.202794735248272,25.311567306518555
concrete_strength,3,572,16.111323760106014,23.59415626525879
concrete_strength,3,573,14.85859570136437,24.572574615478516
concrete_strength,3,574,14.258562674889198,24.072681427001953
concrete_strength,3,575,14.851430581166195,24.71163558959961
concrete_strength,3,576,14.137071261039146,24.69631004333496
concrete_strength,3,577,15.00469391162579,25.422273635864258
concrete_strength,3,578,14.621829493687702,25.061264038085938
concrete_strength,3,579,14.478855334795439,24.03018569946289
concrete_strength,3,580,14.708725709181566,24.80466079711914
concrete_strength,3,581,14.325862921201265,24.0015869140625
concrete_strength,3,582,14.312030480458187,26.002016067504883
concrete_strength,3,583,15.285933127770058,24.179927825927734
concrete_strength,3,584,15.52245174921476,24.428258895874023
concrete_strength,3,585,14.672827573922964,26.335721969604492
concrete_strength,3,586,15.066603321295519,24.191083908081055
concrete_strength,3,587,14.287366812045757,24.37560272216797
concrete_strength,3,588,14.643491781674898,24.33562660217285
concrete_strength,3,589,15.411657571792603,24.80167579650879
concrete_strength,3,590,14.622487545013428,24.95043182373047
concrete_strength,3,591,14.433582805670225,23.97368812561035
concrete_strength,3,592,14.731833421266996,23.7521915435791
concrete_strength,3,593,14.370656857123741,25.016803741455078
concrete_strength,3,594,14.243694488818829,24.44668960571289
concrete_strength,3,595,14.497716170090895,24.166851043701172
concrete_strength,3,596,15.98822179207435,25.06715965270996
concrete_strength,3,597,15.091787539995634,24.752443313598633
concrete_strength,3,598,14.933573429401104,24.480247497558594
concrete_strength,3,599,14.508708843818077,25.255298614501953
concrete_strength,3,600,16.634388300088737,24.71970558166504
concrete_strength,3,601,15.075565888331486,24.033720016479492
concrete_strength,3,602,14.465934423299936,25.318458557128906
concrete_strength,3,603,14.357474620525654,24.81952476501465
concrete_strength,3,604,14.783907046684853,23.917903900146484
concrete_strength,3,605,15.87393624965961,23.635623931884766
concrete_strength,3,606,15.25163327730619,24.528337478637695
concrete_strength,3,607,15.137012004852295,26.564939498901367
concrete_strength,3,608,15.831172154499935,24.242700576782227
concrete_strength,3,609,15.403328987268301,24.6962947845459
concrete_strength,3,610,15.024340391159058,24.586538314819336
concrete_strength,3,611,14.916785166813778,25.139766693115234
concrete_strength,3,612,14.837623706230751,25.425662994384766
concrete_strength,3,613,15.32986175096952,27.463973999023438
concrete_strength,3,614,16.303059798020584,25.04262351989746
concrete_strength,3,615,14.327020498422476,25.40964126586914
concrete_strength,3,616,15.477833894582895,25.43510627746582
concrete_strength,3,617,15.925942751077505,26.330474853515625
concrete_strength,3,618,14.647086478196657,23.94091033935547
concrete_strength,3,619,14.256436384641207,27.348209381103516
concrete_strength,3,620,15.735973578232985,24.224475860595703
concrete_strength,3,621,14.33239008830144,23.95390510559082
concrete_strength,3,622,13.867089262375465,23.762170791625977
concrete_strength,3,623,14.854239610525278,24.286251068115234
concrete_strength,3,624,14.932979877178486,25.888469696044922
concrete_strength,3,625,14.73152701671307,23.628774642944336
concrete_strength,3,626,14.786248940687914,24.729501724243164
concrete_strength,3,627,14.29041339800908,23.302488327026367
concrete_strength,3,628,15.031100878348717,24.530210494995117
concrete_strength,3,629,15.138903892957247,26.204126358032227
concrete_strength,3,630,14.62369676736685,23.737751007080078
concrete_strength,3,631,13.799740470372713,26.491130828857422
concrete_strength,3,632,16.551574376913216,24.842132568359375
concrete_strength,3,633,15.379891762366661,25.260286331176758
concrete_strength,3,634,16.56726151246291,24.569440841674805
concrete_strength,3,635,16.06560230255127,24.976654052734375
concrete_strength,3,636,14.670034481928898,24.03695297241211
concrete_strength,3,637,15.886884450912476,24.358078002929688
concrete_strength,3,638,15.578995924729567,23.349760055541992
concrete_strength,3,639,13.81164917579064,24.744640350341797
concrete_strength,3,640,15.76511260179373,23.81723403930664
concrete_strength,3,641,15.024160696909977,24.223936080932617
concrete_strength,3,642,14.106537983967709,23.850494384765625
concrete_strength,3,643,13.75162385060237,24.1501407623291
concrete_strength,3,644,14.08408264013437,24.39085578918457
concrete_strength,3,645,13.805668317354643,24.872276306152344
concrete_strength,3,646,14.648249259361855,28.980201721191406
concrete_strength,3,647,17.114239069131706,24.30434226989746
concrete_strength,3,648,14.731064282930815,24.54603385925293
concrete_strength,3,649,14.581826980297382,22.946874618530273
concrete_strength,3,650,14.001580944428078,24.057172775268555
concrete_strength,3,651,14.251698548977192,24.22422981262207
concrete_strength,3,652,13.853913802366991,24.120296478271484
concrete_strength,3,653,13.8924314058744,25.700841903686523
concrete_strength,3,654,14.237558426765295,24.065181732177734
concrete_strength,3,655,14.95637954198397,24.640695571899414
concrete_strength,3,656,14.086345122410702,23.833280563354492
concrete_strength,3,657,13.933605157412016,24.67547607421875
concrete_strength,3,658,14.289556925113384,24.388242721557617
concrete_strength,3,659,14.721617185152494,24.671100616455078
concrete_strength,3,660,14.45745707475222,24.89087677001953
concrete_strength,3,661,14.022718319526085,25.74904441833496
concrete_strength,3,662,14.18583215199984,24.174741744995117
concrete_strength,3,663,14.01720241858409,24.862783432006836
concrete_strength,3,664,13.896469593048096,24.065628051757812
concrete_strength,3,665,13.988625288009644,25.01922607421875
concrete_strength,3,666,15.59426366365873,24.123144149780273
concrete_strength,3,667,14.446235234920795,26.221878051757812
concrete_strength,3,668,14.514970054993263,24.044578552246094
concrete_strength,3,669,13.8835113965548,24.89398956298828
concrete_strength,3,670,13.98934160746061,24.263301849365234
concrete_strength,3,671,13.813864093560438,24.502660751342773
concrete_strength,3,672,14.945555283473087,23.578962326049805
concrete_strength,3,673,14.562448098109318,25.94636344909668
concrete_strength,3,674,13.67475102497981,24.65544891357422
concrete_strength,3,675,13.572177171707153,24.488744735717773
concrete_strength,3,676,13.799983207996075,24.0137939453125
concrete_strength,3,677,13.43938396527217,23.49859046936035
concrete_strength,3,678,13.499239958249605,24.26874351501465
concrete_strength,3,679,13.468737891087166,24.56404685974121
concrete_strength,3,680,14.114322075477013,23.462617874145508
concrete_strength,3,681,14.08155265221229,24.24600601196289
concrete_strength,3,682,14.558918109306923,24.07326889038086
concrete_strength,3,683,13.353299260139465,23.1623477935791
concrete_strength,3,684,13.28695396735118,23.72812843322754
concrete_strength,3,685,13.878561478394728,22.881057739257812
concrete_strength,3,686,14.867038249969482,23.74272346496582
concrete_strength,3,687,14.260843955553495,25.589553833007812
concrete_strength,3,688,14.070545994318449,25.215429306030273
concrete_strength,3,689,13.401471816576445,24.118276596069336
concrete_strength,3,690,14.264172572356005,24.254623413085938
concrete_strength,3,691,13.877896492297833,24.64790153503418
concrete_strength,3,692,14.121606771762554,23.174461364746094
concrete_strength,3,693,14.766479382148155,24.94734001159668
concrete_strength,3,694,14.66239540393536,24.148027420043945
concrete_strength,3,695,13.876333878590511,23.060522079467773
concrete_strength,3,696,14.475939713991606,24.250627517700195
concrete_strength,3,697,15.088634766065157,23.54175567626953
concrete_strength,3,698,14.805800437927246,25.2634334564209
concrete_strength,3,699,14.78182763319749,24.373037338256836
concrete_strength,3,700,13.782147829349224,24.53157615661621
concrete_strength,3,701,13.51171009357159,23.198843002319336
concrete_strength,3,702,13.732697138419518,24.663646697998047
concrete_strength,3,703,14.2168503174415,24.372648239135742
concrete_strength,3,704,14.296092656942514,23.61798667907715
concrete_strength,3,705,15.112564948888926,23.864734649658203
concrete_strength,3,706,13.100707991765095,23.7954044342041
concrete_strength,3,707,13.686716198921204,23.66536521911621
concrete_strength,3,708,13.311731741978573,23.828752517700195
concrete_strength,3,709,14.456746431497427,23.688838958740234
concrete_strength,3,710,13.535387378472548,23.204092025756836
concrete_strength,3,711,13.92227067397191,24.60585594177246
concrete_strength,3,712,13.446469728763287,23.116228103637695
concrete_strength,3,713,14.513511474315937,23.131572723388672
concrete_strength,3,714,13.454243293175331,23.201059341430664
concrete_strength,3,715,14.09335838831388,24.787200927734375
concrete_strength,3,716,15.276930423883291,22.961627960205078
concrete_strength,3,717,20.186640959519607,28.125534057617188
concrete_strength,3,718,14.370857422168438,24.786842346191406
concrete_strength,3,719,13.70204837505634,23.79595375061035
concrete_strength,3,720,13.844842635668241,24.036157608032227
concrete_strength,3,721,13.933635785029484,22.8996524810791
concrete_strength,3,722,13.185088817889874,24.041086196899414
concrete_strength,3,723,14.28994763814486,22.806474685668945
concrete_strength,3,724,13.460992721410898,24.061185836791992
concrete_strength,3,725,14.134435250208927,23.672849655151367
concrete_strength,3,726,13.815036645302406,24.160554885864258
concrete_strength,3,727,14.296739138089693,23.54071044921875
concrete_strength,3,728,13.548974403968224,23.216651916503906
concrete_strength,3,729,13.940545100432177,25.082935333251953
concrete_strength,3,730,14.305259686249952,26.328630447387695
concrete_strength,3,731,14.02565649839548,23.50786018371582
concrete_strength,3,732,14.727997192969688,23.300073623657227
concrete_strength,3,733,13.374930684383099,24.114282608032227
concrete_strength,3,734,14.27542103253878,24.178630828857422
concrete_strength,3,735,13.191425818663378,24.30201530456543
concrete_strength,3,736,13.147756796616774,23.940534591674805
concrete_strength,3,737,13.129437960111177,23.094762802124023
concrete_strength,3,738,13.621107523257916,23.635425567626953
concrete_strength,3,739,13.672522948338436,23.42578887939453
concrete_strength,3,740,13.761825194725624,22.9731502532959
concrete_strength,3,741,13.443849215140709,23.386911392211914
concrete_strength,3,742,13.095855346092812,23.280101776123047
concrete_strength,3,743,14.194169264573317,23.210819244384766
concrete_strength,3,744,13.224695224028368,23.59718894958496
concrete_strength,3,745,13.29073821581327,22.503774642944336
concrete_strength,3,746,13.325482570208036,22.48871612548828
concrete_strength,3,747,13.365428539422842,23.49468231201172
concrete_strength,3,748,13.192654747229357,23.48704719543457
concrete_strength,3,749,14.224495575978207,23.269529342651367
concrete_strength,3,750,14.103426456451416,23.532773971557617
concrete_strength,3,751,13.484820127487183,23.19397735595703
concrete_strength,3,752,13.26633070065425,23.606761932373047
concrete_strength,3,753,13.65339812865624,25.438753128051758
concrete_strength,3,754,14.112610083359938,22.47252655029297
concrete_strength,3,755,13.35556723521306,22.91920280456543
concrete_strength,3,756,13.88076088978694,23.977113723754883
concrete_strength,3,757,13.609997455890362,22.9948673248291
concrete_strength,3,758,13.066871349628155,22.944984436035156
concrete_strength,3,759,14.023223601854765,23.321535110473633
concrete_strength,3,760,13.705465261752789,23.021459579467773
concrete_strength,3,761,13.761491812192476,22.896038055419922
concrete_strength,3,762,13.270716025279118,23.86400604248047
concrete_strength,3,763,13.666206084764921,23.734071731567383
concrete_strength,3,764,13.48355456498953,23.071121215820312
concrete_strength,3,765,14.17916257564838,23.934057235717773
concrete_strength,3,766,14.392800166056706,23.524282455444336
concrete_strength,3,767,13.099973806968102,22.94500160217285
concrete_strength,3,768,12.881315485789226,23.10466194152832
concrete_strength,3,769,12.973564184629,24.27607536315918
concrete_strength,3,770,13.175155657988329,23.380887985229492
concrete_strength,3,771,13.674483372614933,22.19004249572754
concrete_strength,3,772,13.45662938631498,23.584611892700195
concrete_strength,3,773,14.371977475973276,23.076805114746094
concrete_strength,3,774,13.58689700640165,22.988805770874023
concrete_strength,3,775,13.11347539608295,23.067169189453125
concrete_strength,3,776,13.163173033640934,23.8732852935791
concrete_strength,3,777,13.051050580464876,23.475269317626953
concrete_strength,3,778,13.09993632023151,22.797399520874023
concrete_strength,3,779,13.205936303505531,24.02280616760254
concrete_strength,3,780,14.410021506823027,22.744319915771484
concrete_strength,3,781,13.351538438063402,22.882259368896484
concrete_strength,3,782,13.58548773252047,23.808448791503906
concrete_strength,3,783,14.910972595214844,22.96721076965332
concrete_strength,3,784,13.07925402201139,23.213138580322266
concrete_strength,3,785,13.682237221644474,22.46322250366211
concrete_strength,3,786,13.319670998133146,22.40951156616211
concrete_strength,3,787,12.839679259520311,22.798376083374023
concrete_strength,3,788,13.027862640527578,23.650619506835938
concrete_strength,3,789,13.480127628032978,22.56028175354004
concrete_strength,3,790,13.207442191930918,23.009363174438477
concrete_strength,3,791,13.486768282376802,23.721118927001953
concrete_strength,3,792,13.38532073681171,24.86435890197754
concrete_strength,3,793,15.87327951651353,24.094512939453125
concrete_strength,3,794,14.095362920027513,23.16287612915039
concrete_strength,3,795,12.777635225882896,23.579280853271484
concrete_strength,3,796,12.800837425085215,24.383827209472656
concrete_strength,3,797,13.1689229286634,23.384443283081055
concrete_strength,3,798,13.014858869405893,22.816320419311523
concrete_strength,3,799,12.478132561422312,23.233320236206055
concrete_strength,3,800,12.910207730073195,22.61297607421875
concrete_strength,3,801,13.177595138549805,22.680862426757812
concrete_strength,3,802,12.823254025899447,23.13240623474121
concrete_strength,3,803,12.936707936800444,23.271926879882812
concrete_strength,3,804,13.644274106392494,23.170223236083984
concrete_strength,3,805,14.085295310387245,25.05928611755371
concrete_strength,3,806,14.630071199857271,23.133922576904297
concrete_strength,3,807,13.313603126085722,23.382890701293945
concrete_strength,3,808,13.63194451882289,22.776626586914062
concrete_strength,3,809,13.249525418648354,22.50638198852539
concrete_strength,3,810,13.643130540847778,24.11547088623047
concrete_strength,3,811,15.921568760505089,23.067296981811523
concrete_strength,3,812,13.837290158638588,22.919248580932617
concrete_strength,3,813,12.857633324769827,22.358123779296875
concrete_strength,3,814,12.722316567714397,22.297809600830078
concrete_strength,3,815,13.528975101617666,23.363689422607422
concrete_strength,3,816,12.656239830530607,23.5119571685791
concrete_strength,3,817,13.965024673021757,22.457073211669922
concrete_strength,3,818,13.334215054145226,23.39531135559082
concrete_strength,3,819,12.988839516272911,22.79018783569336
concrete_strength,3,820,12.903762157146748,23.636693954467773
concrete_strength,3,821,12.534067800411812,23.193233489990234
concrete_strength,3,822,13.425873646369347,23.167327880859375
concrete_strength,3,823,13.428730918810917,22.481657028198242
concrete_strength,3,824,12.980133460118221,23.25829315185547
concrete_strength,3,825,13.269614476423998,23.30914306640625
concrete_strength,3,826,13.089927453261156,23.770151138305664
concrete_strength,3,827,13.291691743410551,22.568952560424805
concrete_strength,3,828,13.275577049988966,23.755237579345703
concrete_strength,3,829,13.10954398375291,22.64175796508789
concrete_strength,3,830,13.34294080734253,23.26667022705078
concrete_strength,3,831,13.073015653170073,22.74609375
concrete_strength,3,832,14.706608277100782,22.820825576782227
concrete_strength,3,833,13.653266980097843,25.120838165283203
concrete_strength,3,834,13.20573927805974,23.666833877563477
concrete_strength,3,835,12.759639501571655,22.692598342895508
concrete_strength,3,836,12.457792428823618,23.132625579833984
concrete_strength,3,837,13.118769095494198,23.596210479736328
concrete_strength,3,838,13.282663006048937,22.73927879333496
concrete_strength,3,839,13.281926760306725,23.269161224365234
concrete_strength,3,840,13.694576043349047,23.20386505126953
concrete_strength,3,841,13.818348187666674,22.205894470214844
concrete_strength,3,842,13.295847709362324,22.92436981201172
concrete_strength,3,843,12.622147230001596,23.230070114135742
concrete_strength,3,844,12.889395823845497,22.04864501953125
concrete_strength,3,845,13.337769471682035,22.85999298095703
concrete_strength,3,846,12.7280321763112,23.30600357055664
concrete_strength,3,847,13.348248353371254,23.061952590942383
concrete_strength,3,848,13.063754631922794,23.567018508911133
concrete_strength,3,849,13.516031375298134,22.176067352294922
concrete_strength,3,850,15.258157656742977,23.016130447387695
concrete_strength,3,851,12.904938097183521,23.00788688659668
concrete_strength,3,852,12.496782706334042,22.447290420532227
concrete_strength,3,853,12.555670142173767,22.424163818359375
concrete_strength,3,854,12.67811157153203,22.04884910583496
concrete_strength,3,855,12.760716144855206,22.753128051757812
concrete_strength,3,856,12.336335869935843,23.53859519958496
concrete_strength,3,857,14.268376093644362,23.61179542541504
concrete_strength,3,858,13.152318716049194,23.66442108154297
concrete_strength,3,859,12.88376336831313,22.442916870117188
concrete_strength,3,860,13.298139865581806,22.50663185119629
concrete_strength,3,861,14.836781923587505,22.380680084228516
concrete_strength,3,862,12.756212692994337,22.18617820739746
concrete_strength,3,863,12.414472598295946,22.624114990234375
concrete_strength,3,864,12.269634558604313,23.05127716064453
concrete_strength,3,865,12.940386515397291,22.354183197021484
concrete_strength,3,866,13.236143497320322,23.192136764526367
concrete_strength,3,867,12.646453050466684,22.409730911254883
concrete_strength,3,868,12.860191977941072,24.053220748901367
concrete_strength,3,869,13.630827830387997,23.95779800415039
concrete_strength,3,870,12.485258661783659,22.15403938293457
concrete_strength,3,871,12.663929187334501,22.83305549621582
concrete_strength,3,872,12.815531272154589,23.697425842285156
concrete_strength,3,873,12.698909557782686,22.24024200439453
concrete_strength,3,874,12.806207069983849,22.902462005615234
concrete_strength,3,875,12.575599321952232,22.47241973876953
concrete_strength,3,876,13.108884004446177,22.825185775756836
concrete_strength,3,877,12.87999963760376,23.113006591796875
concrete_strength,3,878,12.783250606977022,22.076427459716797
concrete_strength,3,879,13.906483760246864,22.362110137939453
concrete_strength,3,880,13.149536206172062,23.031383514404297
concrete_strength,3,881,13.605130672454834,21.698047637939453
concrete_strength,3,882,12.152470643703754,23.237825393676758
concrete_strength,3,883,13.220095762839684,22.987476348876953
concrete_strength,3,884,13.003855301783634,22.43210792541504
concrete_strength,3,885,13.002136693550991,22.272672653198242
concrete_strength,3,886,12.467171760705801,23.971263885498047
concrete_strength,3,887,12.588088397796337,23.012741088867188
concrete_strength,3,888,12.158756705430838,22.34754180908203
concrete_strength,3,889,13.272631791921762,22.15386962890625
concrete_strength,3,890,13.34811676465548,22.148298263549805
concrete_strength,3,891,13.105213036903969,23.08371925354004
concrete_strength,3,892,14.540193264301006,23.107458114624023
concrete_strength,3,893,12.620678502779741,22.055438995361328
concrete_strength,3,894,12.585422717607939,23.014535903930664
concrete_strength,3,895,12.510415884164663,23.037012100219727
concrete_strength,3,896,13.253332193081196,22.90243148803711
concrete_strength,3,897,12.732953332937681,22.996341705322266
concrete_strength,3,898,13.168060137675358,23.78413200378418
concrete_strength,3,899,13.718595908238338,23.263103485107422
concrete_strength,3,900,12.643122397936308,23.247209548950195
concrete_strength,3,901,14.073989483026358,23.298351287841797
concrete_strength,3,902,12.672696807350103,22.73564338684082
concrete_strength,3,903,12.396178979140062,22.445484161376953
concrete_strength,3,904,12.251702877191397,22.55765151977539
concrete_strength,3,905,12.30039973442371,22.6715087890625
concrete_strength,3,906,13.448560843100914,22.20602035522461
concrete_strength,3,907,12.802375628398014,21.90349769592285
concrete_strength,3,908,13.254489403504591,22.87137794494629
concrete_strength,3,909,12.7735205246852,22.932331085205078
concrete_strength,3,910,12.19125755933615,22.042800903320312
concrete_strength,3,911,13.208314198714037,22.890705108642578
concrete_strength,3,912,12.617498031029335,23.394737243652344
concrete_strength,3,913,12.08411013850799,22.47515869140625
concrete_strength,3,914,12.162336147748507,22.05963897705078
concrete_strength,3,915,12.503781355344332,22.594165802001953
concrete_strength,3,916,12.669806168629574,22.97277069091797
concrete_strength,3,917,12.28730586858896,22.05572509765625
concrete_strength,3,918,13.006924849290113,22.43526840209961
concrete_strength,3,919,13.516778524105366,22.882957458496094
concrete_strength,3,920,13.36758800653311,22.262542724609375
concrete_strength,3,921,13.284086649234478,21.829614639282227
concrete_strength,3,922,12.48497698857234,23.07700538635254
concrete_strength,3,923,12.328067797880907,22.536815643310547
concrete_strength,3,924,11.943983921637901,22.208480834960938
concrete_strength,3,925,12.030499458312988,23.346920013427734
concrete_strength,3,926,11.814917857830341,22.523271560668945
concrete_strength,3,927,12.58795820749723,22.45454216003418
concrete_strength,3,928,12.48220207140996,22.5383358001709
concrete_strength,3,929,12.471794055058407,22.833093643188477
concrete_strength,3,930,12.403511395821205,21.982004165649414
concrete_strength,3,931,12.524301836123833,22.358966827392578
concrete_strength,3,932,12.251842627158531,22.06916046142578
concrete_strength,3,933,11.904181718826294,22.00712013244629
concrete_strength,3,934,12.281433857404268,23.484554290771484
concrete_strength,3,935,12.157844742903343,22.166601181030273
concrete_strength,3,936,12.031313364322369,22.377620697021484
concrete_strength,3,937,12.213245116747343,23.366718292236328
concrete_strength,3,938,12.292306753305288,22.34925079345703
concrete_strength,3,939,12.586648913530203,22.36618995666504
concrete_strength,3,940,13.060652366051308,23.11873435974121
concrete_strength,3,941,12.807221742776724,23.710020065307617
concrete_strength,3,942,13.42500220812284,23.090890884399414
concrete_strength,3,943,13.111621746650108,23.022653579711914
concrete_strength,3,944,12.261054570858295,23.1833553314209
concrete_strength,3,945,12.160066494574913,22.819671630859375
concrete_strength,3,946,13.569275745978722,24.503299713134766
concrete_strength,3,947,14.37180992273184,22.96748924255371
concrete_strength,3,948,12.831178004925068,22.209808349609375
concrete_strength,3,949,13.46795912889334,23.16633415222168
concrete_strength,3,950,12.446150577985323,22.872318267822266
concrete_strength,3,951,12.598032657916729,22.797649383544922
concrete_strength,3,952,12.220192065605751,22.684816360473633
concrete_strength,3,953,11.992527759992159,22.120506286621094
concrete_strength,3,954,12.121951891825749,22.574007034301758
concrete_strength,3,955,13.551419239777784,23.28812026977539
concrete_strength,3,956,11.96244215965271,22.01132583618164
concrete_strength,3,957,12.833863515120287,22.259248733520508
concrete_strength,3,958,12.051679702905508,22.251604080200195
concrete_strength,3,959,12.329909526384794,22.942852020263672
concrete_strength,3,960,12.342630202953632,23.02060317993164
concrete_strength,3,961,11.756651575748737,22.241973876953125
concrete_strength,3,962,12.025494832258959,22.593490600585938
concrete_strength,3,963,12.9214498263139,21.850770950317383
concrete_strength,3,964,12.701852009846615,22.592491149902344
concrete_strength,3,965,12.60015843464778,22.45003890991211
concrete_strength,3,966,11.884714493384728,22.910505294799805
concrete_strength,3,967,12.287503792689396,22.70371437072754
concrete_strength,3,968,12.48982282785269,23.01154899597168
concrete_strength,3,969,13.027727310474102,22.750463485717773
concrete_strength,3,970,13.21617051271292,22.377717971801758
concrete_strength,3,971,12.73294971539424,22.64615249633789
concrete_strength,3,972,12.109639369524443,22.56380271911621
concrete_strength,3,973,12.052445081564096,22.74326515197754
concrete_strength,3,974,12.682443306996273,22.02712059020996
concrete_strength,3,975,12.081646676246937,22.297157287597656
concrete_strength,3,976,11.978188936526958,22.86985969543457
concrete_strength,3,977,12.215669136780958,22.44034194946289
concrete_strength,3,978,13.055672333790707,21.95487403869629
concrete_strength,3,979,12.836096653571495,22.100908279418945
concrete_strength,3,980,11.963370139782246,22.413015365600586
concrete_strength,3,981,12.47102557695829,22.259172439575195
concrete_strength,3,982,12.79993933897752,22.278949737548828
concrete_strength,3,983,12.86407498212961,22.359296798706055
concrete_strength,3,984,12.675998192567091,23.19618034362793
concrete_strength,3,985,12.24847755065331,22.098119735717773
concrete_strength,3,986,11.804016315020048,21.462800979614258
concrete_strength,3,987,12.335949145830595,23.309349060058594
concrete_strength,3,988,13.640001938893246,23.616178512573242
concrete_strength,3,989,13.091816572042612,23.164718627929688
concrete_strength,3,990,12.378206876608042,22.07769775390625
concrete_strength,3,991,13.659192837201632,22.520063400268555
concrete_strength,3,992,12.486587849947123,22.06614112854004
concrete_strength,3,993,13.038849903987003,22.84541893005371
concrete_strength,3,994,12.254314330907969,21.98188018798828
concrete_strength,3,995,11.961500873932472,22.966196060180664
concrete_strength,3,996,13.317985938145565,22.150691986083984
concrete_strength,3,997,12.488650413659903,22.75623893737793
concrete_strength,3,998,12.651628751021166,22.25133514404297
concrete_strength,3,999,12.695449132185717,23.22766876220703
concrete_strength,1,0,39.13457908997169,41.02428436279297
concrete_strength,1,1,40.293481239905724,41.21841049194336
concrete_strength,1,2,42.58827767005334,39.76231384277344
concrete_strength,1,3,39.004630455603966,40.213382720947266
concrete_strength,1,4,37.83845747434176,39.58708572387695
concrete_strength,1,5,41.02890051328219,41.29371643066406
concrete_strength,1,6,38.75533888890193,39.929656982421875
concrete_strength,1,7,39.27987223405104,40.045597076416016
concrete_strength,1,8,37.46803720180805,39.02973556518555
concrete_strength,1,9,37.663969846872185,39.558109283447266
concrete_strength,1,10,36.7023924772556,39.059814453125
concrete_strength,1,11,37.41890481802133,41.390892028808594
concrete_strength,1,12,37.624409638918365,38.7453498840332
concrete_strength,1,13,36.430619771663956,39.03297424316406
concrete_strength,1,14,36.327270581172066,39.270050048828125
concrete_strength,1,15,36.018431205015915,38.19346237182617
concrete_strength,1,16,37.171645824725815,39.15940475463867
concrete_strength,1,17,38.10021649874174,38.73370361328125
concrete_strength,1,18,36.59606764866756,37.68577194213867
concrete_strength,1,19,36.50172152886024,38.53527069091797
concrete_strength,1,20,37.33950600257287,37.843868255615234
concrete_strength,1,21,37.617928798382096,40.88697814941406
concrete_strength,1,22,38.08006686430711,37.63035202026367
concrete_strength,1,23,37.719592314500076,37.41471481323242
concrete_strength,1,24,39.006237323467545,37.81510543823242
concrete_strength,1,25,36.074721629802994,37.0991096496582
concrete_strength,1,26,36.498465244586654,38.12677764892578
concrete_strength,1,27,35.67738180894118,36.54576110839844
concrete_strength,1,28,36.084365771367,37.05839538574219
concrete_strength,1,29,35.77884402641883,36.25032424926758
concrete_strength,1,30,36.26999642298772,36.48297882080078
concrete_strength,1,31,35.596291908851036,37.721046447753906
concrete_strength,1,32,34.92542571287889,37.40301513671875
concrete_strength,1,33,35.23855799895067,36.232139587402344
concrete_strength,1,34,38.03080866887019,36.41891098022461
concrete_strength,1,35,35.23933029174805,35.60112380981445
concrete_strength,1,36,34.81867922269381,35.93539047241211
concrete_strength,1,37,35.78290917323186,35.549739837646484
concrete_strength,1,38,35.12832307815552,35.98176956176758
concrete_strength,1,39,34.43621099912203,36.47103500366211
concrete_strength,1,40,34.36481952667236,35.36796951293945
concrete_strength,1,41,35.257370655353256,35.330589294433594
concrete_strength,1,42,34.18602939752432,35.34273147583008
concrete_strength,1,43,34.631179149334244,36.143917083740234
concrete_strength,1,44,33.89998920147236,35.340328216552734
concrete_strength,1,45,33.57116112342248,35.29158401489258
concrete_strength,1,46,35.548060783973106,35.24877166748047
concrete_strength,1,47,33.73316148611215,35.33566665649414
concrete_strength,1,48,34.54481660402738,34.95921325683594
concrete_strength,1,49,34.09503760704627,35.47641372680664
concrete_strength,1,50,34.173212638268105,34.85505294799805
concrete_strength,1,51,36.08045350588285,34.72088623046875
concrete_strength,1,52,34.937218519357536,34.83902359008789
concrete_strength,1,53,35.461956390967735,34.53838348388672
concrete_strength,1,54,33.832543519827034,35.90446853637695
concrete_strength,1,55,33.0436392380641,34.43113708496094
concrete_strength,1,56,33.068660516005295,34.82567596435547
concrete_strength,1,57,34.194912030146675,34.22829055786133
concrete_strength,1,58,33.441203374129074,33.451053619384766
concrete_strength,1,59,35.88040395883414,34.9300651550293
concrete_strength,1,60,33.678735109475944,35.55532455444336
concrete_strength,1,61,34.21272266828097,33.50662612915039
concrete_strength,1,62,33.770421688373276,33.47595977783203
concrete_strength,1,63,33.31674509782057,33.716957092285156
concrete_strength,1,64,32.830349922180176,33.802616119384766
concrete_strength,1,65,33.67803522256705,33.34561538696289
concrete_strength,1,66,33.93775906929603,33.31294631958008
concrete_strength,1,67,32.50150511814998,33.205352783203125
concrete_strength,1,68,33.27733868819017,33.230716705322266
concrete_strength,1,69,33.23802581200233,33.1724853515625
concrete_strength,1,70,33.04227117391733,32.634925842285156
concrete_strength,1,71,32.30688000642336,33.000728607177734
concrete_strength,1,72,32.81648929302509,32.716339111328125
concrete_strength,1,73,33.116366569812484,33.17374801635742
concrete_strength,1,74,33.05596443322989,32.97221755981445
concrete_strength,1,75,33.269319827740006,33.51097869873047
concrete_strength,1,76,33.22886716402494,33.34291076660156
concrete_strength,1,77,32.70432189794687,33.967891693115234
concrete_strength,1,78,32.18774201319768,32.408836364746094
concrete_strength,1,79,33.22482593242939,32.41824722290039
concrete_strength,1,80,31.841830326960636,33.952510833740234
concrete_strength,1,81,32.57874789604774,32.66217041015625
concrete_strength,1,82,32.29777277432955,32.29603576660156
concrete_strength,1,83,32.75686696859506,32.88310241699219
concrete_strength,1,84,31.94259423475999,32.21320724487305
concrete_strength,1,85,32.42705836662879,32.672794342041016
concrete_strength,1,86,32.946919441223145,33.27433776855469
concrete_strength,1,87,31.462848553290733,32.02001190185547
concrete_strength,1,88,31.911527927105244,32.182525634765625
concrete_strength,1,89,31.61575907927293,32.58515548706055
concrete_strength,1,90,31.5285762823545,31.87164306640625
concrete_strength,1,91,31.708917471078728,32.41038513183594
concrete_strength,1,92,31.888617295485275,31.62885284423828
concrete_strength,1,93,32.123187688680794,32.13591384887695
concrete_strength,1,94,32.11707265560444,31.607006072998047
concrete_strength,1,95,31.5417281297537,33.4204216003418
concrete_strength,1,96,32.01740550994873,31.82366180419922
concrete_strength,1,97,31.229570407133835,31.494524002075195
concrete_strength,1,98,31.886787267831657,32.941070556640625
concrete_strength,1,99,31.175366420012253,31.795368194580078
concrete_strength,1,100,31.18109527001014,31.48100471496582
concrete_strength,1,101,31.69086118844839,31.79271125793457
concrete_strength,1,102,31.10161720789396,31.89828109741211
concrete_strength,1,103,31.04847504542424,32.8099365234375
concrete_strength,1,104,31.543090783632717,31.35620880126953
concrete_strength,1,105,31.221859271709736,31.808246612548828
concrete_strength,1,106,32.805620193481445,32.44570541381836
concrete_strength,1,107,31.04811484997089,32.23616409301758
concrete_strength,1,108,31.17753923856295,31.798683166503906
concrete_strength,1,109,31.60781141427847,31.078310012817383
concrete_strength,1,110,30.93031516441932,31.34910011291504
concrete_strength,1,111,30.79674770281865,32.054542541503906
concrete_strength,1,112,31.44543750469501,31.16440200805664
concrete_strength,1,113,31.52596609409039,32.28715133666992
concrete_strength,1,114,30.636498084435097,31.766767501831055
concrete_strength,1,115,31.172722339630127,31.328876495361328
concrete_strength,1,116,30.845605630141037,32.0338020324707
concrete_strength,1,117,30.380501068555393,31.027626037597656
concrete_strength,1,118,30.818046496464657,31.38031005859375
concrete_strength,1,119,31.48923239341149,32.06527328491211
concrete_strength,1,120,32.055895621959976,31.44709014892578
concrete_strength,1,121,30.781843552222618,31.40271759033203
concrete_strength,1,122,30.176459257419292,31.988121032714844
concrete_strength,1,123,31.73866635102492,31.472257614135742
concrete_strength,1,124,30.917308770693264,31.310659408569336
concrete_strength,1,125,33.91731522633479,30.917695999145508
concrete_strength,1,126,31.264763245215782,32.165374755859375
concrete_strength,1,127,30.44356023348295,30.69135093688965
concrete_strength,1,128,31.943428186269905,31.13530731201172
concrete_strength,1,129,30.96536001792321,31.47811508178711
concrete_strength,1,130,30.191848351405216,30.832721710205078
concrete_strength,1,131,30.950639981489914,31.014223098754883
concrete_strength,1,132,32.89303706242488,31.67618179321289
concrete_strength,1,133,30.685788961557243,31.26062774658203
concrete_strength,1,134,30.036290132082424,31.83907127380371
concrete_strength,1,135,30.74421321428739,31.269804000854492
concrete_strength,1,136,29.80416015478281,30.838668823242188
concrete_strength,1,137,29.778466921586258,31.53013038635254
concrete_strength,1,138,29.748337369698746,31.31338882446289
concrete_strength,1,139,31.064179237072285,30.61931037902832
concrete_strength,1,140,30.811836389394905,31.493297576904297
concrete_strength,1,141,30.640026275928204,30.854276657104492
concrete_strength,1,142,29.651022874391995,30.975025177001953
concrete_strength,1,143,29.677750477424034,31.57390785217285
concrete_strength,1,144,33.359507707449104,31.855735778808594
concrete_strength,1,145,31.616614195016716,30.99981117248535
concrete_strength,1,146,30.116555654085598,30.78476333618164
concrete_strength,1,147,30.870307188767654,30.454998016357422
concrete_strength,1,148,32.08777005855854,31.416826248168945
concrete_strength,1,149,29.25677675467271,30.389610290527344
concrete_strength,1,150,29.468038724018978,31.121700286865234
concrete_strength,1,151,29.936170504643368,31.258106231689453
concrete_strength,1,152,31.632762578817513,30.94086265563965
concrete_strength,1,153,30.092287283677322,30.679643630981445
concrete_strength,1,154,29.292891539060154,31.09221076965332
concrete_strength,1,155,29.43384651037363,30.458343505859375
concrete_strength,1,156,29.74154281616211,30.857271194458008
concrete_strength,1,157,29.624814950502834,30.63943862915039
concrete_strength,1,158,30.02731990814209,30.384286880493164
concrete_strength,1,159,30.518438706031212,30.97802734375
concrete_strength,1,160,29.585919050069954,30.753145217895508
concrete_strength,1,161,29.314468713907097,31.645803451538086
concrete_strength,1,162,30.221714973449707,30.18642234802246
concrete_strength,1,163,28.98810901091649,31.084829330444336
concrete_strength,1,164,29.08773946762085,30.300390243530273
concrete_strength,1,165,31.547691932091347,30.47762680053711
concrete_strength,1,166,29.44137617257925,30.807218551635742
concrete_strength,1,167,29.12272134194007,31.612430572509766
concrete_strength,1,168,29.15418003155635,30.13924789428711
concrete_strength,1,169,29.80963186117319,30.297822952270508
concrete_strength,1,170,29.287471037644607,30.889556884765625
concrete_strength,1,171,29.26206086232112,30.241493225097656
concrete_strength,1,172,29.655617017012375,30.01827621459961
concrete_strength,1,173,29.46970924964318,30.003477096557617
concrete_strength,1,174,29.774498205918533,31.31662940979004
concrete_strength,1,175,29.761016148787277,30.86769676208496
concrete_strength,1,176,28.827740595890926,30.15638542175293
concrete_strength,1,177,31.109588586367092,31.298242568969727
concrete_strength,1,178,29.652013045090897,29.982282638549805
concrete_strength,1,179,30.45604889209454,30.047931671142578
concrete_strength,1,180,28.759447721334602,31.01089859008789
concrete_strength,1,181,29.512523357684795,30.04975128173828
concrete_strength,1,182,28.759328457025383,30.1802921295166
concrete_strength,1,183,28.894437936636116,31.484838485717773
concrete_strength,1,184,30.37252635222215,30.10736846923828
concrete_strength,1,185,28.803707709679237,30.393596649169922
concrete_strength,1,186,29.426386723151573,30.346439361572266
concrete_strength,1,187,28.333682848857,30.285261154174805
concrete_strength,1,188,29.874149560928345,30.53179359436035
concrete_strength,1,189,28.890602295215313,30.335865020751953
concrete_strength,1,190,28.757054530657253,30.35053825378418
concrete_strength,1,191,28.720025686117317,30.09480857849121
concrete_strength,1,192,29.139600056868332,32.1258659362793
concrete_strength,1,193,30.9095218365009,30.02467918395996
concrete_strength,1,194,29.014657680804913,30.372028350830078
concrete_strength,1,195,32.74324347422673,29.751873016357422
concrete_strength,1,196,29.57680837924664,32.30254364013672
concrete_strength,1,197,29.92311213566707,30.48090934753418
concrete_strength,1,198,30.837956942044773,29.903247833251953
concrete_strength,1,199,29.57420301437378,30.96293830871582
concrete_strength,1,200,29.16889051290659,29.982158660888672
concrete_strength,1,201,28.75242457023034,29.991113662719727
concrete_strength,1,202,29.964225145486687,29.84119987487793
concrete_strength,1,203,29.438208139859714,31.045198440551758
concrete_strength,1,204,29.007996815901535,29.97199821472168
concrete_strength,1,205,28.998813482431267,30.661579132080078
concrete_strength,1,206,28.252480440414868,30.016021728515625
concrete_strength,1,207,28.614790182847244,30.177753448486328
concrete_strength,1,208,29.002922498262844,30.044294357299805
concrete_strength,1,209,30.457381285153904,29.982864379882812
concrete_strength,1,210,28.918470859527588,30.779680252075195
concrete_strength,1,211,29.05797162422767,29.961318969726562
concrete_strength,1,212,27.98574392612164,30.029218673706055
concrete_strength,1,213,28.882330601031963,29.686933517456055
concrete_strength,1,214,28.086104594744167,30.203445434570312
concrete_strength,1,215,28.644135841956505,29.663883209228516
concrete_strength,1,216,28.249121299156776,29.89216423034668
concrete_strength,1,217,28.899331202873817,29.964855194091797
concrete_strength,1,218,28.521145013662483,29.877548217773438
concrete_strength,1,219,29.03265564258282,29.887834548950195
concrete_strength,1,220,29.512578634115364,29.716211318969727
concrete_strength,1,221,31.143269282120926,30.341236114501953
concrete_strength,1,222,28.717766505021316,30.055585861206055
concrete_strength,1,223,27.972020589388332,29.98273277282715
concrete_strength,1,224,28.83039797269381,30.06754493713379
concrete_strength,1,225,27.918957178409283,30.703397750854492
concrete_strength,1,226,28.56021653688871,30.2276554107666
concrete_strength,1,227,29.109781155219444,29.47553253173828
concrete_strength,1,228,28.573848797724796,29.90373420715332
concrete_strength,1,229,28.3693496630742,29.94712257385254
concrete_strength,1,230,29.817390808692345,29.55762481689453
concrete_strength,1,231,28.98170441847581,29.706161499023438
concrete_strength,1,232,28.304950420673077,29.90453338623047
concrete_strength,1,233,28.93428952877338,29.70935821533203
concrete_strength,1,234,29.04409093123216,29.832788467407227
concrete_strength,1,235,29.432033923956062,30.10572052001953
concrete_strength,1,236,28.0864466887254,29.998472213745117
concrete_strength,1,237,29.11821677134587,30.38505744934082
concrete_strength,1,238,28.16764072271494,29.85894203186035
concrete_strength,1,239,28.343394132760857,29.47030258178711
concrete_strength,1,240,27.479493599671585,30.08533477783203
concrete_strength,1,241,28.469869246849647,29.90849494934082
concrete_strength,1,242,28.216901779174805,29.943954467773438
concrete_strength,1,243,30.439115304213303,30.54145050048828
concrete_strength,1,244,28.60364921276386,29.68313980102539
concrete_strength,1,245,28.606773963341347,29.643281936645508
concrete_strength,1,246,27.60758876800537,29.868175506591797
concrete_strength,1,247,27.832026738386887,29.590635299682617
concrete_strength,1,248,28.586234459510216,29.72747802734375
concrete_strength,1,249,27.83824927990253,29.53276824951172
concrete_strength,1,250,27.278332591056824,29.950525283813477
concrete_strength,1,251,28.03827744263869,29.304269790649414
concrete_strength,1,252,28.112553963294395,30.50261116027832
concrete_strength,1,253,27.81116349880512,29.971405029296875
concrete_strength,1,254,28.374481421250564,29.396596908569336
concrete_strength,1,255,28.05057045129629,29.460561752319336
concrete_strength,1,256,28.757446362422062,29.61147117614746
concrete_strength,1,257,27.941058232234074,30.491512298583984
concrete_strength,1,258,27.612225954349224,29.382389068603516
concrete_strength,1,259,27.450803791101162,29.50321388244629
concrete_strength,1,260,27.46471250974215,29.450977325439453
concrete_strength,1,261,27.32565846809974,29.38167953491211
concrete_strength,1,262,27.867791762718788,30.26030158996582
concrete_strength,1,263,27.252290689028225,29.138633728027344
concrete_strength,1,264,27.813854621006893,29.198970794677734
concrete_strength,1,265,27.618864572965183,29.708768844604492
concrete_strength,1,266,27.372336396804222,30.203929901123047
concrete_strength,1,267,27.673344135284424,29.350406646728516
concrete_strength,1,268,27.792903900146484,29.499412536621094
concrete_strength,1,269,30.059418458205002,30.020593643188477
concrete_strength,1,270,28.118928542503944,29.332759857177734
concrete_strength,1,271,28.191210930164043,29.209253311157227
concrete_strength,1,272,27.77698931327233,29.36119270324707
concrete_strength,1,273,28.50381117600661,29.68500518798828
concrete_strength,1,274,27.969713101020226,29.460369110107422
concrete_strength,1,275,28.488259535569412,29.787635803222656
concrete_strength,1,276,28.917858673976017,29.23041343688965
concrete_strength,1,277,28.613567242255577,29.59823226928711
concrete_strength,1,278,28.750822947575497,29.454538345336914
concrete_strength,1,279,29.321957954993614,29.17518424987793
concrete_strength,1,280,28.100240560678337,29.060386657714844
concrete_strength,1,281,27.81541054065411,29.794414520263672
concrete_strength,1,282,29.61003175148597,29.03397560119629
concrete_strength,1,283,27.092903173886814,29.747631072998047
concrete_strength,1,284,31.10033079294058,29.334606170654297
concrete_strength,1,285,27.672928993518536,29.263141632080078
concrete_strength,1,286,29.602981604062595,29.31505012512207
concrete_strength,1,287,28.866764141963078,29.625064849853516
concrete_strength,1,288,27.145988867833065,29.51087188720703
concrete_strength,1,289,28.90981021294227,29.893404006958008
concrete_strength,1,290,28.21183391717764,29.807422637939453
concrete_strength,1,291,27.5305396593534,30.564180374145508
concrete_strength,1,292,27.80641537446242,30.38174057006836
concrete_strength,1,293,27.996244027064396,29.205379486083984
concrete_strength,1,294,27.515979216648983,29.639442443847656
concrete_strength,1,295,27.167547959547775,30.148828506469727
concrete_strength,1,296,27.831874810732327,29.282344818115234
concrete_strength,1,297,27.018675840817966,29.549114227294922
concrete_strength,1,298,26.721330486811123,30.08724021911621
concrete_strength,1,299,28.559418494884785,29.188447952270508
concrete_strength,1,300,27.491506980015682,29.550134658813477
concrete_strength,1,301,27.62708726296058,29.22881507873535
concrete_strength,1,302,27.417838390056904,29.681577682495117
concrete_strength,1,303,26.99373199389531,29.471233367919922
concrete_strength,1,304,28.648855466109055,29.27574348449707
concrete_strength,1,305,28.649528870215782,30.254209518432617
concrete_strength,1,306,27.760257427509014,29.762685775756836
concrete_strength,1,307,26.87980556488037,29.39236831665039
concrete_strength,1,308,26.950887533334587,30.020784378051758
concrete_strength,1,309,27.393181250645565,29.51932716369629
concrete_strength,1,310,27.42815853999211,29.212339401245117
concrete_strength,1,311,27.670420463268574,29.86485481262207
concrete_strength,1,312,26.74921912413377,29.522266387939453
concrete_strength,1,313,27.10915895608755,30.05962562561035
concrete_strength,1,314,26.950873998495247,30.056825637817383
concrete_strength,1,315,26.791950079110954,29.519433975219727
concrete_strength,1,316,27.44724200322078,30.297710418701172
concrete_strength,1,317,27.560936891115627,29.646291732788086
concrete_strength,1,318,26.538210263619057,29.159082412719727
concrete_strength,1,319,26.986967893747185,29.54254150390625
concrete_strength,1,320,28.0831519640409,29.521886825561523
concrete_strength,1,321,27.262563888843243,29.16664695739746
concrete_strength,1,322,27.528563316051777,29.158658981323242
concrete_strength,1,323,27.141494347498966,29.432270050048828
concrete_strength,1,324,26.656315801235344,29.396291732788086
concrete_strength,1,325,26.8856609417842,29.665164947509766
concrete_strength,1,326,26.936507811913124,29.08756446838379
concrete_strength,1,327,27.20264636553251,29.26205825805664
concrete_strength,1,328,27.57838403261625,29.260892868041992
concrete_strength,1,329,28.830461208636944,29.570083618164062
concrete_strength,1,330,26.884910583496094,29.676467895507812
concrete_strength,1,331,26.894698179685154,29.95484161376953
concrete_strength,1,332,27.42080127275907,30.68045997619629
concrete_strength,1,333,27.349617371192345,29.12026596069336
concrete_strength,1,334,27.195507563077488,30.42764663696289
concrete_strength,1,335,27.474358558654785,29.43362808227539
concrete_strength,1,336,26.94943776497474,29.83584213256836
concrete_strength,1,337,29.04587298173171,29.21700096130371
concrete_strength,1,338,27.29082672412579,29.737022399902344
concrete_strength,1,339,26.433248354838444,29.44831657409668
concrete_strength,1,340,26.916393940265362,29.420448303222656
concrete_strength,1,341,27.59177486713116,30.20433807373047
concrete_strength,1,342,28.516740505511944,29.444894790649414
concrete_strength,1,343,26.6574340233436,29.968477249145508
concrete_strength,1,344,28.54660599048321,29.6368350982666
concrete_strength,1,345,26.973275111271786,29.659399032592773
concrete_strength,1,346,26.73997708925834,30.913190841674805
concrete_strength,1,347,26.309647816878098,29.53497886657715
concrete_strength,1,348,27.092800800616924,29.646726608276367
concrete_strength,1,349,26.773885140052208,29.56698226928711
concrete_strength,1,350,27.24513215285081,29.874664306640625
concrete_strength,1,351,29.005040718958927,29.411813735961914
concrete_strength,1,352,26.902234737689678,29.381248474121094
concrete_strength,1,353,26.447268045865574,29.75373077392578
concrete_strength,1,354,26.328267941108116,29.262508392333984
concrete_strength,1,355,26.376327991485596,29.832481384277344
concrete_strength,1,356,28.182256331810585,29.590059280395508
concrete_strength,1,357,26.30776077050429,29.27134895324707
concrete_strength,1,358,26.558029871720535,29.875028610229492
concrete_strength,1,359,27.017770987290604,29.028512954711914
concrete_strength,1,360,29.285002048198994,29.583839416503906
concrete_strength,1,361,26.40927426631634,29.72933578491211
concrete_strength,1,362,27.541759454287014,28.884056091308594
concrete_strength,1,363,27.29397935133714,30.06426429748535
concrete_strength,1,364,26.438467044096726,29.880746841430664
concrete_strength,1,365,27.174973487854004,29.433103561401367
concrete_strength,1,366,26.42151949955867,28.95653533935547
concrete_strength,1,367,26.39783241198613,29.231081008911133
concrete_strength,1,368,27.150387507218582,29.312347412109375
concrete_strength,1,369,26.38242530822754,29.53302764892578
concrete_strength,1,370,26.307976346749527,29.760034561157227
concrete_strength,1,371,26.863703984480637,29.18037223815918
concrete_strength,1,372,31.465058106642502,29.244033813476562
concrete_strength,1,373,30.374140079204853,29.26453399658203
concrete_strength,1,374,29.57655459183913,29.14022445678711
concrete_strength,1,375,26.61478196657621,29.855894088745117
concrete_strength,1,376,26.22404663379376,28.883325576782227
concrete_strength,1,377,26.64145986850445,29.165342330932617
concrete_strength,1,378,26.381109934586746,29.64253044128418
concrete_strength,1,379,28.05530203305758,28.7812442779541
concrete_strength,1,380,27.80732558323787,29.60474395751953
concrete_strength,1,381,26.853017660287712,29.10539436340332
concrete_strength,1,382,26.75192378117488,29.08148765563965
concrete_strength,1,383,27.123505225548378,29.223112106323242
concrete_strength,1,384,26.91520980688242,29.181856155395508
concrete_strength,1,385,27.74563477589534,30.024059295654297
concrete_strength,1,386,26.70189619064331,29.41838264465332
concrete_strength,1,387,27.875466860257664,29.42961883544922
concrete_strength,1,388,32.191117139963005,29.68988037109375
concrete_strength,1,389,27.44364467033973,29.148160934448242
concrete_strength,1,390,26.53450529391949,29.273515701293945
concrete_strength,1,391,26.4590441263639,30.065366744995117
concrete_strength,1,392,27.381289408757137,29.530292510986328
concrete_strength,1,393,25.979075523523186,29.067602157592773
concrete_strength,1,394,26.099002012839684,29.160322189331055
concrete_strength,1,395,26.256895725543682,29.616004943847656
concrete_strength,1,396,27.00373700948862,29.70126724243164
concrete_strength,1,397,26.67470939342792,29.15165901184082
concrete_strength,1,398,26.12296753663283,30.63336181640625
concrete_strength,1,399,26.965043251331036,29.158655166625977
concrete_strength,1,400,26.343449592590332,29.133182525634766
concrete_strength,1,401,27.64308397586529,29.23061180114746
concrete_strength,1,402,26.3831729888916,29.647916793823242
concrete_strength,1,403,28.13824829688439,29.158842086791992
concrete_strength,1,404,26.989371959979717,29.248048782348633
concrete_strength,1,405,26.469971033243034,29.139118194580078
concrete_strength,1,406,26.88636926504282,30.01801872253418
concrete_strength,1,407,26.568482912503757,29.138633728027344
concrete_strength,1,408,26.15689937884991,29.128639221191406
concrete_strength,1,409,29.797416613652157,29.342365264892578
concrete_strength,1,410,26.217325687408447,29.344167709350586
concrete_strength,1,411,26.301602767064022,29.158246994018555
concrete_strength,1,412,26.236697288659904,29.086082458496094
concrete_strength,1,413,28.743077278137207,30.025728225708008
concrete_strength,1,414,27.62138711489164,29.029802322387695
concrete_strength,1,415,26.943133134108322,29.609588623046875
concrete_strength,1,416,26.411805006173942,30.388235092163086
concrete_strength,1,417,26.125671400473667,29.18048858642578
concrete_strength,1,418,26.183717727661133,28.880380630493164
concrete_strength,1,419,26.366327102367695,29.5376033782959
concrete_strength,1,420,27.129028723790096,29.39540672302246
concrete_strength,1,421,28.00864028930664,29.16529655456543
concrete_strength,1,422,25.981262940626877,29.06514549255371
concrete_strength,1,423,25.678498341487003,29.005577087402344
concrete_strength,1,424,25.776443848243126,29.542356491088867
concrete_strength,1,425,25.767762385881863,28.925586700439453
concrete_strength,1,426,28.382259442256046,29.02007293701172
concrete_strength,1,427,27.882960429558388,29.45354461669922
concrete_strength,1,428,26.806074069096493,29.234594345092773
concrete_strength,1,429,25.809764807040875,28.87557601928711
concrete_strength,1,430,25.8688645362854,29.19952392578125
concrete_strength,1,431,25.851459429814266,29.33325958251953
concrete_strength,1,432,25.993384764744686,29.010921478271484
concrete_strength,1,433,26.733958647801327,28.93108367919922
concrete_strength,1,434,25.829861164093018,28.970108032226562
concrete_strength,1,435,26.68374666800866,29.384017944335938
concrete_strength,1,436,26.471142255342922,29.424488067626953
concrete_strength,1,437,26.446327319512,29.14619255065918
concrete_strength,1,438,25.738310492955723,29.145606994628906
concrete_strength,1,439,26.96370605322031,28.97605323791504
concrete_strength,1,440,27.524049905630257,29.719440460205078
concrete_strength,1,441,26.00200737439669,28.708194732666016
concrete_strength,1,442,26.468621217287502,28.89976692199707
concrete_strength,1,443,26.05299549836379,28.937458038330078
concrete_strength,1,444,25.715192317962646,29.5734920501709
concrete_strength,1,445,25.46648412484389,29.05893325805664
concrete_strength,1,446,25.885415113889255,29.347063064575195
concrete_strength,1,447,25.693189180814304,29.24486541748047
concrete_strength,1,448,26.089268024151142,28.75430679321289
concrete_strength,1,449,26.07973960729746,29.308210372924805
concrete_strength,1,450,26.42247508122371,28.783504486083984
concrete_strength,1,451,26.226182607504036,29.06028938293457
concrete_strength,1,452,25.845379224190346,28.941707611083984
concrete_strength,1,453,25.872107322399433,28.841245651245117
concrete_strength,1,454,26.011159126575176,29.222623825073242
concrete_strength,1,455,25.81634158354539,28.982681274414062
concrete_strength,1,456,27.306385150322548,29.37734031677246
concrete_strength,1,457,26.14877121265118,28.662012100219727
concrete_strength,1,458,25.78463712105384,29.022443771362305
concrete_strength,1,459,26.060266237992508,28.732717514038086
concrete_strength,1,460,26.200659348414494,29.062599182128906
concrete_strength,1,461,25.59312893794133,28.69976806640625
concrete_strength,1,462,25.827807389772854,29.211782455444336
concrete_strength,1,463,26.10022203738873,28.706331253051758
concrete_strength,1,464,26.084870191720817,28.992597579956055
concrete_strength,1,465,25.760748019585243,28.779083251953125
concrete_strength,1,466,25.74895191192627,29.24916648864746
concrete_strength,1,467,26.45087795991164,29.00611686706543
concrete_strength,1,468,27.648669939774734,28.8272647857666
concrete_strength,1,469,25.93456528736995,28.90631103515625
concrete_strength,1,470,29.44664052816538,28.671104431152344
concrete_strength,1,471,26.31307891698984,28.963293075561523
concrete_strength,1,472,26.035497225247898,28.5799617767334
concrete_strength,1,473,27.439790578988884,28.789949417114258
concrete_strength,1,474,26.129618828113262,28.566009521484375
concrete_strength,1,475,27.784078414623554,28.64522933959961
concrete_strength,1,476,26.18305602440467,30.301605224609375
concrete_strength,1,477,26.805239494030292,28.618465423583984
concrete_strength,1,478,26.886791192568264,30.29833984375
concrete_strength,1,479,25.491710075965294,28.81711769104004
concrete_strength,1,480,25.63705271940965,28.74228858947754
concrete_strength,1,481,25.617706225468563,28.909221649169922
concrete_strength,1,482,25.700027997677143,29.370363235473633
concrete_strength,1,483,26.506014603834885,29.326091766357422
concrete_strength,1,484,25.96856216283945,28.63019371032715
concrete_strength,1,485,25.935455909142128,28.757871627807617
concrete_strength,1,486,26.35279604104849,28.96355628967285
concrete_strength,1,487,25.910252277667706,28.897024154663086
concrete_strength,1,488,28.308540711036095,28.743680953979492
concrete_strength,1,489,26.040580089275654,28.77458953857422
concrete_strength,1,490,25.78192564157339,28.672840118408203
concrete_strength,1,491,26.555703970102165,28.96392059326172
concrete_strength,1,492,26.026817945333626,29.228654861450195
concrete_strength,1,493,26.153739342322716,28.814258575439453
concrete_strength,1,494,25.44658745252169,28.64666748046875
concrete_strength,1,495,26.108337695782,28.868770599365234
concrete_strength,1,496,26.7376436820397,29.08194351196289
concrete_strength,1,497,26.06311739408053,29.22407341003418
concrete_strength,1,498,26.228375911712646,29.341211318969727
concrete_strength,1,499,26.024900876558743,28.752744674682617
concrete_strength,1,500,26.728070992689865,28.879945755004883
concrete_strength,1,501,26.115823342249943,29.728736877441406
concrete_strength,1,502,26.463827169858494,28.928836822509766
concrete_strength,1,503,25.7770424255958,28.90552520751953
concrete_strength,1,504,25.734723237844612,28.504667282104492
concrete_strength,1,505,25.63552086169903,28.493419647216797
concrete_strength,1,506,26.010052791008583,28.847806930541992
concrete_strength,1,507,25.241040248137253,28.484132766723633
concrete_strength,1,508,25.387022220171414,28.986764907836914
concrete_strength,1,509,25.458349814781776,28.62449073791504
concrete_strength,1,510,26.227703718038704,28.55242156982422
concrete_strength,1,511,25.820834746727577,28.699548721313477
concrete_strength,1,512,26.075036855844353,28.418853759765625
concrete_strength,1,513,26.14747667312622,28.409595489501953
concrete_strength,1,514,25.947907814612755,28.760740280151367
concrete_strength,1,515,25.275158341114338,28.671857833862305
concrete_strength,1,516,26.49913809849666,28.404720306396484
concrete_strength,1,517,26.14804396262536,28.954153060913086
concrete_strength,1,518,25.862740296583908,28.731870651245117
concrete_strength,1,519,26.09781734759991,28.48042106628418
concrete_strength,1,520,26.91377375676082,29.05133056640625
concrete_strength,1,521,26.577902500446026,29.11510467529297
concrete_strength,1,522,27.105642172006462,28.72700309753418
concrete_strength,1,523,25.94500338114225,28.572418212890625
concrete_strength,1,524,25.627820789813995,28.7507266998291
concrete_strength,1,525,27.892055841592644,28.80622673034668
concrete_strength,1,526,25.43622926565317,29.077096939086914
concrete_strength,1,527,25.456825549785908,28.79534912109375
concrete_strength,1,528,26.202755267803486,28.575437545776367
concrete_strength,1,529,27.496946811676025,28.949636459350586
concrete_strength,1,530,25.617027062636154,29.240205764770508
concrete_strength,1,531,26.006437044877273,29.14972686767578
concrete_strength,1,532,26.03598473622249,28.386701583862305
concrete_strength,1,533,26.557190638322098,28.82567596435547
concrete_strength,1,534,25.888633031111496,28.56509780883789
concrete_strength,1,535,25.34568135554974,28.939725875854492
concrete_strength,1,536,25.16076496931223,28.94342041015625
concrete_strength,1,537,26.895114311805138,28.534177780151367
concrete_strength,1,538,25.061047627375675,28.886383056640625
concrete_strength,1,539,25.40999302497277,28.720731735229492
concrete_strength,1,540,25.269969279949482,28.482210159301758
concrete_strength,1,541,26.79840351985051,28.601688385009766
concrete_strength,1,542,26.151187511590813,29.434303283691406
concrete_strength,1,543,25.278416010049675,29.08559799194336
concrete_strength,1,544,26.096643924713135,28.721540451049805
concrete_strength,1,545,25.523276769197903,28.954200744628906
concrete_strength,1,546,27.0820726614732,28.904924392700195
concrete_strength,1,547,26.983727381779598,29.39309310913086
concrete_strength,1,548,26.55118249012874,28.879589080810547
concrete_strength,1,549,25.374497569524326,28.589065551757812
concrete_strength,1,550,28.009875737703762,28.61233901977539
concrete_strength,1,551,25.59301046224741,28.540542602539062
concrete_strength,1,552,25.51293919636653,29.093170166015625
concrete_strength,1,553,27.742822280296913,28.557268142700195
concrete_strength,1,554,27.36710159595196,28.53800392150879
concrete_strength,1,555,25.398762776301457,28.179929733276367
concrete_strength,1,556,25.345014792222244,28.618778228759766
concrete_strength,1,557,26.967830657958984,28.325822830200195
concrete_strength,1,558,25.617948298270885,28.715002059936523
concrete_strength,1,559,25.68735357431265,28.55752944946289
concrete_strength,1,560,25.200548887252808,28.336788177490234
concrete_strength,1,561,25.35887886927678,28.348514556884766
concrete_strength,1,562,26.402613786550667,28.531190872192383
concrete_strength,1,563,27.557969863598164,28.664886474609375
concrete_strength,1,564,25.689650388864372,28.704471588134766
concrete_strength,1,565,26.876965302687424,28.606409072875977
concrete_strength,1,566,28.711090381328876,29.735132217407227
concrete_strength,1,567,25.88076400756836,28.860637664794922
concrete_strength,1,568,27.130311305706318,28.345722198486328
concrete_strength,1,569,26.59806904425988,28.63111686706543
concrete_strength,1,570,25.95839339036208,28.928373336791992
concrete_strength,1,571,25.809869546156662,29.0176944732666
concrete_strength,1,572,25.199712239778957,28.39168357849121
concrete_strength,1,573,25.44929078909067,28.46611976623535
concrete_strength,1,574,25.54183420768151,28.859373092651367
concrete_strength,1,575,25.261225883777325,28.36797523498535
concrete_strength,1,576,26.053711671095627,28.720563888549805
concrete_strength,1,577,25.949404679811916,28.21074104309082
concrete_strength,1,578,25.59284342252291,28.890117645263672
concrete_strength,1,579,26.408518754518948,28.832828521728516
concrete_strength,1,580,25.527333663060116,28.781906127929688
concrete_strength,1,581,26.17032920397245,28.678003311157227
concrete_strength,1,582,28.32338311122014,28.61359214782715
concrete_strength,1,583,25.66278098179744,28.992881774902344
concrete_strength,1,584,25.824297024653507,28.800769805908203
concrete_strength,1,585,25.50732293495765,28.828149795532227
concrete_strength,1,586,24.99649189068721,28.554153442382812
concrete_strength,1,587,25.059914405529316,28.833967208862305
concrete_strength,1,588,26.441284656524658,28.323949813842773
concrete_strength,1,589,26.112901504223164,28.835378646850586
concrete_strength,1,590,27.541208413931038,28.23558807373047
concrete_strength,1,591,26.55369542195247,28.536867141723633
concrete_strength,1,592,26.253512675945576,28.312467575073242
concrete_strength,1,593,25.47358854000385,29.92925453186035
concrete_strength,1,594,26.46197667488685,28.594717025756836
concrete_strength,1,595,25.69891933294443,28.38744354248047
concrete_strength,1,596,25.989139776963455,28.82157325744629
concrete_strength,1,597,25.680990805992714,28.758710861206055
concrete_strength,1,598,25.663234123816856,28.10127067565918
concrete_strength,1,599,25.4431241108821,28.263662338256836
concrete_strength,1,600,25.05753854604868,28.369918823242188
concrete_strength,1,601,24.93962164567067,28.209341049194336
concrete_strength,1,602,25.07030017559345,28.47524070739746
concrete_strength,1,603,25.7425176180326,28.441246032714844
concrete_strength,1,604,25.087718926943264,28.32883644104004
concrete_strength,1,605,26.939676614908073,28.391414642333984
concrete_strength,1,606,26.011586299309364,28.452672958374023
concrete_strength,1,607,25.671181898850662,28.366443634033203
concrete_strength,1,608,24.95157291338994,28.13054847717285
concrete_strength,1,609,25.17998405603262,28.359100341796875
concrete_strength,1,610,25.70412169969999,28.28572654724121
concrete_strength,1,611,25.082316361940823,28.61300277709961
concrete_strength,1,612,26.079581334040714,28.129018783569336
concrete_strength,1,613,25.6916241645813,28.554134368896484
concrete_strength,1,614,25.276115600879375,28.604433059692383
concrete_strength,1,615,25.022405734428993,28.46364402770996
concrete_strength,1,616,26.164690017700195,28.383804321289062
concrete_strength,1,617,26.150109107677753,28.982465744018555
concrete_strength,1,618,26.010008518512432,28.418174743652344
concrete_strength,1,619,25.531282058128944,28.45271110534668
concrete_strength,1,620,25.25762286553016,28.739166259765625
concrete_strength,1,621,26.770742159623367,29.449548721313477
concrete_strength,1,622,24.99948974756094,28.267364501953125
concrete_strength,1,623,25.443270976726826,28.560287475585938
concrete_strength,1,624,25.96095162171584,28.66050910949707
concrete_strength,1,625,25.361398183382473,28.87748908996582
concrete_strength,1,626,25.534603045536922,28.36261558532715
concrete_strength,1,627,25.644368391770584,28.523984909057617
concrete_strength,1,628,25.086162952276375,29.69060516357422
concrete_strength,1,629,25.89511676935049,28.46864128112793
concrete_strength,1,630,25.58570678417499,28.889432907104492
concrete_strength,1,631,25.383515211252067,28.742462158203125
concrete_strength,1,632,25.10547946049617,28.714736938476562
concrete_strength,1,633,25.92516935788668,28.552913665771484
concrete_strength,1,634,26.014428835648758,28.55307960510254
concrete_strength,1,635,25.187923651475174,28.872650146484375
concrete_strength,1,636,25.50247625204233,28.767436981201172
concrete_strength,1,637,25.500774676983173,28.904232025146484
concrete_strength,1,638,28.768802165985107,28.62016487121582
concrete_strength,1,639,27.028624571286716,28.88117027282715
concrete_strength,1,640,26.975681635049675,29.690670013427734
concrete_strength,1,641,27.04569200369028,28.8278865814209
concrete_strength,1,642,25.57146197098952,28.493276596069336
concrete_strength,1,643,25.264982663668118,28.3398494720459
concrete_strength,1,644,25.545422333937424,28.746768951416016
concrete_strength,1,645,27.275952375852146,28.511077880859375
concrete_strength,1,646,25.77915851886456,28.29076385498047
concrete_strength,1,647,24.94956230200254,28.417757034301758
concrete_strength,1,648,26.026709666618935,29.270959854125977
concrete_strength,1,649,26.415745698488674,28.545869827270508
concrete_strength,1,650,26.526512952951286,28.14427947998047
concrete_strength,1,651,24.92992855952336,28.39213752746582
concrete_strength,1,652,26.067583927741417,28.513078689575195
concrete_strength,1,653,25.793328835414005,28.65624237060547
concrete_strength,1,654,25.082139602074257,28.20439338684082
concrete_strength,1,655,25.80017955486591,28.268882751464844
concrete_strength,1,656,25.690587263840897,28.47275733947754
concrete_strength,1,657,25.19327790920551,28.46734619140625
concrete_strength,1,658,25.37800433085515,28.353862762451172
concrete_strength,1,659,26.936127552619347,28.330318450927734
concrete_strength,1,660,25.563521495232216,28.54790496826172
concrete_strength,1,661,26.334216668055607,28.381738662719727
concrete_strength,1,662,26.253542716686542,29.158967971801758
concrete_strength,1,663,27.30235319871169,28.01854705810547
concrete_strength,1,664,25.595592938936672,28.555564880371094
concrete_strength,1,665,25.75365506685697,28.483497619628906
concrete_strength,1,666,25.98179454069871,28.503463745117188
concrete_strength,1,667,25.479327605320858,28.686330795288086
concrete_strength,1,668,29.272528024820183,28.963056564331055
concrete_strength,1,669,26.67127249791072,28.479713439941406
concrete_strength,1,670,25.346640440133903,28.307392120361328
concrete_strength,1,671,25.62044206032386,28.658424377441406
concrete_strength,1,672,25.311419927156887,28.15164566040039
concrete_strength,1,673,25.568874175731953,28.41999626159668
concrete_strength,1,674,26.05853293492244,29.045082092285156
concrete_strength,1,675,25.49919913365291,28.62186622619629
concrete_strength,1,676,24.947118062239426,28.301403045654297
concrete_strength,1,677,24.956797764851498,28.246475219726562
concrete_strength,1,678,24.929522807781513,28.168113708496094
concrete_strength,1,679,25.277468314537636,28.30821990966797
concrete_strength,1,680,25.695643498347355,28.249706268310547
concrete_strength,1,681,28.69681582084069,28.101133346557617
concrete_strength,1,682,25.876675862532394,28.448928833007812
concrete_strength,1,683,25.26265679872953,28.77869415283203
concrete_strength,1,684,27.33414550927969,28.05230140686035
concrete_strength,1,685,24.96915235886207,28.686363220214844
concrete_strength,1,686,25.29782695036668,28.85904884338379
concrete_strength,1,687,26.068368838383602,28.49347686767578
concrete_strength,1,688,25.112816883967472,28.030630111694336
concrete_strength,1,689,25.79133316186758,28.7321834564209
concrete_strength,1,690,25.55693193582388,28.282617568969727
concrete_strength,1,691,25.174287796020508,28.156829833984375
concrete_strength,1,692,25.390965571770302,28.274904251098633
concrete_strength,1,693,24.872689137092003,28.686595916748047
concrete_strength,1,694,25.302462357741135,28.27606201171875
concrete_strength,1,695,25.355015204502987,28.913164138793945
concrete_strength,1,696,25.179539130284237,28.09943389892578
concrete_strength,1,697,24.855241206976082,28.6411075592041
concrete_strength,1,698,25.31218770834116,28.331119537353516
concrete_strength,1,699,25.521715457622822,29.026399612426758
concrete_strength,1,700,25.84503019773043,28.256168365478516
concrete_strength,1,701,25.360908618340126,28.224123001098633
concrete_strength,1,702,24.93204641342163,28.73713493347168
concrete_strength,1,703,25.72677439909715,28.25501251220703
concrete_strength,1,704,26.393026498647835,28.326580047607422
concrete_strength,1,705,24.91670615856464,28.55423355102539
concrete_strength,1,706,25.61293389247014,28.509445190429688
concrete_strength,1,707,25.27821445465088,28.744779586791992
concrete_strength,1,708,25.41130465727586,28.151334762573242
concrete_strength,1,709,26.36546626457801,28.377477645874023
concrete_strength,1,710,28.40982539837177,28.535999298095703
concrete_strength,1,711,25.034019039227413,28.51682472229004
concrete_strength,1,712,25.485307473402756,28.488948822021484
concrete_strength,1,713,26.103182866023136,28.378292083740234
concrete_strength,1,714,27.045577122614933,28.1379451751709
concrete_strength,1,715,25.374466565939095,28.791122436523438
concrete_strength,1,716,25.421646705040565,28.510732650756836
concrete_strength,1,717,25.289359606229343,28.571348190307617
concrete_strength,1,718,24.836173974550686,28.696434020996094
concrete_strength,1,719,25.16663045149583,28.95295524597168
concrete_strength,1,720,24.708904046278732,28.444795608520508
concrete_strength,1,721,25.361836653489334,28.601587295532227
concrete_strength,1,722,25.399637148930477,28.29615592956543
concrete_strength,1,723,25.787600443913387,29.73341941833496
concrete_strength,1,724,25.98223513823289,29.280488967895508
concrete_strength,1,725,24.98724154325632,28.13202476501465
concrete_strength,1,726,24.835561128763054,28.39527702331543
concrete_strength,1,727,24.681527321155254,28.09650421142578
concrete_strength,1,728,26.312651450817402,28.076139450073242
concrete_strength,1,729,26.189622915708103,28.660228729248047
concrete_strength,1,730,25.00748084141658,28.590421676635742
concrete_strength,1,731,24.718312529417183,29.04471778869629
concrete_strength,1,732,26.932765593895546,28.301044464111328
concrete_strength,1,733,25.038663313939022,28.40685272216797
concrete_strength,1,734,24.897474692418026,28.83283805847168
concrete_strength,1,735,25.998517183157112,29.065568923950195
concrete_strength,1,736,25.152288858707134,28.875219345092773
concrete_strength,1,737,25.653049102196327,28.52745819091797
concrete_strength,1,738,26.363433837890625,28.56607437133789
concrete_strength,1,739,25.847210333897518,29.564987182617188
concrete_strength,1,740,26.200121219341572,28.358318328857422
concrete_strength,1,741,24.978080456073467,28.735706329345703
concrete_strength,1,742,27.56201696395874,28.85564613342285
concrete_strength,1,743,27.526158039386456,28.165393829345703
concrete_strength,1,744,25.147466586186336,28.64964485168457
concrete_strength,1,745,24.954794333531307,29.070941925048828
concrete_strength,1,746,25.816556490384617,28.441617965698242
concrete_strength,1,747,25.359897980323204,28.924331665039062
concrete_strength,1,748,28.773597497206467,28.244293212890625
concrete_strength,1,749,25.568512256328876,28.350921630859375
concrete_strength,1,750,24.584869384765625,28.329133987426758
concrete_strength,1,751,25.09930893091055,28.493553161621094
concrete_strength,1,752,25.696845274705154,28.718536376953125
concrete_strength,1,753,26.626384478348953,28.380441665649414
concrete_strength,1,754,25.528228172889122,28.356775283813477
concrete_strength,1,755,26.479353537926308,29.112173080444336
concrete_strength,1,756,25.11619443159837,28.233427047729492
concrete_strength,1,757,25.01523234294011,28.52289581298828
concrete_strength,1,758,24.91241403726431,29.018957138061523
concrete_strength,1,759,24.99086702786959,28.217552185058594
concrete_strength,1,760,24.84110817542443,28.16241455078125
concrete_strength,1,761,24.815797072190506,28.168855667114258
concrete_strength,1,762,28.112913131713867,28.13336181640625
concrete_strength,1,763,25.258017796736496,28.08898162841797
concrete_strength,1,764,24.658885845771202,28.245864868164062
concrete_strength,1,765,24.41955204651906,28.000425338745117
concrete_strength,1,766,24.55060522372906,28.483522415161133
concrete_strength,1,767,24.98490047454834,28.485393524169922
concrete_strength,1,768,24.85617887056791,28.17322540283203
concrete_strength,1,769,25.246644020080566,28.88564682006836
concrete_strength,1,770,26.338378209334152,27.972280502319336
concrete_strength,1,771,24.896572809952957,28.020164489746094
concrete_strength,1,772,24.587743181448715,28.546037673950195
concrete_strength,1,773,26.251158420856182,28.086000442504883
concrete_strength,1,774,24.545829571210422,27.94841194152832
concrete_strength,1,775,24.843374215639553,27.93701934814453
concrete_strength,1,776,24.93009717647846,28.309200286865234
concrete_strength,1,777,24.76225647559533,27.974748611450195
concrete_strength,1,778,24.829772472381592,28.446975708007812
concrete_strength,1,779,25.360535805041973,27.99374771118164
concrete_strength,1,780,25.561073083143967,28.058151245117188
concrete_strength,1,781,25.951949009528526,28.12057113647461
concrete_strength,1,782,26.52923506956834,28.103153228759766
concrete_strength,1,783,25.46485838523278,28.125213623046875
concrete_strength,1,784,25.179017543792725,27.869016647338867
concrete_strength,1,785,24.867725995870735,27.98255729675293
concrete_strength,1,786,24.66207034771259,28.30150604248047
concrete_strength,1,787,25.29661435347337,28.65142059326172
concrete_strength,1,788,24.87635564804077,27.945552825927734
concrete_strength,1,789,24.73858272112333,28.02068519592285
concrete_strength,1,790,24.66490235695472,28.040231704711914
concrete_strength,1,791,24.88551763387827,28.385093688964844
concrete_strength,1,792,24.99674030450674,28.450176239013672
concrete_strength,1,793,25.35702034143301,28.50189971923828
concrete_strength,1,794,25.54136797098013,28.229873657226562
concrete_strength,1,795,24.775541085463303,28.24899673461914
concrete_strength,1,796,24.886112176454983,28.843978881835938
concrete_strength,1,797,27.27933509533222,27.941926956176758
concrete_strength,1,798,25.41641803888174,27.93168830871582
concrete_strength,1,799,25.347244556133564,28.56387710571289
concrete_strength,1,800,24.940844939305233,27.908397674560547
concrete_strength,1,801,24.857093517596905,27.86761474609375
concrete_strength,1,802,25.924501309028038,28.12468147277832
concrete_strength,1,803,25.114646141345684,28.419267654418945
concrete_strength,1,804,25.464538904336784,28.29299545288086
concrete_strength,1,805,24.37362961127208,28.197858810424805
concrete_strength,1,806,25.02417014195369,28.41768455505371
concrete_strength,1,807,24.476168320729183,28.166114807128906
concrete_strength,1,808,27.223966121673584,28.25220489501953
concrete_strength,1,809,26.437530370859,27.566299438476562
concrete_strength,1,810,25.11989905284001,27.922088623046875
concrete_strength,1,811,25.18776038976816,27.92214012145996
concrete_strength,1,812,25.046983792231632,27.82286262512207
concrete_strength,1,813,24.22192628796284,28.262556076049805
concrete_strength,1,814,24.353044665776768,28.062589645385742
concrete_strength,1,815,26.221724106715275,28.329980850219727
concrete_strength,1,816,25.13499223268949,28.015289306640625
concrete_strength,1,817,24.75921447460468,28.137100219726562
concrete_strength,1,818,24.632313434894268,28.231224060058594
concrete_strength,1,819,25.67161303300124,28.81679916381836
concrete_strength,1,820,24.966345603649433,28.088150024414062
concrete_strength,1,821,24.671248472653904,27.992570877075195
concrete_strength,1,822,25.200568015758808,28.342350006103516
concrete_strength,1,823,25.003123870262733,28.17131233215332
concrete_strength,1,824,27.141732472639816,28.22577476501465
concrete_strength,1,825,24.40565627010969,28.356775283813477
concrete_strength,1,826,24.548639572583713,28.49042320251465
concrete_strength,1,827,25.234470000633827,27.89128875732422
concrete_strength,1,828,24.337207592450657,28.11855697631836
concrete_strength,1,829,25.352135181427002,28.234098434448242
concrete_strength,1,830,25.290306127988377,28.13258171081543
concrete_strength,1,831,24.690185070037842,28.25493812561035
concrete_strength,1,832,26.010101575117844,28.496259689331055
concrete_strength,1,833,26.245540838975174,28.032936096191406
concrete_strength,1,834,24.807654490837685,27.84532928466797
concrete_strength,1,835,25.022057643303505,27.89350128173828
concrete_strength,1,836,24.656008830437294,28.156187057495117
concrete_strength,1,837,25.03423701799833,28.21363067626953
concrete_strength,1,838,25.925895360799935,28.2457275390625
concrete_strength,1,839,24.978970270890457,28.33246612548828
concrete_strength,1,840,27.860276699066162,28.320575714111328
concrete_strength,1,841,25.01693450487577,28.06233024597168
concrete_strength,1,842,25.073239363156834,28.251863479614258
concrete_strength,1,843,26.29238847585825,27.864471435546875
concrete_strength,1,844,28.22132869867178,28.13999366760254
concrete_strength,1,845,26.502636616046612,27.965694427490234
concrete_strength,1,846,25.62709881709172,27.709375381469727
concrete_strength,1,847,24.989851474761963,27.913381576538086
concrete_strength,1,848,25.716984858879677,27.75020408630371
concrete_strength,1,849,24.37677003787114,27.804901123046875
concrete_strength,1,850,24.8687057861915,27.775432586669922
concrete_strength,1,851,25.44327350763174,27.959997177124023
concrete_strength,1,852,25.196904732630802,27.781673431396484
concrete_strength,1,853,29.371096721062294,27.857881546020508
concrete_strength,1,854,25.35680495775663,28.03504180908203
concrete_strength,1,855,27.305394172668457,28.200565338134766
concrete_strength,1,856,25.12659868827233,28.575044631958008
concrete_strength,1,857,25.61452106329111,28.010948181152344
concrete_strength,1,858,24.797123432159424,28.160423278808594
concrete_strength,1,859,24.337695415203388,28.1644344329834
concrete_strength,1,860,24.967338745410625,28.191627502441406
concrete_strength,1,861,25.38877931007972,28.181640625
concrete_strength,1,862,27.268864778371956,28.109722137451172
concrete_strength,1,863,25.638292385981632,28.278833389282227
concrete_strength,1,864,24.976856378408577,28.00017547607422
concrete_strength,1,865,25.468453077169563,28.05801773071289
concrete_strength,1,866,25.54182951266949,28.13694953918457
concrete_strength,1,867,25.676989555358887,28.38315773010254
concrete_strength,1,868,24.670756046588604,28.56510353088379
concrete_strength,1,869,25.19027878687932,28.609233856201172
concrete_strength,1,870,24.985378852257362,28.157413482666016
concrete_strength,1,871,25.023311138153076,28.37273406982422
concrete_strength,1,872,25.167036313277023,29.302635192871094
concrete_strength,1,873,24.58759197821984,28.02086639404297
concrete_strength,1,874,26.863136254824123,28.03719139099121
concrete_strength,1,875,24.717195987701416,28.392614364624023
concrete_strength,1,876,24.28044617176056,28.153703689575195
concrete_strength,1,877,25.04898867240319,28.198854446411133
concrete_strength,1,878,24.8955701314486,28.146806716918945
concrete_strength,1,879,24.495670318603516,28.563838958740234
concrete_strength,1,880,24.636223169473503,28.24827003479004
concrete_strength,1,881,25.807472779200626,28.149105072021484
concrete_strength,1,882,24.830767154693604,28.04071044921875
concrete_strength,1,883,25.128768040583683,28.21806526184082
concrete_strength,1,884,24.55659404167762,28.48788070678711
concrete_strength,1,885,24.749591240516075,28.27450180053711
concrete_strength,1,886,26.506821448986347,28.08245849609375
concrete_strength,1,887,25.019016559307392,28.184526443481445
concrete_strength,1,888,24.616322223956768,27.834001541137695
concrete_strength,1,889,24.9713406929603,27.937990188598633
concrete_strength,1,890,24.730376683748684,28.22089195251465
concrete_strength,1,891,24.873478669386643,28.298377990722656
concrete_strength,1,892,25.11570515999427,27.865507125854492
concrete_strength,1,893,26.79466383273785,27.94384002685547
concrete_strength,1,894,27.203179359436035,28.558612823486328
concrete_strength,1,895,25.122321899120625,28.001218795776367
concrete_strength,1,896,24.935326759631817,28.27488136291504
concrete_strength,1,897,25.16951560974121,28.325103759765625
concrete_strength,1,898,24.687842185680683,28.8133602142334
concrete_strength,1,899,24.7990545126108,27.918371200561523
concrete_strength,1,900,25.569150631244366,28.149127960205078
concrete_strength,1,901,24.45315647125244,28.54271697998047
concrete_strength,1,902,24.507687421945427,28.17582893371582
concrete_strength,1,903,24.916811136099007,28.314611434936523
concrete_strength,1,904,24.16733540021456,28.227012634277344
concrete_strength,1,905,24.96412174518292,28.322044372558594
concrete_strength,1,906,25.96969435765193,28.298519134521484
concrete_strength,1,907,27.907186471498928,28.343534469604492
concrete_strength,1,908,26.033020716447098,29.018951416015625
concrete_strength,1,909,24.412271563823406,28.548688888549805
concrete_strength,1,910,24.417456663571873,28.236814498901367
concrete_strength,1,911,24.807332589076115,29.055843353271484
concrete_strength,1,912,24.221380655582134,28.35397720336914
concrete_strength,1,913,24.198300508352425,28.305103302001953
concrete_strength,1,914,24.310148349175087,28.048564910888672
concrete_strength,1,915,24.30405275638287,28.33841323852539
concrete_strength,1,916,24.51786470413208,28.413007736206055
concrete_strength,1,917,24.741554186894344,28.21931266784668
concrete_strength,1,918,25.725536016317513,28.396007537841797
concrete_strength,1,919,24.743878327883206,28.71607780456543
concrete_strength,1,920,24.632162424234245,28.214855194091797
concrete_strength,1,921,24.44934764275184,28.138687133789062
concrete_strength,1,922,24.476104442889874,28.234445571899414
concrete_strength,1,923,25.198851365309494,28.273754119873047
concrete_strength,1,924,24.189055039332462,28.35575294494629
concrete_strength,1,925,24.736400567568264,28.232154846191406
concrete_strength,1,926,23.871338890149044,29.062124252319336
concrete_strength,1,927,24.79443905903743,28.20398712158203
concrete_strength,1,928,24.81379013795119,28.383630752563477
concrete_strength,1,929,24.182266235351562,28.7242374420166
concrete_strength,1,930,26.316645879011887,28.195598602294922
concrete_strength,1,931,24.921466937431923,28.294450759887695
concrete_strength,1,932,25.0136981010437,27.97894287109375
concrete_strength,1,933,25.628090198223408,27.988292694091797
concrete_strength,1,934,25.813267120948204,28.46923828125
concrete_strength,1,935,27.764560589423546,27.724891662597656
concrete_strength,1,936,27.069658756256104,28.537248611450195
concrete_strength,1,937,26.603654934809757,28.584367752075195
concrete_strength,1,938,24.276686961834248,27.949176788330078
concrete_strength,1,939,25.14251292668856,28.07916259765625
concrete_strength,1,940,24.215081508343037,28.124155044555664
concrete_strength,1,941,24.474346160888672,28.190969467163086
concrete_strength,1,942,25.746060554797833,28.133459091186523
concrete_strength,1,943,25.189540202801044,28.33460235595703
concrete_strength,1,944,24.24260187149048,28.7843017578125
concrete_strength,1,945,25.482914667863113,28.256940841674805
concrete_strength,1,946,24.562774951641376,28.64487075805664
concrete_strength,1,947,24.468201683117794,27.844724655151367
concrete_strength,1,948,24.99067156131451,28.121694564819336
concrete_strength,1,949,24.48928873355572,28.136220932006836
concrete_strength,1,950,24.635536157167873,28.046768188476562
concrete_strength,1,951,24.52990205471332,28.29088592529297
concrete_strength,1,952,24.3128070464501,28.18447494506836
concrete_strength,1,953,24.14981323022109,28.547151565551758
concrete_strength,1,954,24.514416181124172,28.208715438842773
concrete_strength,1,955,24.357082807100735,28.198951721191406
concrete_strength,1,956,24.782568308023308,29.31131935119629
concrete_strength,1,957,24.270363385860737,28.190370559692383
concrete_strength,1,958,27.058809830592228,28.503408432006836
concrete_strength,1,959,26.22855149782621,28.35765838623047
concrete_strength,1,960,24.63020423742441,28.403968811035156
concrete_strength,1,961,27.11498583280123,28.81208038330078
concrete_strength,1,962,25.634943925417385,29.17189598083496
concrete_strength,1,963,24.36668293292706,28.218626022338867
concrete_strength,1,964,24.895259343660793,28.32766342163086
concrete_strength,1,965,24.81380899135883,28.112794876098633
concrete_strength,1,966,25.415133402897762,28.165950775146484
concrete_strength,1,967,24.970259299645058,28.10780143737793
concrete_strength,1,968,24.787796460665188,28.212270736694336
concrete_strength,1,969,26.665561015789326,27.920677185058594
concrete_strength,1,970,24.49528536429772,28.23497200012207
concrete_strength,1,971,25.69477261029757,28.453323364257812
concrete_strength,1,972,24.304612865814796,27.722087860107422
concrete_strength,1,973,24.400650134453407,28.72835350036621
concrete_strength,1,974,26.7729722903325,28.001352310180664
concrete_strength,1,975,24.59112757902879,28.556367874145508
concrete_strength,1,976,24.79759014569796,28.191387176513672
concrete_strength,1,977,24.403147257291355,28.2785587310791
concrete_strength,1,978,24.668731065896843,28.828968048095703
concrete_strength,1,979,23.98983075068547,28.301179885864258
concrete_strength,1,980,24.809818267822266,28.220720291137695
concrete_strength,1,981,24.37515827325674,28.86104965209961
concrete_strength,1,982,25.32017131952139,28.384164810180664
concrete_strength,1,983,24.497017530294563,28.83930206298828
concrete_strength,1,984,24.60441255569458,28.415929794311523
concrete_strength,1,985,24.29281003658588,28.277210235595703
concrete_strength,1,986,24.709366504962627,28.15468406677246
concrete_strength,1,987,23.885159345773552,28.56361961364746
concrete_strength,1,988,24.19995168539194,28.018901824951172
concrete_strength,1,989,24.083888585750874,28.288204193115234
concrete_strength,1,990,26.68146907366239,28.458463668823242
concrete_strength,1,991,24.801026344299316,29.324413299560547
concrete_strength,1,992,25.620393386253944,28.33948516845703
concrete_strength,1,993,24.218797353597786,28.228639602661133
concrete_strength,1,994,27.448310815371,27.92653465270996
concrete_strength,1,995,26.921356274531437,28.100648880004883
concrete_strength,1,996,26.219875665811394,28.494409561157227
concrete_strength,1,997,25.880086532005897,28.321250915527344
concrete_strength,1,998,24.290101491487942,28.078596115112305
concrete_strength,1,999,24.520199959094708,28.637666702270508
concrete_strength,5,0,44.91633980090801,60.491214752197266
concrete_strength,5,1,46.60237407684326,56.84128189086914
concrete_strength,5,2,43.94565831697904,55.753639221191406
concrete_strength,5,3,43.72115523998554,55.609798431396484
concrete_strength,5,4,41.92082955287053,56.31886291503906
concrete_strength,5,5,41.49363825871394,54.3830451965332
concrete_strength,5,6,40.73072029994084,53.89548873901367
concrete_strength,5,7,41.56315429394062,53.568145751953125
concrete_strength,5,8,40.30708885192871,56.107120513916016
concrete_strength,5,9,40.10989761352539,53.00568389892578
concrete_strength,5,10,40.445513871999886,52.45992660522461
concrete_strength,5,11,39.77538842421312,53.73649215698242
concrete_strength,5,12,40.34904780754676,51.31681823730469
concrete_strength,5,13,41.124323258033165,51.82969284057617
concrete_strength,5,14,38.86678196833684,52.258453369140625
concrete_strength,5,15,38.55657144693228,50.881710052490234
concrete_strength,5,16,38.13135667947623,51.10301208496094
concrete_strength,5,17,37.856284655057465,50.98082733154297
concrete_strength,5,18,42.954930598919205,51.3521728515625
concrete_strength,5,19,37.45663661223192,53.35032653808594
concrete_strength,5,20,39.02001615671011,50.925926208496094
concrete_strength,5,21,38.42458372849684,50.465641021728516
concrete_strength,5,22,36.76005312112662,49.884944915771484
concrete_strength,5,23,35.87713857797476,50.255340576171875
concrete_strength,5,24,36.02413452588595,48.8017578125
concrete_strength,5,25,36.576462268829346,48.97283172607422
concrete_strength,5,26,36.63822034689096,48.744075775146484
concrete_strength,5,27,37.04200253119836,48.828102111816406
concrete_strength,5,28,37.51679479158842,50.61153030395508
concrete_strength,5,29,37.59107457674467,49.7464485168457
concrete_strength,5,30,35.32767068422758,47.93196105957031
concrete_strength,5,31,34.52374340937688,50.67059326171875
concrete_strength,5,32,34.84083421413715,49.78115463256836
concrete_strength,5,33,34.87323654614962,48.871028900146484
concrete_strength,5,34,34.536634591909554,47.79826354980469
concrete_strength,5,35,33.59631628256578,47.94373321533203
concrete_strength,5,36,33.65232436473553,47.58770751953125
concrete_strength,5,37,34.1156863799462,47.49953842163086
concrete_strength,5,38,34.18047743577223,47.66509246826172
concrete_strength,5,39,35.55406276996319,47.053279876708984
concrete_strength,5,40,34.73111416743352,48.23502731323242
concrete_strength,5,41,33.42072266798753,47.420654296875
concrete_strength,5,42,34.452407323397125,51.379764556884766
concrete_strength,5,43,33.769873729118935,46.94047927856445
concrete_strength,5,44,33.728767505058876,47.27898025512695
concrete_strength,5,45,34.2342428794274,46.12901306152344
concrete_strength,5,46,33.470977636484,45.85073471069336
concrete_strength,5,47,32.22641966893123,47.203468322753906
concrete_strength,5,48,32.41754715259258,48.15814971923828
concrete_strength,5,49,33.2119057728694,46.19380187988281
concrete_strength,5,50,32.17559862136841,46.08456802368164
concrete_strength,5,51,37.43415927886963,45.75642776489258
concrete_strength,5,52,34.31823811164269,46.07276153564453
concrete_strength,5,53,31.783717393875122,47.15986633300781
concrete_strength,5,54,33.50586630747868,45.70528793334961
concrete_strength,5,55,37.92264571556678,46.81391525268555
concrete_strength,5,56,33.267497722919174,47.00863265991211
concrete_strength,5,57,32.35786195901724,46.213104248046875
concrete_strength,5,58,33.77430637066181,45.47385787963867
concrete_strength,5,59,32.29833962367131,44.15798568725586
concrete_strength,5,60,31.13434311059805,46.35371017456055
concrete_strength,5,61,32.61395461742695,46.240257263183594
concrete_strength,5,62,31.85551936809833,45.476070404052734
concrete_strength,5,63,30.842570818387546,44.65419387817383
concrete_strength,5,64,31.50944361319909,44.5342903137207
concrete_strength,5,65,33.90061422494742,45.03190612792969
concrete_strength,5,66,31.126607748178337,45.19841766357422
concrete_strength,5,67,30.815243024092453,44.18260192871094
concrete_strength,5,68,30.57194313636193,43.90018844604492
concrete_strength,5,69,32.54347346379207,43.88474655151367
concrete_strength,5,70,33.62421795038077,44.023311614990234
concrete_strength,5,71,30.535548026745136,44.13511657714844
concrete_strength,5,72,30.36613603738638,43.69403839111328
concrete_strength,5,73,30.167522632158718,44.28932571411133
concrete_strength,5,74,29.78491106400123,44.19758605957031
concrete_strength,5,75,29.890209931593674,44.07917404174805
concrete_strength,5,76,29.990264965937687,43.734588623046875
concrete_strength,5,77,29.766833818875828,43.525569915771484
concrete_strength,5,78,30.311884219829853,43.900413513183594
concrete_strength,5,79,29.753612958467922,44.24614334106445
concrete_strength,5,80,31.63510693036593,43.94358444213867
concrete_strength,5,81,29.424735436072716,43.53858184814453
concrete_strength,5,82,29.242446789374718,42.97744369506836
concrete_strength,5,83,30.064893098977898,43.27014923095703
concrete_strength,5,84,29.430019745459923,42.890567779541016
concrete_strength,5,85,29.138431952549862,43.64178466796875
concrete_strength,5,86,28.691666089571438,43.405452728271484
concrete_strength,5,87,29.452580268566425,44.5770378112793
concrete_strength,5,88,30.9815275485699,44.099544525146484
concrete_strength,5,89,30.32181431696965,43.30049133300781
concrete_strength,5,90,29.81955495247474,43.97218322753906
concrete_strength,5,91,29.134248073284443,43.39048767089844
concrete_strength,5,92,30.091148083026592,43.66246032714844
concrete_strength,5,93,29.39235672583947,43.04755401611328
concrete_strength,5,94,29.345080082233135,43.313758850097656
concrete_strength,5,95,28.78427974994366,43.20466613769531
concrete_strength,5,96,28.707010195805477,43.442291259765625
concrete_strength,5,97,30.4562767468966,43.460758209228516
concrete_strength,5,98,29.810221892136795,43.416419982910156
concrete_strength,5,99,29.666380405426025,42.73086166381836
concrete_strength,5,100,28.639920418079083,43.287967681884766
concrete_strength,5,101,28.095929109133206,43.454437255859375
concrete_strength,5,102,28.6355871787438,43.142093658447266
concrete_strength,5,103,29.742462855118973,43.20210647583008
concrete_strength,5,104,29.361641663771408,42.198883056640625
concrete_strength,5,105,29.68098258972168,42.838802337646484
concrete_strength,5,106,29.445999292226936,43.095272064208984
concrete_strength,5,107,28.315183126009426,42.82773208618164
concrete_strength,5,108,28.201070382044865,42.57725143432617
concrete_strength,5,109,27.88818860054016,42.133155822753906
concrete_strength,5,110,29.249636319967415,43.44511413574219
concrete_strength,5,111,27.900905975928673,42.96749496459961
concrete_strength,5,112,27.77292908155001,42.46971130371094
concrete_strength,5,113,28.16851366483248,41.486328125
concrete_strength,5,114,28.96290922164917,42.231483459472656
concrete_strength,5,115,26.90446534523597,44.84457778930664
concrete_strength,5,116,27.788302458249607,41.99607467651367
concrete_strength,5,117,27.41494791324322,42.096683502197266
concrete_strength,5,118,27.477603545555702,42.31521987915039
concrete_strength,5,119,28.833498221177322,42.65642547607422
concrete_strength,5,120,26.777175481502827,41.70330810546875
concrete_strength,5,121,27.729510600750263,42.470916748046875
concrete_strength,5,122,28.225222734304573,41.7814826965332
concrete_strength,5,123,27.543404285724346,43.029815673828125
concrete_strength,5,124,27.921499949235184,43.76603698730469
concrete_strength,5,125,31.239316610189583,42.59196090698242
concrete_strength,5,126,27.53049267255343,42.0457763671875
concrete_strength,5,127,27.100601489727314,42.6218376159668
concrete_strength,5,128,28.921194039858303,43.514347076416016
concrete_strength,5,129,27.931318796597996,42.27946090698242
concrete_strength,5,130,26.75320970095121,42.35918045043945
concrete_strength,5,131,27.678774100083572,42.21852111816406
concrete_strength,5,132,28.005790563730095,44.48942947387695
concrete_strength,5,133,28.141651410322922,42.66990280151367
concrete_strength,5,134,26.37985636637761,42.80518341064453
concrete_strength,5,135,26.276486983666054,42.55488967895508
concrete_strength,5,136,27.015377044677734,42.25532531738281
concrete_strength,5,137,26.00805165217473,41.95402526855469
concrete_strength,5,138,25.316092289411106,42.05037307739258
concrete_strength,5,139,26.457849209125225,41.88874053955078
concrete_strength,5,140,25.89455487177922,42.49106979370117
concrete_strength,5,141,25.940612829648533,41.21377944946289
concrete_strength,5,142,26.566069529606747,41.75492477416992
concrete_strength,5,143,28.52760252585778,41.396183013916016
concrete_strength,5,144,26.591624846825233,42.67906951904297
concrete_strength,5,145,27.627890770251934,42.107383728027344
concrete_strength,5,146,26.446908694047195,42.828678131103516
concrete_strength,5,147,25.451385186268734,41.53999710083008
concrete_strength,5,148,26.6800369482774,42.42881393432617
concrete_strength,5,149,27.450484679295467,42.16253662109375
concrete_strength,5,150,27.467998614678017,41.65150451660156
concrete_strength,5,151,25.518473258385292,41.33917999267578
concrete_strength,5,152,25.75163569817176,41.28289031982422
concrete_strength,5,153,25.43591394791236,41.5116081237793
concrete_strength,5,154,26.399046384371243,41.38888931274414
concrete_strength,5,155,26.95746344786424,41.778907775878906
concrete_strength,5,156,25.131309252518875,41.90594482421875
concrete_strength,5,157,24.67743211526137,41.591957092285156
concrete_strength,5,158,25.29538081242488,42.2813720703125
concrete_strength,5,159,26.10994760806744,41.55958938598633
concrete_strength,5,160,24.93637642493615,44.47456741333008
concrete_strength,5,161,24.960533655606785,41.38961410522461
concrete_strength,5,162,25.22918726847722,41.32243728637695
concrete_strength,5,163,25.499408208406887,41.716819763183594
concrete_strength,5,164,25.61807548082792,43.10930633544922
concrete_strength,5,165,24.829863218160774,41.15666961669922
concrete_strength,5,166,25.314710176908054,41.64484786987305
concrete_strength,5,167,25.226584141071026,40.83806610107422
concrete_strength,5,168,24.35211891394395,41.058753967285156
concrete_strength,5,169,24.386181097764236,41.80551528930664
concrete_strength,5,170,24.55630973669199,40.94762420654297
concrete_strength,5,171,24.44630380777212,41.50738525390625
concrete_strength,5,172,25.340864988473747,41.39699935913086
concrete_strength,5,173,24.841284385094276,40.85221862792969
concrete_strength,5,174,25.852035485781155,41.56760787963867
concrete_strength,5,175,24.563897976508507,40.68507766723633
concrete_strength,5,176,25.208375710707443,40.74839782714844
concrete_strength,5,177,24.22905523960407,41.39973831176758
concrete_strength,5,178,24.283822389749382,41.14598846435547
concrete_strength,5,179,24.502077249380257,41.085792541503906
concrete_strength,5,180,23.836047154206497,41.40126037597656
concrete_strength,5,181,24.05581437624418,40.698936462402344
concrete_strength,5,182,25.97477780855619,41.030521392822266
concrete_strength,5,183,24.30779449756329,41.34701919555664
concrete_strength,5,184,24.111344997699444,41.354225158691406
concrete_strength,5,185,25.347264803372898,41.3500862121582
concrete_strength,5,186,25.065215807694656,40.99076461791992
concrete_strength,5,187,25.358463360713078,43.75260543823242
concrete_strength,5,188,24.447303478534405,41.01271057128906
concrete_strength,5,189,24.29596809240488,41.11771774291992
concrete_strength,5,190,26.36119039242084,41.74188995361328
concrete_strength,5,191,24.675838507138767,42.315128326416016
concrete_strength,5,192,23.410950880784256,41.175270080566406
concrete_strength,5,193,23.282053250532883,41.654052734375
concrete_strength,5,194,22.798113277325264,41.23853302001953
concrete_strength,5,195,23.497571541712833,40.86735916137695
concrete_strength,5,196,23.333378241612362,40.69929122924805
concrete_strength,5,197,23.872800276829647,40.58998107910156
concrete_strength,5,198,23.49595099229079,41.51584243774414
concrete_strength,5,199,23.139802932739258,40.778663635253906
concrete_strength,5,200,23.232458408062275,41.31372833251953
concrete_strength,5,201,23.527598344362698,41.013702392578125
concrete_strength,5,202,23.515968029315655,41.23709487915039
concrete_strength,5,203,24.087217587691086,40.05027770996094
concrete_strength,5,204,22.902394881615272,40.535335540771484
concrete_strength,5,205,23.105965467599724,40.941749572753906
concrete_strength,5,206,23.00173179919903,40.95582962036133
concrete_strength,5,207,23.622755490816555,40.01421356201172
concrete_strength,5,208,23.718279618483322,40.73309326171875
concrete_strength,5,209,22.986341861578133,41.12509536743164
concrete_strength,5,210,23.753024358015793,39.98946762084961
concrete_strength,5,211,22.731407183867233,40.671993255615234
concrete_strength,5,212,22.810796994429367,40.51287841796875
concrete_strength,5,213,23.66966566672692,41.39044189453125
concrete_strength,5,214,22.813023017002987,40.26015090942383
concrete_strength,5,215,22.57660066164457,40.1187858581543
concrete_strength,5,216,23.161749656383808,40.20927429199219
concrete_strength,5,217,22.316460389357346,41.16899490356445
concrete_strength,5,218,23.272606482872597,40.86623001098633
concrete_strength,5,219,22.956469425788292,39.58281707763672
concrete_strength,5,220,21.97266545662513,39.964778900146484
concrete_strength,5,221,22.574671745300293,41.428306579589844
concrete_strength,5,222,22.315971814669094,39.87774658203125
concrete_strength,5,223,22.463933871342586,40.75415802001953
concrete_strength,5,224,23.443873387116653,39.65647888183594
concrete_strength,5,225,22.312197355123665,39.65953826904297
concrete_strength,5,226,22.32672823392428,40.37526321411133
concrete_strength,5,227,24.27780063335712,40.81547164916992
concrete_strength,5,228,22.805995537684513,40.365638732910156
concrete_strength,5,229,22.543763637542725,40.577423095703125
concrete_strength,5,230,23.48320172383235,41.8481330871582
concrete_strength,5,231,22.79344180914072,41.502716064453125
concrete_strength,5,232,22.937391757965088,41.271575927734375
concrete_strength,5,233,21.80555457335252,40.10912322998047
concrete_strength,5,234,21.824292219602146,39.57107162475586
concrete_strength,5,235,21.832434544196495,40.85593032836914
concrete_strength,5,236,21.77656965989333,39.85105514526367
concrete_strength,5,237,24.407847037682167,40.32524108886719
concrete_strength,5,238,22.077597508063683,39.26400375366211
concrete_strength,5,239,22.09679181759174,39.43856430053711
concrete_strength,5,240,21.33255980564998,40.14191436767578
concrete_strength,5,241,21.61165974690364,39.27812194824219
concrete_strength,5,242,22.383072999807503,40.01987838745117
concrete_strength,5,243,21.883409848579994,40.23611068725586
concrete_strength,5,244,21.478839800908016,39.816497802734375
concrete_strength,5,245,21.77469121492826,41.69477462768555
concrete_strength,5,246,22.321162553933952,43.465362548828125
concrete_strength,5,247,22.412454201624943,41.30403518676758
concrete_strength,5,248,22.36041435828576,39.950233459472656
concrete_strength,5,249,21.782849385188175,39.72334289550781
concrete_strength,5,250,21.904991406660812,39.86207580566406
concrete_strength,5,251,23.787361658536472,39.929542541503906
concrete_strength,5,252,21.607382004077618,39.89951705932617
concrete_strength,5,253,22.056165548471306,39.45367431640625
concrete_strength,5,254,21.59221700521616,39.63228225708008
concrete_strength,5,255,21.519113760728104,39.492401123046875
concrete_strength,5,256,21.152731455289402,40.0205192565918
concrete_strength,5,257,21.020980211404655,40.42483901977539
concrete_strength,5,258,24.872172062213604,40.44062805175781
concrete_strength,5,259,22.27473548742441,40.837913513183594
concrete_strength,5,260,24.04241154744075,41.88951873779297
concrete_strength,5,261,22.878500021420994,41.64373016357422
concrete_strength,5,262,21.006209226754997,39.595794677734375
concrete_strength,5,263,20.434462318053612,39.46098709106445
concrete_strength,5,264,22.182068788088284,40.207435607910156
concrete_strength,5,265,21.30875847889827,39.81605911254883
concrete_strength,5,266,21.205101783459003,40.51478958129883
concrete_strength,5,267,20.389919537764328,39.891178131103516
concrete_strength,5,268,20.637844232412483,39.33025360107422
concrete_strength,5,269,20.918148260850174,39.75806427001953
concrete_strength,5,270,22.60174146065345,39.65547561645508
concrete_strength,5,271,20.47197466630202,40.22670364379883
concrete_strength,5,272,20.683654730136578,40.41985321044922
concrete_strength,5,273,21.471423662625828,39.643592834472656
concrete_strength,5,274,20.53084736603957,39.508148193359375
concrete_strength,5,275,20.398998572276188,38.786170959472656
concrete_strength,5,276,20.934413286355827,39.922786712646484
concrete_strength,5,277,21.915357699761024,39.04825973510742
concrete_strength,5,278,20.406235749904926,40.110191345214844
concrete_strength,5,279,21.049462208381065,38.937068939208984
concrete_strength,5,280,20.16456898359152,39.67972946166992
concrete_strength,5,281,20.350197241856502,39.010215759277344
concrete_strength,5,282,20.961796283721924,39.888816833496094
concrete_strength,5,283,20.471116065979004,39.59737014770508
concrete_strength,5,284,20.837171444526085,39.8052864074707
concrete_strength,5,285,25.446137024806095,40.97538375854492
concrete_strength,5,286,21.346733909386856,41.08424377441406
concrete_strength,5,287,21.515739697676437,39.480403900146484
concrete_strength,5,288,20.48997457210834,39.95740509033203
concrete_strength,5,289,21.28279396203848,41.16223907470703
concrete_strength,5,290,20.987044371091404,39.86412811279297
concrete_strength,5,291,22.114345807295578,39.940162658691406
concrete_strength,5,292,20.432410717010498,39.76197814941406
concrete_strength,5,293,20.43278584113488,39.81709289550781
concrete_strength,5,294,23.13721099266639,40.852596282958984
concrete_strength,5,295,21.080641948259792,39.05772399902344
concrete_strength,5,296,20.26904637996967,40.25060272216797
concrete_strength,5,297,20.737569772280178,40.35418701171875
concrete_strength,5,298,20.926988491645226,40.34296417236328
concrete_strength,5,299,19.912819752326378,38.642059326171875
concrete_strength,5,300,20.258000924037052,40.24583435058594
concrete_strength,5,301,20.556650675260105,39.19589614868164
concrete_strength,5,302,20.6517093365009,39.56319808959961
concrete_strength,5,303,20.68912487763625,39.376380920410156
concrete_strength,5,304,20.52215663286356,39.30876159667969
concrete_strength,5,305,19.777714765988865,39.259849548339844
concrete_strength,5,306,19.687583996699406,39.345149993896484
concrete_strength,5,307,20.600407270284798,39.53974914550781
concrete_strength,5,308,21.061510379497822,39.84996032714844
concrete_strength,5,309,20.226610917311447,39.41876983642578
concrete_strength,5,310,19.582681412880238,39.350067138671875
concrete_strength,5,311,20.13425768338717,39.63472366333008
concrete_strength,5,312,21.18438302553617,39.794551849365234
concrete_strength,5,313,21.519085847414456,38.518611907958984
concrete_strength,5,314,20.360194573035606,39.47087478637695
concrete_strength,5,315,19.466878982690666,39.14392852783203
concrete_strength,5,316,20.159823417663574,39.42405319213867
concrete_strength,5,317,20.003118221576397,39.09375
concrete_strength,5,318,19.71031089929434,39.345096588134766
concrete_strength,5,319,20.497749915489784,39.509544372558594
concrete_strength,5,320,19.858557884509747,39.139041900634766
concrete_strength,5,321,19.720965733894936,38.25931930541992
concrete_strength,5,322,19.77227075283344,39.18699645996094
concrete_strength,5,323,22.00202068915734,38.59808349609375
concrete_strength,5,324,21.76685612018292,38.559322357177734
concrete_strength,5,325,20.597170206216667,38.55253601074219
concrete_strength,5,326,19.247640426342304,38.3885498046875
concrete_strength,5,327,20.83150419822106,39.01324462890625
concrete_strength,5,328,19.663824484898495,39.304073333740234
concrete_strength,5,329,19.839329902942364,38.978790283203125
concrete_strength,5,330,20.38297150685237,38.37435531616211
concrete_strength,5,331,19.76637631196242,39.309303283691406
concrete_strength,5,332,19.264255065184372,39.81535339355469
concrete_strength,5,333,19.811728954315186,38.3114013671875
concrete_strength,5,334,19.368820740626408,39.21540451049805
concrete_strength,5,335,19.74541502732497,38.51841735839844
concrete_strength,5,336,19.56528245485746,38.557708740234375
concrete_strength,5,337,20.04389447432298,38.835330963134766
concrete_strength,5,338,19.727875837912926,38.4276237487793
concrete_strength,5,339,18.909855750890877,39.73362731933594
concrete_strength,5,340,20.40442103606004,40.763084411621094
concrete_strength,5,341,19.231302224672756,39.2127685546875
concrete_strength,5,342,18.77519525014437,38.80234146118164
concrete_strength,5,343,18.880203522168674,40.091915130615234
concrete_strength,5,344,20.06074146124033,39.00417709350586
concrete_strength,5,345,19.64047615344708,39.27534866333008
concrete_strength,5,346,19.390438446631798,40.12711715698242
concrete_strength,5,347,19.136182968433086,38.82935333251953
concrete_strength,5,348,19.688870429992676,39.36716842651367
concrete_strength,5,349,19.094249688662014,39.55122756958008
concrete_strength,5,350,19.35777889765226,38.52046585083008
concrete_strength,5,351,19.60491704940796,38.375980377197266
concrete_strength,5,352,18.82574387697073,38.95386505126953
concrete_strength,5,353,19.17449742097121,38.86335754394531
concrete_strength,5,354,18.923715591430664,39.32683181762695
concrete_strength,5,355,20.00845556992751,39.047264099121094
concrete_strength,5,356,18.64031960414006,38.88179397583008
concrete_strength,5,357,19.342135025904728,39.358673095703125
concrete_strength,5,358,18.97353374041044,39.40855407714844
concrete_strength,5,359,18.853025216322678,38.826175689697266
concrete_strength,5,360,18.584586767049935,38.77315902709961
concrete_strength,5,361,19.064536204704872,39.10437774658203
concrete_strength,5,362,18.705821422430184,37.80724334716797
concrete_strength,5,363,21.257529442126934,40.4398193359375
concrete_strength,5,364,19.53071610744183,39.839927673339844
concrete_strength,5,365,18.795135498046875,39.09507751464844
concrete_strength,5,366,19.03824226672833,38.09970474243164
concrete_strength,5,367,18.591326034986057,40.145259857177734
concrete_strength,5,368,18.597000300884247,39.14723205566406
concrete_strength,5,369,19.26478939789992,39.0090217590332
concrete_strength,5,370,20.88870488680326,38.93785095214844
concrete_strength,5,371,20.85954948572012,38.988067626953125
concrete_strength,5,372,20.57568172308115,41.96065902709961
concrete_strength,5,373,21.88732407643245,39.022979736328125
concrete_strength,5,374,20.361934661865234,40.0079345703125
concrete_strength,5,375,19.412812416370098,38.51601791381836
concrete_strength,5,376,19.300687918296227,39.00690841674805
concrete_strength,5,377,18.321627396803635,38.49935531616211
concrete_strength,5,378,18.591652870178223,39.03640365600586
concrete_strength,5,379,23.504259843092697,40.167266845703125
concrete_strength,5,380,21.387650636526253,39.82647705078125
concrete_strength,5,381,20.01934341283945,38.566925048828125
concrete_strength,5,382,19.86981155322148,39.654571533203125
concrete_strength,5,383,19.543871879577637,38.75249481201172
concrete_strength,5,384,18.804322719573975,38.20603561401367
concrete_strength,5,385,19.73038574365469,38.66815185546875
concrete_strength,5,386,18.273857446817253,38.71611022949219
concrete_strength,5,387,18.55607689343966,37.87452697753906
concrete_strength,5,388,19.690147546621468,38.88314437866211
concrete_strength,5,389,19.09729088269747,39.14252853393555
concrete_strength,5,390,21.37706022996169,39.49497985839844
concrete_strength,5,391,19.151780275198128,38.904842376708984
concrete_strength,5,392,19.947867136735184,38.96746063232422
concrete_strength,5,393,19.918838097498966,38.72310256958008
concrete_strength,5,394,18.267559124873234,38.99174118041992
concrete_strength,5,395,18.760553800142727,38.83686065673828
concrete_strength,5,396,18.950132296635555,38.60605239868164
concrete_strength,5,397,18.496935844421387,38.39084243774414
concrete_strength,5,398,19.039532257960392,38.82276916503906
concrete_strength,5,399,18.31472964470203,37.99331283569336
concrete_strength,5,400,19.0212554198045,38.19034194946289
concrete_strength,5,401,18.426122958843525,38.65909957885742
concrete_strength,5,402,18.84138404406034,38.39480209350586
concrete_strength,5,403,18.967001548180214,38.323246002197266
concrete_strength,5,404,18.791763929220345,39.2202262878418
concrete_strength,5,405,18.15445252565237,38.086124420166016
concrete_strength,5,406,18.857027769088745,38.471046447753906
concrete_strength,5,407,17.772131351324227,38.54115295410156
concrete_strength,5,408,18.7453021636376,38.613277435302734
concrete_strength,5,409,19.48681376530574,38.43461608886719
concrete_strength,5,410,18.76794402415936,38.413902282714844
concrete_strength,5,411,18.385273236494797,38.80384826660156
concrete_strength,5,412,17.861398389706245,38.48899459838867
concrete_strength,5,413,18.442033474261944,39.3872184753418
concrete_strength,5,414,18.207935901788566,38.0631217956543
concrete_strength,5,415,18.867135598109318,38.26521301269531
concrete_strength,5,416,18.7899761566749,38.531654357910156
concrete_strength,5,417,17.670486129247227,38.24751663208008
concrete_strength,5,418,18.168368926415077,38.72850036621094
concrete_strength,5,419,18.28840314424955,37.73408508300781
concrete_strength,5,420,17.497233996024498,39.48772430419922
concrete_strength,5,421,18.37520848787748,37.620582580566406
concrete_strength,5,422,18.563647779134605,38.439815521240234
concrete_strength,5,423,19.03399164860065,37.99484634399414
concrete_strength,5,424,18.56000676521888,39.3128776550293
concrete_strength,5,425,18.860959456517147,37.59794616699219
concrete_strength,5,426,18.39410899235652,39.32011413574219
concrete_strength,5,427,18.19502298648541,38.825965881347656
concrete_strength,5,428,17.945855324084942,38.29865646362305
concrete_strength,5,429,17.544466169980858,38.43393325805664
concrete_strength,5,430,18.83859704090999,37.5785026550293
concrete_strength,5,431,19.32054198705233,38.110408782958984
concrete_strength,5,432,18.06542468070984,39.62034225463867
concrete_strength,5,433,21.05977880037748,37.81831359863281
concrete_strength,5,434,18.385117457463192,38.539894104003906
concrete_strength,5,435,17.922792544731728,38.087989807128906
concrete_strength,5,436,18.015890634976902,38.097633361816406
concrete_strength,5,437,17.915309575887825,37.97770309448242
concrete_strength,5,438,18.295903352590706,37.6400146484375
concrete_strength,5,439,17.897592471196102,37.836875915527344
concrete_strength,5,440,17.850729098686806,37.818843841552734
concrete_strength,5,441,17.69055560918955,37.586334228515625
concrete_strength,5,442,17.930044687711277,38.85901641845703
concrete_strength,5,443,17.99058961868286,38.226924896240234
concrete_strength,5,444,18.058059508983906,37.99406051635742
concrete_strength,5,445,17.841913755123432,38.26751708984375
concrete_strength,5,446,18.403868987010075,38.31332778930664
concrete_strength,5,447,17.923517208832962,37.259674072265625
concrete_strength,5,448,18.492401159726658,37.2680549621582
concrete_strength,5,449,17.8688781444843,37.87251663208008
concrete_strength,5,450,17.89711357997014,37.286094665527344
concrete_strength,5,451,17.4405858700092,38.595577239990234
concrete_strength,5,452,17.60800787118765,38.34905242919922
concrete_strength,5,453,17.88825820042537,37.888248443603516
concrete_strength,5,454,18.264506963583138,38.43866729736328
concrete_strength,5,455,17.762702446717483,37.864253997802734
concrete_strength,5,456,18.275439519148605,38.5468864440918
concrete_strength,5,457,17.739486162479107,37.393672943115234
concrete_strength,5,458,17.860330691704384,38.6535758972168
concrete_strength,5,459,17.835217769329365,37.4780158996582
concrete_strength,5,460,17.549060069597683,38.31281661987305
concrete_strength,5,461,17.767975623791035,37.79829025268555
concrete_strength,5,462,17.628085484871498,38.47433853149414
concrete_strength,5,463,17.80550322165856,37.84038543701172
concrete_strength,5,464,18.509157547583946,37.74378967285156
concrete_strength,5,465,18.25131317285391,38.21506118774414
concrete_strength,5,466,17.41975058042086,38.47602844238281
concrete_strength,5,467,18.09811834188608,37.61838912963867
concrete_strength,5,468,17.39424291023841,37.41110610961914
concrete_strength,5,469,17.217367484019352,38.1909294128418
concrete_strength,5,470,17.49081101784339,37.43682861328125
concrete_strength,5,471,17.482565989861122,37.63815689086914
concrete_strength,5,472,17.32579865822425,37.41197967529297
concrete_strength,5,473,17.970318225713875,38.540714263916016
concrete_strength,5,474,18.366999039283165,37.38471221923828
concrete_strength,5,475,17.53979785625751,37.711326599121094
concrete_strength,5,476,17.353958460000847,37.820560455322266
concrete_strength,5,477,18.362801955296444,39.48040008544922
concrete_strength,5,478,17.946976258204533,38.340450286865234
concrete_strength,5,479,17.626256685990555,37.05406951904297
concrete_strength,5,480,17.2281041603822,37.474151611328125
concrete_strength,5,481,17.371384950784538,37.964813232421875
concrete_strength,5,482,17.406255135169395,37.79069900512695
concrete_strength,5,483,17.340117637927715,37.9090690612793
concrete_strength,5,484,17.273227985088642,37.375301361083984
concrete_strength,5,485,18.68215058400081,38.10179901123047
concrete_strength,5,486,17.513942608466515,37.267662048339844
concrete_strength,5,487,17.258008516751804,38.68195724487305
concrete_strength,5,488,17.4451815531804,37.65534973144531
concrete_strength,5,489,18.207518907693718,37.602561950683594
concrete_strength,5,490,17.39413518172044,37.946815490722656
concrete_strength,5,491,17.43716393984281,37.960330963134766
concrete_strength,5,492,17.00283252275907,37.533546447753906
concrete_strength,5,493,17.356460131131687,37.87467575073242
concrete_strength,5,494,17.079431203695442,38.80211639404297
concrete_strength,5,495,17.47448624097384,37.69630432128906
concrete_strength,5,496,17.725074162850014,37.99892044067383
concrete_strength,5,497,17.90447004024799,38.169830322265625
concrete_strength,5,498,17.256017758296085,38.169837951660156
concrete_strength,5,499,16.733182680148346,38.20936965942383
concrete_strength,5,500,17.810435918661263,38.9251708984375
concrete_strength,5,501,18.023552381075344,37.669654846191406
concrete_strength,5,502,16.99641645871676,38.00187301635742
concrete_strength,5,503,17.207160582909218,37.508697509765625
concrete_strength,5,504,18.111974862905647,38.12555694580078
concrete_strength,5,505,17.36945937230037,39.51288986206055
concrete_strength,5,506,17.842192759880653,38.6644401550293
concrete_strength,5,507,17.311304532564602,37.58134460449219
concrete_strength,5,508,16.936435332665077,38.11689758300781
concrete_strength,5,509,17.427047179295467,37.43636703491211
concrete_strength,5,510,17.732419820932243,38.043800354003906
concrete_strength,5,511,17.057772636413574,38.44749069213867
concrete_strength,5,512,16.75663322668809,37.62361526489258
concrete_strength,5,513,18.984543030078594,38.417823791503906
concrete_strength,5,514,18.99953849499042,37.37018585205078
concrete_strength,5,515,17.15421043909513,38.67597198486328
concrete_strength,5,516,17.27363966061519,38.26424026489258
concrete_strength,5,517,17.862618556389442,40.83510208129883
concrete_strength,5,518,18.219633689293495,37.37422180175781
concrete_strength,5,519,16.446514533116268,38.36244583129883
concrete_strength,5,520,16.927324240024273,37.3858528137207
concrete_strength,5,521,17.263329836038444,38.04397201538086
concrete_strength,5,522,17.323175943814793,37.36781311035156
concrete_strength,5,523,17.04537661258991,37.95600509643555
concrete_strength,5,524,16.84174478971041,38.62918472290039
concrete_strength,5,525,17.019564977058998,37.65251922607422
concrete_strength,5,526,16.27678463779963,37.637577056884766
concrete_strength,5,527,16.471420214726376,38.000858306884766
concrete_strength,5,528,17.1981542293842,37.71812438964844
concrete_strength,5,529,18.256405903742863,38.0611457824707
concrete_strength,5,530,17.383348134847786,38.32588577270508
concrete_strength,5,531,16.532882672089798,38.21357727050781
concrete_strength,5,532,17.23983229123629,38.23506164550781
concrete_strength,5,533,17.224378420756413,37.817508697509766
concrete_strength,5,534,16.310684841412765,37.57307815551758
concrete_strength,5,535,16.31650886168847,38.43524169921875
concrete_strength,5,536,16.950285288003776,38.610198974609375
concrete_strength,5,537,17.51332323367779,36.84206771850586
concrete_strength,5,538,18.294632801642784,37.876285552978516
concrete_strength,5,539,18.666954517364502,38.71579360961914
concrete_strength,5,540,16.62935819992652,38.31413650512695
concrete_strength,5,541,16.77294866855328,37.166229248046875
concrete_strength,5,542,17.307915137364315,37.90825271606445
concrete_strength,5,543,16.803267900760357,38.12969207763672
concrete_strength,5,544,17.165781828073357,38.178218841552734
concrete_strength,5,545,16.502513977197502,38.28243637084961
concrete_strength,5,546,16.65065250029931,37.64719009399414
concrete_strength,5,547,16.581067873881413,37.40829086303711
concrete_strength,5,548,17.523594819582424,38.74131393432617
concrete_strength,5,549,17.929888230103714,37.628517150878906
concrete_strength,5,550,16.786122432121864,37.887306213378906
concrete_strength,5,551,17.662725540307854,39.25056457519531
concrete_strength,5,552,18.498015513786903,37.749210357666016
concrete_strength,5,553,16.851846309808586,37.82649612426758
concrete_strength,5,554,16.18448105225196,38.896820068359375
concrete_strength,5,555,16.415288650072537,37.4643669128418
concrete_strength,5,556,16.451846856337326,38.17364501953125
concrete_strength,5,557,17.58356499671936,39.052757263183594
concrete_strength,5,558,17.342258600088265,37.846187591552734
concrete_strength,5,559,16.808166834024284,38.7347526550293
concrete_strength,5,560,17.040023932090172,37.69868469238281
concrete_strength,5,561,17.14939777667706,38.7952995300293
concrete_strength,5,562,16.45128165758573,37.74724197387695
concrete_strength,5,563,16.31945415643545,38.5835075378418
concrete_strength,5,564,16.005584281224472,37.84903335571289
concrete_strength,5,565,16.68031597137451,38.6663703918457
concrete_strength,5,566,16.543355244856613,38.32326126098633
concrete_strength,5,567,16.135340672272903,38.217288970947266
concrete_strength,5,568,15.936050295829773,38.06719970703125
concrete_strength,5,569,15.925677941395687,38.097679138183594
concrete_strength,5,570,16.91501870522132,38.524898529052734
concrete_strength,5,571,16.72926715704111,37.68581008911133
concrete_strength,5,572,16.296115838564358,38.478580474853516
concrete_strength,5,573,16.852103361716637,37.96963119506836
concrete_strength,5,574,16.59813094139099,37.346641540527344
concrete_strength,5,575,16.91169940508329,37.91057586669922
concrete_strength,5,576,17.930251965155968,37.51540756225586
concrete_strength,5,577,19.50378935153668,39.34076690673828
concrete_strength,5,578,17.420686831841103,39.35615921020508
concrete_strength,5,579,16.649076608511116,38.093929290771484
concrete_strength,5,580,16.469796584202694,38.306182861328125
concrete_strength,5,581,16.60044743464543,38.6844482421875
concrete_strength,5,582,16.456179582155666,37.65805435180664
concrete_strength,5,583,17.711861280294563,38.298301696777344
concrete_strength,5,584,16.685882091522217,39.2963981628418
concrete_strength,5,585,16.663553366294273,39.55246353149414
concrete_strength,5,586,16.72459681217487,39.59267807006836
concrete_strength,5,587,16.01981672873864,37.90835189819336
concrete_strength,5,588,18.70964263035701,38.842628479003906
concrete_strength,5,589,16.637460928696854,38.23884582519531
concrete_strength,5,590,16.907111791463997,37.905296325683594
concrete_strength,5,591,16.851627129774826,37.12040710449219
concrete_strength,5,592,16.21144832097567,39.349117279052734
concrete_strength,5,593,16.357488852280838,37.71931838989258
concrete_strength,5,594,16.2200330220736,37.87687683105469
concrete_strength,5,595,16.389540965740498,38.01348114013672
concrete_strength,5,596,16.408716733639057,38.104434967041016
concrete_strength,5,597,16.137237548828125,37.48322296142578
concrete_strength,5,598,16.991464871626633,38.70346450805664
concrete_strength,5,599,16.489350410608147,37.96501541137695
concrete_strength,5,600,16.567292360159065,38.886634826660156
concrete_strength,5,601,16.022141988460834,37.581031799316406
concrete_strength,5,602,16.876464036794808,38.40420150756836
concrete_strength,5,603,16.40410797412579,37.63518524169922
concrete_strength,5,604,16.121867344929623,37.880531311035156
concrete_strength,5,605,16.302458396324745,38.3995475769043
concrete_strength,5,606,16.68915895315317,37.59025573730469
concrete_strength,5,607,16.392985325593216,38.27095413208008
concrete_strength,5,608,15.712014386287102,38.73729705810547
concrete_strength,5,609,15.990467438331017,38.37702560424805
concrete_strength,5,610,16.78702550667983,37.542049407958984
concrete_strength,5,611,15.983925544298613,38.92982482910156
concrete_strength,5,612,16.825267131511982,37.8228645324707
concrete_strength,5,613,17.41155055853037,39.67762756347656
concrete_strength,5,614,17.37291541466346,38.30992889404297
concrete_strength,5,615,16.204020958680374,38.13701248168945
concrete_strength,5,616,16.923843603867752,38.563350677490234
concrete_strength,5,617,16.802635999826286,38.42473220825195
concrete_strength,5,618,16.975921667539158,39.2213020324707
concrete_strength,5,619,17.109018619243916,38.46119689941406
concrete_strength,5,620,16.156859104449932,37.58058547973633
concrete_strength,5,621,16.261549711227417,37.45600891113281
concrete_strength,5,622,15.899015334936289,38.24763488769531
concrete_strength,5,623,15.850358862143297,38.51228332519531
concrete_strength,5,624,18.7647202198322,38.0755729675293
concrete_strength,5,625,16.699951612032375,38.369972229003906
concrete_strength,5,626,19.549495476942795,38.44422912597656
concrete_strength,5,627,16.13017848821787,37.36022186279297
concrete_strength,5,628,16.382570816920353,38.55211639404297
concrete_strength,5,629,16.35822059557988,38.41024398803711
concrete_strength,5,630,15.71275390111483,37.73395538330078
concrete_strength,5,631,16.65052582667424,38.67299270629883
concrete_strength,5,632,16.606428531500008,39.07096862792969
concrete_strength,5,633,16.27058219909668,37.85643768310547
concrete_strength,5,634,16.614259536449726,38.5268669128418
concrete_strength,5,635,19.82961397904616,37.66378402709961
concrete_strength,5,636,16.726860779982346,39.22504806518555
concrete_strength,5,637,16.745032145426823,38.798526763916016
concrete_strength,5,638,16.488034633489754,37.79339599609375
concrete_strength,5,639,16.16443604689378,37.70465850830078
concrete_strength,5,640,16.1596281345074,37.96866226196289
concrete_strength,5,641,15.876724793360783,38.810516357421875
concrete_strength,5,642,15.637412988222563,38.01578140258789
concrete_strength,5,643,15.684970103777372,38.46565628051758
concrete_strength,5,644,16.788773940159725,38.22419738769531
concrete_strength,5,645,17.271446741544285,39.2230339050293
concrete_strength,5,646,16.476683653317966,37.704345703125
concrete_strength,5,647,15.934399898235615,37.83708572387695
concrete_strength,5,648,16.249450610234188,38.179134368896484
concrete_strength,5,649,15.838011778317965,38.231536865234375
concrete_strength,5,650,15.439012545805712,39.09627151489258
concrete_strength,5,651,16.466370454201332,38.69613265991211
concrete_strength,5,652,15.443280165012066,38.415550231933594
concrete_strength,5,653,15.501123575063852,37.845394134521484
concrete_strength,5,654,16.748904374929573,39.02872848510742
concrete_strength,5,655,15.95241616322444,37.89326858520508
concrete_strength,5,656,15.922959176393656,37.16828155517578
concrete_strength,5,657,15.486663772509647,38.48345184326172
concrete_strength,5,658,15.564314677165104,37.66157150268555
concrete_strength,5,659,16.77094393510085,38.15631866455078
concrete_strength,5,660,15.954147751514729,38.67771911621094
concrete_strength,5,661,16.081811318030724,37.74477767944336
concrete_strength,5,662,15.814355245003334,37.678348541259766
concrete_strength,5,663,15.608489513397217,38.91204071044922
concrete_strength,5,664,15.971080761689405,38.37047576904297
concrete_strength,5,665,15.784351027928865,38.45463943481445
concrete_strength,5,666,15.753376869054941,38.722312927246094
concrete_strength,5,667,15.9719534103687,38.60118103027344
concrete_strength,5,668,16.158081421485313,38.437904357910156
concrete_strength,5,669,15.700523514014025,38.45686340332031
concrete_strength,5,670,15.755733985167284,38.47411346435547
concrete_strength,5,671,15.828130685366117,38.493186950683594
concrete_strength,5,672,15.931791910758385,38.4207878112793
concrete_strength,5,673,15.586070409187904,38.17041015625
concrete_strength,5,674,15.822940698036781,37.60665512084961
concrete_strength,5,675,15.82034667638632,38.73447036743164
concrete_strength,5,676,15.606886386871338,37.96345901489258
concrete_strength,5,677,16.015410331579353,40.21123504638672
concrete_strength,5,678,16.91879076224107,37.96685028076172
concrete_strength,5,679,16.17640447616577,38.15589904785156
concrete_strength,5,680,16.61296272277832,38.700401306152344
concrete_strength,5,681,16.074002467668972,38.60140609741211
concrete_strength,5,682,16.138861032632683,38.63164520263672
concrete_strength,5,683,15.425450233312754,37.8647346496582
concrete_strength,5,684,16.429390907287598,38.136417388916016
concrete_strength,5,685,16.46944284439087,38.02009963989258
concrete_strength,5,686,15.825913750208342,37.98126220703125
concrete_strength,5,687,15.358677845734816,39.137813568115234
concrete_strength,5,688,15.618236229969906,38.08644104003906
concrete_strength,5,689,15.612930224492,38.785728454589844
concrete_strength,5,690,16.68911937566904,38.53559875488281
concrete_strength,5,691,16.413930544486412,37.178741455078125
concrete_strength,5,692,15.928535828223595,38.92583465576172
concrete_strength,5,693,16.060432617480938,38.22794723510742
concrete_strength,5,694,15.621684872187101,38.75414276123047
concrete_strength,5,695,15.73094577055711,38.54375076293945
concrete_strength,5,696,15.996862925015963,38.581729888916016
concrete_strength,5,697,16.951399454703697,38.341800689697266
concrete_strength,5,698,17.21257588496575,38.1513786315918
concrete_strength,5,699,15.955302605262169,38.34302520751953
concrete_strength,5,700,15.893018245697021,38.78252410888672
concrete_strength,5,701,15.297974366408129,37.93326950073242
concrete_strength,5,702,15.918220593379093,37.74728775024414
concrete_strength,5,703,15.87763027044443,37.993499755859375
concrete_strength,5,704,15.307341410563541,38.31817626953125
concrete_strength,5,705,15.221602513239933,38.32461166381836
concrete_strength,5,706,15.319919751240658,37.45884323120117
concrete_strength,5,707,15.214577674865723,38.18975067138672
concrete_strength,5,708,15.363701416895939,38.69881057739258
concrete_strength,5,709,15.999512452345629,38.36772155761719
concrete_strength,5,710,16.680225885831394,38.29267883300781
concrete_strength,5,711,15.94370515529926,37.71651077270508
concrete_strength,5,712,16.542311888474686,38.23117446899414
concrete_strength,5,713,16.01737018731924,39.60795974731445
concrete_strength,5,714,17.031671964205227,37.38325881958008
concrete_strength,5,715,15.933983729435848,37.24683380126953
concrete_strength,5,716,16.99680671325097,38.30784606933594
concrete_strength,5,717,19.7788263467642,38.07502365112305
concrete_strength,5,718,17.093274373274582,38.153228759765625
concrete_strength,5,719,15.248940165226276,38.08169937133789
concrete_strength,5,720,16.075559102571926,38.30002212524414
concrete_strength,5,721,15.713614078668448,38.338134765625
concrete_strength,5,722,15.863570433396559,38.25483322143555
concrete_strength,5,723,15.540909620431753,37.86029815673828
concrete_strength,5,724,16.239629360345695,38.81624984741211
concrete_strength,5,725,15.431360684908354,37.973106384277344
concrete_strength,5,726,15.65801607645475,38.23918151855469
concrete_strength,5,727,15.223830204743605,38.12955856323242
concrete_strength,5,728,15.060700049767128,38.45424270629883
concrete_strength,5,729,15.049600784595196,37.74260711669922
concrete_strength,5,730,14.996642057712261,38.02610397338867
concrete_strength,5,731,15.21421711261456,38.13698959350586
concrete_strength,5,732,16.224963078132042,38.309505462646484
concrete_strength,5,733,16.033973217010498,39.13843536376953
concrete_strength,5,734,15.512611444179829,38.29122543334961
concrete_strength,5,735,14.992582742984478,38.57109451293945
concrete_strength,5,736,15.245922968937801,38.133609771728516
concrete_strength,5,737,14.995657489849972,38.02891159057617
concrete_strength,5,738,15.106533765792847,39.45055389404297
concrete_strength,5,739,16.732829369031467,38.11953353881836
concrete_strength,5,740,15.542498588562012,38.32665252685547
concrete_strength,5,741,15.289788044415987,38.70027160644531
concrete_strength,5,742,15.393228255785429,39.807334899902344
concrete_strength,5,743,15.08430590079381,37.860836029052734
concrete_strength,5,744,15.112835553976206,38.28205871582031
concrete_strength,5,745,15.194803604712853,37.525917053222656
concrete_strength,5,746,15.249924164551954,38.37739181518555
concrete_strength,5,747,14.973686814308167,38.16502380371094
concrete_strength,5,748,14.795360043644905,38.382362365722656
concrete_strength,5,749,16.63071815784161,38.31181335449219
concrete_strength,5,750,15.92038315993089,38.29475021362305
concrete_strength,5,751,16.33463556949909,38.39630126953125
concrete_strength,5,752,16.388184804182785,38.601600646972656
concrete_strength,5,753,17.02498149871826,38.01633071899414
concrete_strength,5,754,16.096539717454178,37.86247634887695
concrete_strength,5,755,17.189643126267654,40.4195442199707
concrete_strength,5,756,15.891991078853607,39.049537658691406
concrete_strength,5,757,15.568388993923481,38.2673225402832
concrete_strength,5,758,15.494760183187632,39.841453552246094
concrete_strength,5,759,15.62949325488164,38.042869567871094
concrete_strength,5,760,15.632335406083326,38.02783966064453
concrete_strength,5,761,15.264375173128569,38.57199478149414
concrete_strength,5,762,15.472347626319298,39.17137145996094
concrete_strength,5,763,15.796278825173012,38.51633834838867
concrete_strength,5,764,15.551801241361177,39.39164352416992
concrete_strength,5,765,15.263616497700031,39.28502655029297
concrete_strength,5,766,15.078625257198627,39.69511413574219
concrete_strength,5,767,17.832229650937595,39.332096099853516
concrete_strength,5,768,17.593519705992477,39.788394927978516
concrete_strength,5,769,15.81537701533391,39.098365783691406
concrete_strength,5,770,15.172601002913256,38.944190979003906
concrete_strength,5,771,15.063128508054293,38.6627311706543
concrete_strength,5,772,14.933612401668842,39.274166107177734
concrete_strength,5,773,15.347710774495052,38.92279815673828
concrete_strength,5,774,15.298923840889564,38.79841995239258
concrete_strength,5,775,15.345284553674551,38.30105972290039
concrete_strength,5,776,15.767407747415396,39.56305694580078
concrete_strength,5,777,14.759111606157743,38.49775695800781
concrete_strength,5,778,17.744463682174683,38.65970230102539
concrete_strength,5,779,15.263240484090952,38.32356643676758
concrete_strength,5,780,15.148468384375938,38.376502990722656
concrete_strength,5,781,14.94878913806035,38.587860107421875
concrete_strength,5,782,15.906343973599947,37.88764953613281
concrete_strength,5,783,15.30120904629047,38.72443389892578
concrete_strength,5,784,15.06298905152541,39.818782806396484
concrete_strength,5,785,15.33628432567303,38.22524642944336
concrete_strength,5,786,15.737027351672833,38.43036651611328
concrete_strength,5,787,15.366754330121553,39.041873931884766
concrete_strength,5,788,15.00077458528372,38.92449188232422
concrete_strength,5,789,15.858250581301176,38.68574523925781
concrete_strength,5,790,15.2614075587346,39.83372116088867
concrete_strength,5,791,15.225767117280226,38.08887481689453
concrete_strength,5,792,15.134091166349558,39.14229202270508
concrete_strength,5,793,15.30630405132587,38.71111297607422
concrete_strength,5,794,15.614386283434355,39.453651428222656
concrete_strength,5,795,16.055774725400486,38.02178955078125
concrete_strength,5,796,16.462062872373142,38.359153747558594
concrete_strength,5,797,15.279390848599947,39.98324203491211
concrete_strength,5,798,14.979290265303392,38.700679779052734
concrete_strength,5,799,14.994286427131065,38.111759185791016
concrete_strength,5,800,15.134394260553213,39.64665603637695
concrete_strength,5,801,16.430740576524002,38.28004455566406
concrete_strength,5,802,15.026762430484478,38.48617172241211
concrete_strength,5,803,14.949858317008385,38.91490936279297
concrete_strength,5,804,15.2491025191087,38.80401611328125
concrete_strength,5,805,14.952532548170824,39.607364654541016
concrete_strength,5,806,14.955315223106972,38.24584197998047
concrete_strength,5,807,15.464958667755127,38.74236297607422
concrete_strength,5,808,16.178733073748074,39.4202766418457
concrete_strength,5,809,14.925892958274254,39.48697280883789
concrete_strength,5,810,15.606627812752357,40.85049819946289
concrete_strength,5,811,15.784400499784029,39.65208053588867
concrete_strength,5,812,17.39151719900278,38.26191329956055
concrete_strength,5,813,16.087305270708523,39.678672790527344
concrete_strength,5,814,17.774826765060425,39.25444412231445
concrete_strength,5,815,16.05517915578989,39.44613265991211
concrete_strength,5,816,15.26948198905358,38.442291259765625
concrete_strength,5,817,14.67097152196444,38.85484313964844
concrete_strength,5,818,15.096137046813965,38.85289764404297
concrete_strength,5,819,15.283709929539608,39.31254959106445
concrete_strength,5,820,15.276091428903433,39.30534744262695
concrete_strength,5,821,14.83162703880897,38.34284210205078
concrete_strength,5,822,15.164678261830257,38.888248443603516
concrete_strength,5,823,14.988784258182232,38.94902801513672
concrete_strength,5,824,16.04042680446918,39.189613342285156
concrete_strength,5,825,15.356480671809269,38.10957717895508
concrete_strength,5,826,14.827777349031889,39.18902587890625
concrete_strength,5,827,14.635798179186308,38.98576354980469
concrete_strength,5,828,18.24517429791964,39.047943115234375
concrete_strength,5,829,16.38966628221365,39.22972869873047
concrete_strength,5,830,14.812683343887329,38.81325149536133
concrete_strength,5,831,14.635085876171406,38.21889877319336
concrete_strength,5,832,14.733686373783993,38.968536376953125
concrete_strength,5,833,16.145633917588455,38.196800231933594
concrete_strength,5,834,15.796484928864698,38.32136917114258
concrete_strength,5,835,14.612929417536808,38.96735382080078
concrete_strength,5,836,15.182795432897715,39.701656341552734
concrete_strength,5,837,15.291281700134277,38.40147399902344
concrete_strength,5,838,14.777025699615479,38.21421813964844
concrete_strength,5,839,14.716764266674335,40.243682861328125
concrete_strength,5,840,16.084840132639957,37.94747543334961
concrete_strength,5,841,14.881826941783611,39.448246002197266
concrete_strength,5,842,15.224278413332426,39.37300491333008
concrete_strength,5,843,15.057851131145771,39.443023681640625
concrete_strength,5,844,18.401905646690956,38.692840576171875
concrete_strength,5,845,15.747361421585083,38.93975067138672
concrete_strength,5,846,15.26032200226417,39.069705963134766
concrete_strength,5,847,15.865861269143911,38.27165603637695
concrete_strength,5,848,15.105972565137423,37.95854568481445
concrete_strength,5,849,15.858715057373047,39.92780303955078
concrete_strength,5,850,15.345017983363224,38.90571212768555
concrete_strength,5,851,14.962609492815458,39.03166198730469
concrete_strength,5,852,14.648873530901396,38.706993103027344
concrete_strength,5,853,15.379568063295805,37.846187591552734
concrete_strength,5,854,14.430582835124088,38.461952209472656
concrete_strength,5,855,14.837350093401396,38.692840576171875
concrete_strength,5,856,14.998198087398823,38.50715255737305
concrete_strength,5,857,15.204526827885555,38.45623016357422
concrete_strength,5,858,15.379140010246864,38.46722412109375
concrete_strength,5,859,15.907071828842163,38.50421905517578
concrete_strength,5,860,14.83725063617413,39.25156784057617
concrete_strength,5,861,14.50621115244352,38.18781661987305
concrete_strength,5,862,14.978860983481773,39.2912712097168
concrete_strength,5,863,14.475421813818125,38.843021392822266
concrete_strength,5,864,14.783858959491436,38.41530990600586
concrete_strength,5,865,14.731245242632353,38.958038330078125
concrete_strength,5,866,14.893502235412598,39.18343734741211
concrete_strength,5,867,14.590963510366587,38.59640121459961
concrete_strength,5,868,14.73224346454327,39.47457504272461
concrete_strength,5,869,15.150247555512648,39.45816421508789
concrete_strength,5,870,15.187510288678682,38.36186218261719
concrete_strength,5,871,14.449303810413067,38.90049362182617
concrete_strength,5,872,15.587092436276949,40.088191986083984
concrete_strength,5,873,14.88641208410263,38.4400749206543
concrete_strength,5,874,14.64535614160391,38.854148864746094
concrete_strength,5,875,14.928635395490206,39.5044059753418
concrete_strength,5,876,15.0353134228633,38.22483444213867
concrete_strength,5,877,15.46226359789188,41.73073196411133
concrete_strength,5,878,15.987240424522987,37.95874786376953
concrete_strength,5,879,14.760992912145761,39.2476692199707
concrete_strength,5,880,15.31860377238347,39.327667236328125
concrete_strength,5,881,18.277564140466545,38.62889099121094
concrete_strength,5,882,16.018189448576706,37.830997467041016
concrete_strength,5,883,14.703619406773495,39.72648239135742
concrete_strength,5,884,14.495746484169594,38.63629150390625
concrete_strength,5,885,14.640469037569487,38.08662796020508
concrete_strength,5,886,14.764480627500093,38.853546142578125
concrete_strength,5,887,14.759721572582539,38.444271087646484
concrete_strength,5,888,14.595972593014057,38.374114990234375
concrete_strength,5,889,14.911244190656221,37.63661575317383
concrete_strength,5,890,15.65665630193857,38.44767761230469
concrete_strength,5,891,15.153401814974272,38.93418502807617
concrete_strength,5,892,14.666999230018028,39.074344635009766
concrete_strength,5,893,14.787245585368229,38.261192321777344
concrete_strength,5,894,14.792002659577589,40.13399124145508
concrete_strength,5,895,15.200101082141583,38.240806579589844
concrete_strength,5,896,14.592250640575703,39.17123031616211
concrete_strength,5,897,15.074235475980318,39.22645568847656
concrete_strength,5,898,14.90638070840102,39.21803665161133
concrete_strength,5,899,14.674658793669481,39.02476501464844
concrete_strength,5,900,14.443068696902348,38.405517578125
concrete_strength,5,901,14.809474578270546,38.18946075439453
concrete_strength,5,902,15.218818847949688,38.258338928222656
concrete_strength,5,903,14.555074966870821,39.51419448852539
concrete_strength,5,904,14.3757554934575,40.101531982421875
concrete_strength,5,905,14.703643211951622,38.906795501708984
concrete_strength,5,906,14.770780288256132,39.61195373535156
concrete_strength,5,907,15.651751701648418,41.19586944580078
concrete_strength,5,908,16.09929772523733,39.44216537475586
concrete_strength,5,909,15.136393638757559,38.67610549926758
concrete_strength,5,910,14.585424239818867,39.31704330444336
concrete_strength,5,911,14.206432837706346,38.5921516418457
concrete_strength,5,912,15.633913553678072,38.641170501708984
concrete_strength,5,913,15.095657311953032,38.89072036743164
concrete_strength,5,914,15.370550357378447,39.37974166870117
concrete_strength,5,915,14.637870751894438,38.81570053100586
concrete_strength,5,916,15.374841323265663,39.48594284057617
concrete_strength,5,917,18.414193098361675,39.51002883911133
concrete_strength,5,918,18.984890130849983,39.59278106689453
concrete_strength,5,919,14.66738066306481,38.50307846069336
concrete_strength,5,920,14.942923820935762,39.29441833496094
concrete_strength,5,921,14.504206547370323,39.16146469116211
concrete_strength,5,922,14.677687846697294,39.80677795410156
concrete_strength,5,923,14.612114979670597,39.21377182006836
concrete_strength,5,924,14.326444699214054,39.13346862792969
concrete_strength,5,925,15.069996026846079,38.91581344604492
concrete_strength,5,926,14.321679041935848,38.50725555419922
concrete_strength,5,927,15.055290699005127,38.92353820800781
concrete_strength,5,928,15.178583401900072,38.450801849365234
concrete_strength,5,929,14.37484911771921,38.76327896118164
concrete_strength,5,930,14.687592249650221,38.420413970947266
concrete_strength,5,931,14.434723459757292,39.46503829956055
concrete_strength,5,932,14.542561384347769,38.79966735839844
concrete_strength,5,933,15.419017773408155,39.77601623535156
concrete_strength,5,934,15.100773334503174,38.924625396728516
concrete_strength,5,935,14.609247271831219,41.01422882080078
concrete_strength,5,936,16.43866676550645,38.894439697265625
concrete_strength,5,937,14.799527794122696,39.2066535949707
concrete_strength,5,938,14.748565618808453,38.21511459350586
concrete_strength,5,939,14.977137363873995,38.378990173339844
concrete_strength,5,940,14.531574432666485,39.129207611083984
concrete_strength,5,941,14.804026805437529,39.51398468017578
concrete_strength,5,942,14.589831095475416,39.28493118286133
concrete_strength,5,943,14.309924840927124,38.27497100830078
concrete_strength,5,944,14.35914996954111,38.819297790527344
concrete_strength,5,945,14.349258844669048,39.19287109375
concrete_strength,5,946,14.607297145403349,38.80707931518555
concrete_strength,5,947,14.741005200606127,39.00596237182617
concrete_strength,5,948,14.840243706336388,39.046077728271484
concrete_strength,5,949,14.926091047433706,38.93914794921875
concrete_strength,5,950,14.43576167179988,39.503570556640625
concrete_strength,5,951,14.2491470850431,38.527793884277344
concrete_strength,5,952,15.40341067314148,39.266475677490234
concrete_strength,5,953,14.70921697983375,38.01156997680664
concrete_strength,5,954,14.089974742669325,38.099857330322266
concrete_strength,5,955,15.442875073506283,39.04597854614258
concrete_strength,5,956,14.740698392574604,38.6771240234375
concrete_strength,5,957,14.199720529409555,38.13103485107422
concrete_strength,5,958,14.151970019707313,39.43645477294922
concrete_strength,5,959,14.384420853394728,38.216217041015625
concrete_strength,5,960,14.261889696121216,38.25221633911133
concrete_strength,5,961,14.30400905242333,38.74187088012695
concrete_strength,5,962,15.374834739244902,37.827491760253906
concrete_strength,5,963,15.234342061556303,38.698699951171875
concrete_strength,5,964,14.240921332285954,39.712162017822266
concrete_strength,5,965,16.041534148729763,39.844482421875
concrete_strength,5,966,14.45694057758038,39.208351135253906
concrete_strength,5,967,13.918974858063917,38.82859420776367
concrete_strength,5,968,14.908670242016132,38.463623046875
concrete_strength,5,969,13.870760981853191,39.793312072753906
concrete_strength,5,970,14.876941405809843,38.93296813964844
concrete_strength,5,971,14.280613660812378,38.34550476074219
concrete_strength,5,972,14.451908936867348,39.47315979003906
concrete_strength,5,973,14.101457229027382,38.545162200927734
concrete_strength,5,974,14.166472875154936,38.38698196411133
concrete_strength,5,975,14.193131231344664,38.17359924316406
concrete_strength,5,976,15.144317296835093,38.83132553100586
concrete_strength,5,977,14.478369951248169,40.155906677246094
concrete_strength,5,978,15.578368975565983,38.80183029174805
concrete_strength,5,979,14.49553774870359,39.13990783691406
concrete_strength,5,980,14.28594915683453,39.08723831176758
concrete_strength,5,981,14.053848738853748,38.930274963378906
concrete_strength,5,982,14.156076412934523,38.63685607910156
concrete_strength,5,983,14.316300263771645,38.438018798828125
concrete_strength,5,984,14.121132392149706,39.01764678955078
concrete_strength,5,985,14.654289172245907,38.57254409790039
concrete_strength,5,986,14.146367476536678,40.30956268310547
concrete_strength,5,987,13.931978702545166,38.79412841796875
concrete_strength,5,988,14.424562839361338,40.4682502746582
concrete_strength,5,989,14.660949817070595,38.45758819580078
concrete_strength,5,990,14.34620345555819,38.83049011230469
concrete_strength,5,991,14.140298586625319,38.29819107055664
concrete_strength,5,992,14.056162898357098,38.04032897949219
concrete_strength,5,993,14.45735817689162,38.73301315307617
concrete_strength,5,994,14.124375380002535,38.38621520996094
concrete_strength,5,995,16.137866203601543,40.43416976928711
concrete_strength,5,996,15.085689342938936,39.82677459716797
concrete_strength,5,997,15.256937650533823,39.101680755615234
concrete_strength,5,998,14.619869475181286,38.74366760253906
concrete_strength,5,999,13.878918138834146,39.70375061035156
concrete_strength,8,0,54.05569861485408,54.405269622802734
concrete_strength,8,1,46.81686738821176,54.895259857177734
concrete_strength,8,2,45.63375078714811,55.06472396850586
concrete_strength,8,3,48.196810942429764,52.31012725830078
concrete_strength,8,4,45.42365785745474,51.86189651489258
concrete_strength,8,5,45.967992269075836,52.56562423706055
concrete_strength,8,6,44.37887690617488,50.963157653808594
concrete_strength,8,7,44.488068947425255,50.46976852416992
concrete_strength,8,8,44.45338997474084,51.308223724365234
concrete_strength,8,9,45.363223149226265,49.95396423339844
concrete_strength,8,10,43.82241630554199,49.843875885009766
concrete_strength,8,11,43.21805154360258,49.83468246459961
concrete_strength,8,12,46.35632016108586,48.64008712768555
concrete_strength,8,13,42.935041464292084,49.01293182373047
concrete_strength,8,14,47.550458908081055,47.564571380615234
concrete_strength,8,15,43.095684858468864,47.338932037353516
concrete_strength,8,16,42.07950797447791,46.6039924621582
concrete_strength,8,17,44.06031542557936,46.13568878173828
concrete_strength,8,18,42.68786591749925,45.93638610839844
concrete_strength,8,19,42.218292236328125,45.22144317626953
concrete_strength,8,20,40.456072110396164,45.291160583496094
concrete_strength,8,21,39.94884494634775,45.14000701904297
concrete_strength,8,22,39.976343374985916,45.3036994934082
concrete_strength,8,23,39.38482027787428,45.33028030395508
concrete_strength,8,24,41.89649567237267,44.428321838378906
concrete_strength,8,25,39.94211673736572,45.33192443847656
concrete_strength,8,26,40.55769663590651,45.57646942138672
concrete_strength,8,27,39.72921173389141,44.40398025512695
concrete_strength,8,28,42.00993347167969,44.1634407043457
concrete_strength,8,29,38.82020275409405,44.719017028808594
concrete_strength,8,30,38.95714048238901,43.7479362487793
concrete_strength,8,31,39.43267756242018,43.765716552734375
concrete_strength,8,32,38.52571920248178,43.4911994934082
concrete_strength,8,33,40.06347018021803,43.00017547607422
concrete_strength,8,34,38.693724999061,43.61408615112305
concrete_strength,8,35,39.330712245060845,43.94912338256836
concrete_strength,8,36,41.71034160027137,42.52305221557617
concrete_strength,8,37,38.40155366750864,42.55942153930664
concrete_strength,8,38,37.59427371391883,42.9195556640625
concrete_strength,8,39,38.53270494020902,43.46417999267578
concrete_strength,8,40,37.85687776712271,43.074607849121094
concrete_strength,8,41,38.33584169241098,42.880165100097656
concrete_strength,8,42,39.046649345984825,42.28396224975586
concrete_strength,8,43,39.20071616539588,43.17811965942383
concrete_strength,8,44,40.04159377171443,42.20536804199219
concrete_strength,8,45,37.19102720113901,42.40573501586914
concrete_strength,8,46,36.83746994458712,42.30582046508789
concrete_strength,8,47,36.37213397026062,41.37905502319336
concrete_strength,8,48,38.30993124154898,41.60615539550781
concrete_strength,8,49,37.66080075043898,41.457298278808594
concrete_strength,8,50,37.214152776277984,41.89560317993164
concrete_strength,8,51,38.01366725334754,41.320899963378906
concrete_strength,8,52,36.426900212581344,41.90214920043945
concrete_strength,8,53,37.33274833972637,41.229068756103516
concrete_strength,8,54,36.47185905163105,41.04269790649414
concrete_strength,8,55,35.92873936433058,42.30978775024414
concrete_strength,8,56,36.28300666809082,41.214385986328125
concrete_strength,8,57,36.86907489483173,41.14179992675781
concrete_strength,8,58,36.87349796295166,40.61488342285156
concrete_strength,8,59,35.41251173386207,40.3665885925293
concrete_strength,8,60,35.77063024961031,40.95120620727539
concrete_strength,8,61,35.786095692561226,41.56999206542969
concrete_strength,8,62,35.94374223855826,40.55859375
concrete_strength,8,63,36.12713975172777,40.92156982421875
concrete_strength,8,64,38.64462426992563,41.08062744140625
concrete_strength,8,65,35.11337382976826,40.344696044921875
concrete_strength,8,66,35.10420520489033,40.714298248291016
concrete_strength,8,67,35.313228167020355,41.01930618286133
concrete_strength,8,68,35.71767205458421,40.41769027709961
concrete_strength,8,69,42.131614464979904,40.931148529052734
concrete_strength,8,70,36.17053185976469,40.124412536621094
concrete_strength,8,71,35.00003213148851,40.73273468017578
concrete_strength,8,72,34.57976297231821,40.39509201049805
concrete_strength,8,73,34.81330226017879,40.588077545166016
concrete_strength,8,74,34.261004998133735,40.50938415527344
concrete_strength,8,75,34.4759484070998,40.68549728393555
concrete_strength,8,76,34.547376706049995,40.127906799316406
concrete_strength,8,77,33.929181832533615,40.63685989379883
concrete_strength,8,78,34.79207031543438,39.952598571777344
concrete_strength,8,79,34.289738801809456,41.21229934692383
concrete_strength,8,80,36.2981942983774,39.74538803100586
concrete_strength,8,81,34.895225524902344,39.41874313354492
concrete_strength,8,82,34.267830041738655,39.324851989746094
concrete_strength,8,83,33.501955399146446,39.69260787963867
concrete_strength,8,84,33.6955729998075,40.027217864990234
concrete_strength,8,85,33.9641675215501,39.80241775512695
concrete_strength,8,86,36.21829348344069,39.4149055480957
concrete_strength,8,87,35.37199533902682,39.56661605834961
concrete_strength,8,88,36.045772112332855,40.336273193359375
concrete_strength,8,89,34.576797852149376,39.48686599731445
concrete_strength,8,90,33.37477482282198,39.44895553588867
concrete_strength,8,91,33.96177783379188,39.82303237915039
concrete_strength,8,92,33.55279185221745,39.10097122192383
concrete_strength,8,93,40.66342045710637,39.393775939941406
concrete_strength,8,94,37.85401762448824,39.75480270385742
concrete_strength,8,95,34.192826124338005,39.5484619140625
concrete_strength,8,96,33.301657309898964,38.96452713012695
concrete_strength,8,97,32.687274786142204,39.48413848876953
concrete_strength,8,98,34.943950139559234,39.15385055541992
concrete_strength,8,99,33.49175416506254,39.5576171875
concrete_strength,8,100,34.056707455561714,39.26976776123047
concrete_strength,8,101,33.279568892258865,39.31978988647461
concrete_strength,8,102,32.974195627065804,39.3703727722168
concrete_strength,8,103,32.95842651220468,39.070735931396484
concrete_strength,8,104,33.59915476578932,39.55434799194336
concrete_strength,8,105,33.39263013693002,40.334381103515625
concrete_strength,8,106,33.03542617651132,39.6147346496582
concrete_strength,8,107,34.42484620901254,39.876808166503906
concrete_strength,8,108,32.77983878209041,39.51225662231445
concrete_strength,8,109,34.05980132176326,39.0680046081543
concrete_strength,8,110,32.961399225088265,39.33303451538086
concrete_strength,8,111,33.08103818159837,39.455589294433594
concrete_strength,8,112,32.08964230464055,38.26136779785156
concrete_strength,8,113,33.074647389925445,38.85637664794922
concrete_strength,8,114,32.248915048745964,39.7176628112793
concrete_strength,8,115,32.40062625591572,38.715576171875
concrete_strength,8,116,32.541779628166786,38.6928596496582
concrete_strength,8,117,32.45720188434307,38.71913528442383
concrete_strength,8,118,32.55435826228215,38.52324676513672
concrete_strength,8,119,31.72346481910119,38.544410705566406
concrete_strength,8,120,31.67539908335759,38.659610748291016
concrete_strength,8,121,32.09127481167133,38.20294189453125
concrete_strength,8,122,31.7547366802509,38.89816665649414
concrete_strength,8,123,31.519659390816322,38.49809646606445
concrete_strength,8,124,31.884806046119103,39.61306381225586
concrete_strength,8,125,33.25883212456336,38.30323791503906
concrete_strength,8,126,32.89161403362568,37.55835723876953
concrete_strength,8,127,33.40872287750244,38.264678955078125
concrete_strength,8,128,35.436415892380936,38.7939338684082
concrete_strength,8,129,32.71119418511024,38.56868362426758
concrete_strength,8,130,32.882316479316124,38.5327033996582
concrete_strength,8,131,33.320770483750564,38.749324798583984
concrete_strength,8,132,32.244087329277626,38.531768798828125
concrete_strength,8,133,31.304849037757286,38.319847106933594
concrete_strength,8,134,31.677132826585037,38.1094970703125
concrete_strength,8,135,31.4220049564655,37.82638168334961
concrete_strength,8,136,31.211623045114372,37.95353698730469
concrete_strength,8,137,32.48848922436054,38.28211212158203
concrete_strength,8,138,31.082490352483894,38.620758056640625
concrete_strength,8,139,31.261286662175106,37.8148307800293
concrete_strength,8,140,31.499429042522724,37.814476013183594
concrete_strength,8,141,31.30864326770489,37.78426742553711
concrete_strength,8,142,31.264571630037747,37.87174606323242
concrete_strength,8,143,32.025877512418305,37.75021743774414
concrete_strength,8,144,32.25279228503887,37.36056900024414
concrete_strength,8,145,31.08458555661715,37.318546295166016
concrete_strength,8,146,31.054587290837215,37.93033981323242
concrete_strength,8,147,30.79889341501089,37.61488342285156
concrete_strength,8,148,30.58316924021794,37.80536651611328
concrete_strength,8,149,30.57213068008423,37.6507568359375
concrete_strength,8,150,30.55159876896785,37.51692581176758
concrete_strength,8,151,30.311470985412598,38.14678192138672
concrete_strength,8,152,31.822246294755203,37.462196350097656
concrete_strength,8,153,30.53335769359882,37.980308532714844
concrete_strength,8,154,31.050783047309288,37.83213424682617
concrete_strength,8,155,33.702088796175445,37.732383728027344
concrete_strength,8,156,31.0527103130634,37.779422760009766
concrete_strength,8,157,30.312918809744026,38.67823791503906
concrete_strength,8,158,30.4201898758228,37.35364532470703
concrete_strength,8,159,30.37047584240253,37.12113952636719
concrete_strength,8,160,31.40134829741258,37.804771423339844
concrete_strength,8,161,31.48730490757869,36.92700958251953
concrete_strength,8,162,29.995132042811466,37.28862762451172
concrete_strength,8,163,30.09928908714881,37.2288932800293
concrete_strength,8,164,30.06470951667199,37.392669677734375
concrete_strength,8,165,30.45857308461116,37.15846252441406
concrete_strength,8,166,29.704329142203697,37.06931686401367
concrete_strength,8,167,30.122225688054012,36.9744987487793
concrete_strength,8,168,29.812374170009907,37.032142639160156
concrete_strength,8,169,30.189088417933537,36.97641372680664
concrete_strength,8,170,32.53385705214281,37.688026428222656
concrete_strength,8,171,31.180155754089355,37.42823791503906
concrete_strength,8,172,30.985448397122898,37.09194564819336
concrete_strength,8,173,32.81095115955059,36.826107025146484
concrete_strength,8,174,29.937816253075233,37.416873931884766
concrete_strength,8,175,31.199800124535194,37.342655181884766
concrete_strength,8,176,29.502322380359356,36.47526168823242
concrete_strength,8,177,29.973162247584415,37.46880340576172
concrete_strength,8,178,29.62501155413114,36.93878173828125
concrete_strength,8,179,30.64963120680589,36.93342971801758
concrete_strength,8,180,31.159763923058144,36.41323471069336
concrete_strength,8,181,30.424423401172344,37.22247314453125
concrete_strength,8,182,30.270007903759296,37.18873977661133
concrete_strength,8,183,29.22123197408823,36.77136993408203
concrete_strength,8,184,29.318735159360447,37.03512954711914
concrete_strength,8,185,30.283677174494816,36.46086883544922
concrete_strength,8,186,29.54110020857591,36.967403411865234
concrete_strength,8,187,29.92328379704402,36.38837432861328
concrete_strength,8,188,29.627613581143894,36.76730728149414
concrete_strength,8,189,29.317409185262825,36.5704460144043
concrete_strength,8,190,29.577886948218712,37.12959289550781
concrete_strength,8,191,30.252875914940468,37.16749572753906
concrete_strength,8,192,29.344347935456497,36.6298713684082
concrete_strength,8,193,28.975404042464035,37.47480773925781
concrete_strength,8,194,29.0532248203571,36.81822967529297
concrete_strength,8,195,31.16689898417546,36.01230239868164
concrete_strength,8,196,29.382325355823223,36.31330490112305
concrete_strength,8,197,29.36021221601046,35.86988830566406
concrete_strength,8,198,29.468890777001015,36.46055221557617
concrete_strength,8,199,29.043291275317852,36.08717346191406
concrete_strength,8,200,28.817471027374268,35.88459014892578
concrete_strength,8,201,28.833021787496712,36.02055740356445
concrete_strength,8,202,30.557141083937424,35.846954345703125
concrete_strength,8,203,29.71119605577909,35.813472747802734
concrete_strength,8,204,29.162588889782246,37.25733947753906
concrete_strength,8,205,28.972464378063496,35.52976989746094
concrete_strength,8,206,28.733990999368523,35.97282028198242
concrete_strength,8,207,28.361036887535683,36.07402038574219
concrete_strength,8,208,29.171657122098484,35.972434997558594
concrete_strength,8,209,28.789488609020527,35.89569091796875
concrete_strength,8,210,29.031002576534565,35.83666229248047
concrete_strength,8,211,28.817603257986214,35.286155700683594
concrete_strength,8,212,29.418742986825798,35.290550231933594
concrete_strength,8,213,32.806575555067795,35.442848205566406
concrete_strength,8,214,29.737733290745663,36.99628448486328
concrete_strength,8,215,28.453400941995476,35.79111099243164
concrete_strength,8,216,28.466510479266827,36.334407806396484
concrete_strength,8,217,30.81541343835684,35.49491882324219
concrete_strength,8,218,28.463767840312077,35.107688903808594
concrete_strength,8,219,30.53144744726328,35.162208557128906
concrete_strength,8,220,28.04117620908297,35.82195281982422
concrete_strength,8,221,30.623834903423603,35.46615982055664
concrete_strength,8,222,29.709133881788986,36.248878479003906
concrete_strength,8,223,29.241740997021015,35.743621826171875
concrete_strength,8,224,29.10081250850971,37.22541809082031
concrete_strength,8,225,28.60741923405574,35.45138168334961
concrete_strength,8,226,27.833472361931435,36.250370025634766
concrete_strength,8,227,27.86235615840325,35.347999572753906
concrete_strength,8,228,28.893480704380917,35.2150993347168
concrete_strength,8,229,29.87291405751155,35.18545913696289
concrete_strength,8,230,28.219689002403847,35.78978729248047
concrete_strength,8,231,28.16100912827712,34.915836334228516
concrete_strength,8,232,32.796144045316254,35.6905403137207
concrete_strength,8,233,28.569312581649193,34.797664642333984
concrete_strength,8,234,28.36456562922551,34.89121627807617
concrete_strength,8,235,28.503711260282078,34.28132629394531
concrete_strength,8,236,28.47449078926673,34.480262756347656
concrete_strength,8,237,34.89663553237915,34.80327224731445
concrete_strength,8,238,28.695949187645546,35.502052307128906
concrete_strength,8,239,27.93920535307664,35.0837287902832
concrete_strength,8,240,28.857592986180233,35.46898651123047
concrete_strength,8,241,28.924376304333027,34.397979736328125
concrete_strength,8,242,27.683701863655678,34.51641845703125
concrete_strength,8,243,27.61154156464797,34.24769592285156
concrete_strength,8,244,27.081734794836777,34.655757904052734
concrete_strength,8,245,27.952884894150955,35.03500747680664
concrete_strength,8,246,28.210860362419716,34.39522933959961
concrete_strength,8,247,27.390703513072086,34.818180084228516
concrete_strength,8,248,27.786758569570686,35.97586441040039
concrete_strength,8,249,27.600722808104294,34.527854919433594
concrete_strength,8,250,27.237924649165226,34.22093963623047
concrete_strength,8,251,27.46050038704505,34.444034576416016
concrete_strength,8,252,27.439727306365967,34.46425247192383
concrete_strength,8,253,28.576392100407528,34.186500549316406
concrete_strength,8,254,28.21502839601957,34.72481918334961
concrete_strength,8,255,27.1240234375,33.7442512512207
concrete_strength,8,256,27.46876522210928,34.15299606323242
concrete_strength,8,257,28.062608058636005,34.353111267089844
concrete_strength,8,258,29.64810114640456,34.288429260253906
concrete_strength,8,259,30.655672403482292,34.84564971923828
concrete_strength,8,260,27.80051979651818,33.945743560791016
concrete_strength,8,261,26.83956464437338,34.962642669677734
concrete_strength,8,262,27.90552359360915,34.97623062133789
concrete_strength,8,263,27.28327487065242,34.02956771850586
concrete_strength,8,264,27.166384550241325,33.59321975708008
concrete_strength,8,265,26.765292644500732,34.28937530517578
concrete_strength,8,266,27.26328079517071,33.95475387573242
concrete_strength,8,267,29.540797453660232,33.52216339111328
concrete_strength,8,268,28.38376151598417,33.29805374145508
concrete_strength,8,269,26.762465495329636,33.59176254272461
concrete_strength,8,270,26.799665744488056,33.233970642089844
concrete_strength,8,271,29.22599821824294,33.634029388427734
concrete_strength,8,272,28.003197853381817,33.639190673828125
concrete_strength,8,273,26.858794432419998,33.6286735534668
concrete_strength,8,274,27.15293942964994,33.43182373046875
concrete_strength,8,275,27.520453526423527,33.58426284790039
concrete_strength,8,276,27.41154828438392,33.429603576660156
concrete_strength,8,277,28.00890115591196,33.7401237487793
concrete_strength,8,278,27.5592480806204,34.66142272949219
concrete_strength,8,279,28.487515632922833,33.84955596923828
concrete_strength,8,280,28.044422956613396,33.44163513183594
concrete_strength,8,281,27.10099374330961,33.551780700683594
concrete_strength,8,282,26.875838683201717,33.21266174316406
concrete_strength,8,283,26.6552383349492,33.13358688354492
concrete_strength,8,284,27.71742967458872,33.30985641479492
concrete_strength,8,285,28.15125898214487,33.12421417236328
concrete_strength,8,286,27.168130141038162,33.29941177368164
concrete_strength,8,287,26.391736929233257,33.41851043701172
concrete_strength,8,288,27.947483209463265,33.11394500732422
concrete_strength,8,289,26.11347289268787,33.148460388183594
concrete_strength,8,290,26.732227435478798,32.93450164794922
concrete_strength,8,291,27.42839842576247,33.007816314697266
concrete_strength,8,292,26.497413011697624,34.01736831665039
concrete_strength,8,293,26.161695186908428,32.8505973815918
concrete_strength,8,294,26.352094576908993,33.47941589355469
concrete_strength,8,295,27.27339403445904,32.37230682373047
concrete_strength,8,296,27.163807758918175,33.73545455932617
concrete_strength,8,297,27.373897075653076,33.5971565246582
concrete_strength,8,298,27.121065359849197,32.728939056396484
concrete_strength,8,299,28.13890288426326,32.45267105102539
concrete_strength,8,300,27.596533115093525,33.26283645629883
concrete_strength,8,301,28.060324925642746,32.391693115234375
concrete_strength,8,302,26.600208025712234,33.5805778503418
concrete_strength,8,303,27.211331110734207,32.67948532104492
concrete_strength,8,304,26.892361824329083,32.88163757324219
concrete_strength,8,305,26.36552851016705,32.785675048828125
concrete_strength,8,306,26.593624335068924,32.649505615234375
concrete_strength,8,307,26.22899168271285,32.83820343017578
concrete_strength,8,308,27.30832158602201,32.6148567199707
concrete_strength,8,309,27.33697667488685,34.12233352661133
concrete_strength,8,310,27.070326878474308,32.730220794677734
concrete_strength,8,311,30.38534340491662,32.36981201171875
concrete_strength,8,312,31.507983941298264,32.49434280395508
concrete_strength,8,313,27.656561301304745,32.2446403503418
concrete_strength,8,314,25.61972343004667,32.28439712524414
concrete_strength,8,315,26.633521886972282,31.96358871459961
concrete_strength,8,316,26.973241365872898,32.26609420776367
concrete_strength,8,317,30.93604197868934,32.27623748779297
concrete_strength,8,318,29.01807007422814,34.01198196411133
concrete_strength,8,319,27.430705363933857,32.370567321777344
concrete_strength,8,320,25.69036474594703,32.33025360107422
concrete_strength,8,321,26.25699886908898,32.13840866088867
concrete_strength,8,322,26.689549115987923,32.19567108154297
concrete_strength,8,323,26.591364787175106,32.40464401245117
concrete_strength,8,324,27.791443274571346,32.092342376708984
concrete_strength,8,325,25.89796884243305,32.049381256103516
concrete_strength,8,326,27.308922951038067,31.99970054626465
concrete_strength,8,327,26.139325857162476,32.22627258300781
concrete_strength,8,328,25.553189901205208,31.892459869384766
concrete_strength,8,329,25.63093871336717,31.52408218383789
concrete_strength,8,330,28.505227895883415,32.600826263427734
concrete_strength,8,331,26.241722143613377,31.64609146118164
concrete_strength,8,332,26.099096041459305,31.820552825927734
concrete_strength,8,333,26.02701080762423,31.570161819458008
concrete_strength,8,334,25.93218733714177,31.645750045776367
concrete_strength,8,335,25.30416859113253,31.637062072753906
concrete_strength,8,336,25.770584381543674,32.07572555541992
concrete_strength,8,337,25.25801335848295,31.559200286865234
concrete_strength,8,338,26.377083008105938,31.74793243408203
concrete_strength,8,339,25.660855770111084,31.593273162841797
concrete_strength,8,340,25.81777803714459,31.441781997680664
concrete_strength,8,341,25.154113173484802,32.30361557006836
concrete_strength,8,342,25.006423510037937,32.11857604980469
concrete_strength,8,343,26.663942923912636,31.683685302734375
concrete_strength,8,344,29.282840472001297,31.522178649902344
concrete_strength,8,345,26.333693724412186,31.554367065429688
concrete_strength,8,346,26.810337470127987,31.699432373046875
concrete_strength,8,347,26.11969331594614,31.882535934448242
concrete_strength,8,348,26.160999591533955,31.546083450317383
concrete_strength,8,349,25.17200073829064,31.470714569091797
concrete_strength,8,350,25.971784958472618,31.326107025146484
concrete_strength,8,351,25.587950853201058,31.47423553466797
concrete_strength,8,352,24.815070560345283,31.179277420043945
concrete_strength,8,353,25.411405636714054,31.009872436523438
concrete_strength,8,354,25.195462740384617,30.92157554626465
concrete_strength,8,355,24.74802981890165,31.192834854125977
concrete_strength,8,356,25.381761404184196,31.393680572509766
concrete_strength,8,357,25.03290506509634,30.913599014282227
concrete_strength,8,358,27.1181011566749,30.79015350341797
concrete_strength,8,359,25.493732810020447,31.09320640563965
concrete_strength,8,360,25.279174181131218,31.031429290771484
concrete_strength,8,361,25.932797872103176,31.03224754333496
concrete_strength,8,362,25.134164333343506,30.749082565307617
concrete_strength,8,363,27.064325626079853,31.078941345214844
concrete_strength,8,364,25.625589260688194,30.786956787109375
concrete_strength,8,365,27.21344727736253,31.40811538696289
concrete_strength,8,366,25.409010116870586,30.994081497192383
concrete_strength,8,367,24.79771166581374,30.526268005371094
concrete_strength,8,368,25.49543681511512,30.71276092529297
concrete_strength,8,369,24.85387141887958,30.764019012451172
concrete_strength,8,370,25.507369995117188,30.5511531829834
concrete_strength,8,371,24.889168409200813,30.48363494873047
concrete_strength,8,372,24.822620501885048,30.568626403808594
concrete_strength,8,373,24.85753607749939,30.558292388916016
concrete_strength,8,374,25.378365406623253,30.5285701751709
concrete_strength,8,375,24.590101572183464,30.627914428710938
concrete_strength,8,376,24.99963848407452,30.60874366760254
concrete_strength,8,377,24.405490921093868,30.424772262573242
concrete_strength,8,378,25.334292265085075,30.66218376159668
concrete_strength,8,379,24.326177450326774,30.192642211914062
concrete_strength,8,380,25.066491750570442,30.407793045043945
concrete_strength,8,381,26.167462825775146,30.24215316772461
concrete_strength,8,382,24.608156827779915,30.60997772216797
concrete_strength,8,383,24.4230836721567,30.473979949951172
concrete_strength,8,384,25.99236040848952,30.077638626098633
concrete_strength,8,385,25.554309368133545,30.849130630493164
concrete_strength,8,386,25.0424861907959,30.289384841918945
concrete_strength,8,387,25.391939163208008,29.9223690032959
concrete_strength,8,388,25.523190865149864,30.365671157836914
concrete_strength,8,389,24.411824006300705,30.072940826416016
concrete_strength,8,390,26.114000723912167,30.328903198242188
concrete_strength,8,391,25.724820063664364,30.12427520751953
concrete_strength,8,392,25.165058319385235,30.26613426208496
concrete_strength,8,393,24.39568259165837,29.977394104003906
concrete_strength,8,394,24.45061731338501,30.019657135009766
concrete_strength,8,395,24.74623702122615,30.265722274780273
concrete_strength,8,396,24.018781130130474,29.70473861694336
concrete_strength,8,397,23.928528987444363,29.5510311126709
concrete_strength,8,398,24.093859562507042,30.029794692993164
concrete_strength,8,399,24.346344507657566,30.158620834350586
concrete_strength,8,400,24.50025510787964,29.79336166381836
concrete_strength,8,401,23.86569510973417,29.641265869140625
concrete_strength,8,402,24.816599369049072,30.263957977294922
concrete_strength,8,403,25.32850643304678,29.424304962158203
concrete_strength,8,404,24.74518170723548,29.672405242919922
concrete_strength,8,405,23.9953390451578,29.384782791137695
concrete_strength,8,406,24.053342489095833,29.748319625854492
concrete_strength,8,407,25.085442763108475,29.589632034301758
concrete_strength,8,408,23.906942330873928,29.458576202392578
concrete_strength,8,409,23.817594088040867,29.612882614135742
concrete_strength,8,410,23.622103471022385,29.37054443359375
concrete_strength,8,411,23.827827967130222,29.2979679107666
concrete_strength,8,412,24.343581126286434,29.499202728271484
concrete_strength,8,413,24.50263338822585,29.37310028076172
concrete_strength,8,414,24.111330875983604,29.46601676940918
concrete_strength,8,415,24.705362723423885,28.865867614746094
concrete_strength,8,416,24.108368653517502,29.465179443359375
concrete_strength,8,417,24.677281819857082,29.431198120117188
concrete_strength,8,418,23.838261164151707,29.497299194335938
concrete_strength,8,419,23.70216703414917,29.533132553100586
concrete_strength,8,420,23.71988843037532,29.077451705932617
concrete_strength,8,421,24.111659930302547,29.76727867126465
concrete_strength,8,422,23.355736053906956,29.34806251525879
concrete_strength,8,423,24.239569884080154,29.342870712280273
concrete_strength,8,424,24.081777425912712,29.093135833740234
concrete_strength,8,425,24.838037454164944,29.181461334228516
concrete_strength,8,426,25.179603870098408,29.393510818481445
concrete_strength,8,427,24.15570779947134,30.338340759277344
concrete_strength,8,428,24.396129259696373,28.62346649169922
concrete_strength,8,429,24.02854820398184,29.195377349853516
concrete_strength,8,430,23.188215292417087,28.75998878479004
concrete_strength,8,431,23.312652881328876,28.776491165161133
concrete_strength,8,432,23.619925865760216,28.93033218383789
concrete_strength,8,433,23.241045034848728,28.9160213470459
concrete_strength,8,434,23.73660729481624,29.09684181213379
concrete_strength,8,435,24.539206138023964,29.417152404785156
concrete_strength,8,436,23.06803589600783,29.28614044189453
concrete_strength,8,437,23.93766898375291,29.20787811279297
concrete_strength,8,438,23.816558617811936,28.792762756347656
concrete_strength,8,439,23.72480429135836,29.015241622924805
concrete_strength,8,440,24.00721208865826,28.88401222229004
concrete_strength,8,441,23.582573633927566,28.988752365112305
concrete_strength,8,442,23.803433161515457,29.045372009277344
concrete_strength,8,443,23.554171562194824,29.501129150390625
concrete_strength,8,444,25.241327359126164,28.928508758544922
concrete_strength,8,445,23.15150367296659,28.83547019958496
concrete_strength,8,446,22.973339631007267,28.75323486328125
concrete_strength,8,447,24.05035660817073,28.696704864501953
concrete_strength,8,448,23.94906047674326,28.552053451538086
concrete_strength,8,449,22.70250646884625,28.75297737121582
concrete_strength,8,450,23.35924585048969,28.672025680541992
concrete_strength,8,451,23.697169964130108,28.163780212402344
concrete_strength,8,452,23.064854731926552,28.606904983520508
concrete_strength,8,453,22.696336416097786,28.815670013427734
concrete_strength,8,454,23.904661728785587,28.50847625732422
concrete_strength,8,455,22.890954751234787,28.463075637817383
concrete_strength,8,456,22.67252208636357,28.187274932861328
concrete_strength,8,457,22.73408710039579,28.092044830322266
concrete_strength,8,458,23.681079607743484,28.199726104736328
concrete_strength,8,459,23.248213657966026,27.928640365600586
concrete_strength,8,460,23.389509897965652,28.078983306884766
concrete_strength,8,461,22.61348588650043,28.314992904663086
concrete_strength,8,462,22.827686456533577,28.27427864074707
concrete_strength,8,463,22.566821079987747,28.760414123535156
concrete_strength,8,464,23.869087897814236,28.014646530151367
concrete_strength,8,465,22.549398605640118,28.03716468811035
concrete_strength,8,466,23.60039868721595,27.935110092163086
concrete_strength,8,467,22.8772140282851,28.384963989257812
concrete_strength,8,468,24.29835341526912,28.10276222229004
concrete_strength,8,469,22.898099899291992,28.01898765563965
concrete_strength,8,470,22.715199103722206,28.138593673706055
concrete_strength,8,471,23.408735642066368,29.493820190429688
concrete_strength,8,472,23.180036911597618,28.302200317382812
concrete_strength,8,473,24.656284772432766,28.52898597717285
concrete_strength,8,474,22.05391240119934,28.807050704956055
concrete_strength,8,475,22.89197202829214,28.168535232543945
concrete_strength,8,476,22.76725750703078,27.86608123779297
concrete_strength,8,477,22.763133415809044,28.363433837890625
concrete_strength,8,478,23.243685722351074,28.218156814575195
concrete_strength,8,479,22.185200397784893,28.584293365478516
concrete_strength,8,480,22.46611320055448,28.21204948425293
concrete_strength,8,481,22.451639102055477,28.033960342407227
concrete_strength,8,482,24.947812227102425,27.87775993347168
concrete_strength,8,483,22.319364070892334,28.412330627441406
concrete_strength,8,484,24.59204472028292,27.676475524902344
concrete_strength,8,485,23.65670868066641,28.358068466186523
concrete_strength,8,486,23.640108768756573,27.723119735717773
concrete_strength,8,487,23.351993340712326,27.984901428222656
concrete_strength,8,488,22.64244978244488,27.81163787841797
concrete_strength,8,489,22.288664304293118,27.98288917541504
concrete_strength,8,490,22.299130091300377,27.54679298400879
concrete_strength,8,491,22.425918505742,28.208026885986328
concrete_strength,8,492,22.331926419184757,27.619680404663086
concrete_strength,8,493,23.225427517524132,27.97966766357422
concrete_strength,8,494,23.661676773658165,28.01087760925293
concrete_strength,8,495,22.26524837200458,27.79071617126465
concrete_strength,8,496,22.268556484809288,28.49775505065918
concrete_strength,8,497,23.614764580359825,27.941709518432617
concrete_strength,8,498,22.490185517531174,27.806730270385742
concrete_strength,8,499,22.24240889916053,27.436521530151367
concrete_strength,8,500,22.81441094325139,27.973960876464844
concrete_strength,8,501,22.034117992107685,28.41107749938965
concrete_strength,8,502,21.91694813508254,28.56730079650879
concrete_strength,8,503,22.39483958024245,27.921823501586914
concrete_strength,8,504,21.680773276549118,28.45499038696289
concrete_strength,8,505,22.4851131439209,27.58237075805664
concrete_strength,8,506,21.81700847699092,28.03189468383789
concrete_strength,8,507,23.00055764271663,27.397737503051758
concrete_strength,8,508,21.911358558214626,28.111841201782227
concrete_strength,8,509,22.58913546342116,27.33103370666504
concrete_strength,8,510,23.29060040987455,27.49249267578125
concrete_strength,8,511,22.94161264712994,27.39542007446289
concrete_strength,8,512,22.053200024824875,27.789907455444336
concrete_strength,8,513,22.668605511005108,27.292539596557617
concrete_strength,8,514,21.494664632357082,27.359241485595703
concrete_strength,8,515,22.763383498558632,27.373676300048828
concrete_strength,8,516,22.072762049161472,27.750699996948242
concrete_strength,8,517,21.955224954164944,27.339908599853516
concrete_strength,8,518,22.4937495635106,27.06976890563965
concrete_strength,8,519,21.717741526090183,27.351713180541992
concrete_strength,8,520,22.359608283409706,27.72889518737793
concrete_strength,8,521,21.605835694533127,27.36146354675293
concrete_strength,8,522,22.161992366497334,27.347558975219727
concrete_strength,8,523,21.365196998302753,26.96952247619629
concrete_strength,8,524,21.940682374514065,27.26616096496582
concrete_strength,8,525,22.245651942033035,27.194124221801758
concrete_strength,8,526,21.84530050937946,27.582427978515625
concrete_strength,8,527,22.823968117053692,27.4953670501709
concrete_strength,8,528,22.835585850935715,27.778736114501953
concrete_strength,8,529,22.87166874225323,27.3006649017334
concrete_strength,8,530,22.114752989548904,27.863035202026367
concrete_strength,8,531,21.79573154449463,27.511728286743164
concrete_strength,8,532,22.254639588869534,27.6480655670166
concrete_strength,8,533,24.355820435744064,28.086952209472656
concrete_strength,8,534,22.01153799203726,27.91547966003418
concrete_strength,8,535,22.395677713247444,27.596769332885742
concrete_strength,8,536,21.702517876258263,27.44179344177246
concrete_strength,8,537,21.488972645539505,27.587472915649414
concrete_strength,8,538,21.364952967717098,27.20924186706543
concrete_strength,8,539,21.496251106262207,27.023534774780273
concrete_strength,8,540,21.342835096212532,27.220333099365234
concrete_strength,8,541,21.397461854494534,27.297006607055664
concrete_strength,8,542,21.44146490097046,27.134384155273438
concrete_strength,8,543,21.88317869259761,27.775836944580078
concrete_strength,8,544,21.404699068803055,27.680862426757812
concrete_strength,8,545,21.184368133544922,27.650949478149414
concrete_strength,8,546,21.297867334806003,27.185466766357422
concrete_strength,8,547,21.425994652968186,27.58761215209961
concrete_strength,8,548,21.483269874866192,27.2731990814209
concrete_strength,8,549,21.345588794121376,26.84007453918457
concrete_strength,8,550,21.09404099904574,27.209321975708008
concrete_strength,8,551,22.134940147399902,27.543231964111328
concrete_strength,8,552,21.39143466949463,27.138980865478516
concrete_strength,8,553,22.216329978062557,27.265810012817383
concrete_strength,8,554,21.097394466400146,27.220109939575195
concrete_strength,8,555,21.747007149916428,27.31026268005371
concrete_strength,8,556,23.05204725265503,27.43537712097168
concrete_strength,8,557,20.939659192011906,27.14372444152832
concrete_strength,8,558,20.771388090573826,26.868022918701172
concrete_strength,8,559,21.607680504138653,27.349536895751953
concrete_strength,8,560,23.564258318680984,27.04860496520996
concrete_strength,8,561,21.681446662315956,27.48732566833496
concrete_strength,8,562,21.819004939152645,27.18012046813965
concrete_strength,8,563,21.30083803030161,27.953845977783203
concrete_strength,8,564,21.606238768650936,27.146419525146484
concrete_strength,8,565,21.06599319898165,27.745315551757812
concrete_strength,8,566,20.746422804318943,27.51603889465332
concrete_strength,8,567,20.845568510202263,27.18228530883789
concrete_strength,8,568,21.223761485173153,27.16873550415039
concrete_strength,8,569,21.118597507476807,27.399478912353516
concrete_strength,8,570,21.169380774864784,26.778160095214844
concrete_strength,8,571,21.133202406076286,27.265117645263672
concrete_strength,8,572,21.697830273554874,26.841318130493164
concrete_strength,8,573,23.997619225428654,27.33110809326172
concrete_strength,8,574,21.89401542223417,27.465463638305664
concrete_strength,8,575,20.895842442145714,26.974376678466797
concrete_strength,8,576,22.10391246355497,27.06212615966797
concrete_strength,8,577,21.468262048868034,26.44292640686035
concrete_strength,8,578,21.36851791235117,27.017072677612305
concrete_strength,8,579,21.6596082173861,26.817331314086914
concrete_strength,8,580,21.28832299892719,26.60744857788086
concrete_strength,8,581,20.536803392263558,26.76593589782715
concrete_strength,8,582,20.440147436582127,27.0074462890625
concrete_strength,8,583,20.39138023669903,26.95380210876465
concrete_strength,8,584,20.40114866770231,27.065021514892578
concrete_strength,8,585,21.440553811880257,26.852848052978516
concrete_strength,8,586,22.231489548316368,26.95797348022461
concrete_strength,8,587,21.021896068866436,27.312715530395508
concrete_strength,8,588,20.94209227195153,27.272974014282227
concrete_strength,8,589,20.829945674309364,26.878948211669922
concrete_strength,8,590,22.642960144923283,27.367477416992188
concrete_strength,8,591,21.175978147066555,26.95949363708496
concrete_strength,8,592,20.48862780057467,27.56507682800293
concrete_strength,8,593,21.327878805307243,26.522409439086914
concrete_strength,8,594,20.73455652823815,26.42300796508789
concrete_strength,8,595,22.437298114483173,26.57472801208496
concrete_strength,8,596,21.402157380030705,26.551109313964844
concrete_strength,8,597,20.849157149975117,27.024478912353516
concrete_strength,8,598,20.246469020843506,26.652538299560547
concrete_strength,8,599,20.18269815811744,26.472585678100586
concrete_strength,8,600,20.342800397139328,26.443706512451172
concrete_strength,8,601,20.992011657127968,26.52616310119629
concrete_strength,8,602,21.342533368330734,26.820444107055664
concrete_strength,8,603,20.681160853459286,27.276527404785156
concrete_strength,8,604,20.21350793311229,26.84935760498047
concrete_strength,8,605,20.24200494472797,26.45893669128418
concrete_strength,8,606,20.527452762310322,26.554075241088867
concrete_strength,8,607,23.80346492620615,26.61281967163086
concrete_strength,8,608,21.41223437969501,26.775917053222656
concrete_strength,8,609,21.66072889474722,27.47859001159668
concrete_strength,8,610,19.82505360016456,26.562429428100586
concrete_strength,8,611,20.768906740041878,26.444454193115234
concrete_strength,8,612,20.365035368846012,26.56505012512207
concrete_strength,8,613,19.719994549567883,27.210674285888672
concrete_strength,8,614,20.18582586141733,26.958477020263672
concrete_strength,8,615,20.41820771877582,26.634550094604492
concrete_strength,8,616,20.678709543668308,26.687828063964844
concrete_strength,8,617,20.965387674478386,26.396575927734375
concrete_strength,8,618,21.01116605905386,26.463130950927734
concrete_strength,8,619,20.579836405240574,26.171653747558594
concrete_strength,8,620,20.287974761082577,26.717918395996094
concrete_strength,8,621,21.759343440716084,26.967693328857422
concrete_strength,8,622,20.49014040140005,26.778717041015625
concrete_strength,8,623,19.897564741281364,26.864336013793945
concrete_strength,8,624,20.32997883283175,26.207401275634766
concrete_strength,8,625,20.034278649550217,26.414417266845703
concrete_strength,8,626,19.731245279312134,26.40748405456543
concrete_strength,8,627,21.52044545687162,26.65562629699707
concrete_strength,8,628,19.89472506596492,26.282501220703125
concrete_strength,8,629,22.33914404649001,26.654693603515625
concrete_strength,8,630,20.731285975529598,26.546253204345703
concrete_strength,8,631,19.8608380647806,27.874189376831055
concrete_strength,8,632,20.200128995455227,26.461496353149414
concrete_strength,8,633,19.66213769179124,26.835878372192383
concrete_strength,8,634,20.37735102726863,26.454143524169922
concrete_strength,8,635,20.265222219320442,26.421611785888672
concrete_strength,8,636,20.106474986443153,26.349796295166016
concrete_strength,8,637,19.737733932641838,26.282838821411133
concrete_strength,8,638,20.64284610748291,26.3740234375
concrete_strength,8,639,20.43352589240441,25.798532485961914
concrete_strength,8,640,19.63836827644935,26.01723861694336
concrete_strength,8,641,19.39270662344419,27.517642974853516
concrete_strength,8,642,19.855413326850304,25.916894912719727
concrete_strength,8,643,19.58080354103675,25.98531723022461
concrete_strength,8,644,19.56827372771043,25.99431037902832
concrete_strength,8,645,19.76461300483117,26.671287536621094
concrete_strength,8,646,20.161092574779804,25.822002410888672
concrete_strength,8,647,20.936460751753586,26.20570182800293
concrete_strength,8,648,20.015415761333244,26.445117950439453
concrete_strength,8,649,19.911981362562912,25.842132568359375
concrete_strength,8,650,19.625640942500187,26.04915428161621
concrete_strength,8,651,19.64903262945322,25.93544578552246
concrete_strength,8,652,19.332523089188797,26.080821990966797
concrete_strength,8,653,19.4366153386923,25.845632553100586
concrete_strength,8,654,19.85423179773184,26.268287658691406
concrete_strength,8,655,20.30023246545058,26.406553268432617
concrete_strength,8,656,19.9534058204064,26.039348602294922
concrete_strength,8,657,19.85551592019888,26.053512573242188
concrete_strength,8,658,19.49868569007287,26.240846633911133
concrete_strength,8,659,19.570689348074104,26.81465721130371
concrete_strength,8,660,21.572834345010612,26.0607852935791
concrete_strength,8,661,19.718878489274246,26.773990631103516
concrete_strength,8,662,19.13883130596234,26.88666534423828
concrete_strength,8,663,20.963813671698937,25.84469223022461
concrete_strength,8,664,19.255664568680984,26.519750595092773
concrete_strength,8,665,19.488822863652157,25.818939208984375
concrete_strength,8,666,19.335864929052498,26.194059371948242
concrete_strength,8,667,19.317805546980637,27.014144897460938
concrete_strength,8,668,21.746231152461124,25.894174575805664
concrete_strength,8,669,19.997219489170956,26.195371627807617
concrete_strength,8,670,19.94938722023597,25.51082420349121
concrete_strength,8,671,20.50135509784405,25.808103561401367
concrete_strength,8,672,19.512473803300125,26.024900436401367
concrete_strength,8,673,21.610101516430195,25.35674476623535
concrete_strength,8,674,19.8775116113516,26.373048782348633
concrete_strength,8,675,19.70352268218994,25.69949722290039
concrete_strength,8,676,20.092657052553616,25.92856216430664
concrete_strength,8,677,19.349868884453407,25.94080352783203
concrete_strength,8,678,19.228610295515793,25.456745147705078
concrete_strength,8,679,20.687231173882118,25.561853408813477
concrete_strength,8,680,19.62516949726985,25.869415283203125
concrete_strength,8,681,19.42977993304913,25.94717025756836
concrete_strength,8,682,19.164036714113674,25.673526763916016
concrete_strength,8,683,19.16867943910452,25.725360870361328
concrete_strength,8,684,19.25108297054584,25.81310272216797
concrete_strength,8,685,19.486866107353798,25.712011337280273
concrete_strength,8,686,19.47621103433462,25.97663688659668
concrete_strength,8,687,19.528444950397198,25.77912712097168
concrete_strength,8,688,19.504829846895657,25.695016860961914
concrete_strength,8,689,19.068385344285232,25.44156837463379
concrete_strength,8,690,19.05111129467304,25.512222290039062
concrete_strength,8,691,19.139498472213745,25.723358154296875
concrete_strength,8,692,19.347490017230694,25.76033592224121
concrete_strength,8,693,18.639984644376316,25.82038688659668
concrete_strength,8,694,19.05167421927819,25.5384521484375
concrete_strength,8,695,19.728520906888523,25.228294372558594
concrete_strength,8,696,18.83809873690972,25.73077964782715
concrete_strength,8,697,19.549897487346943,25.466903686523438
concrete_strength,8,698,19.58137057377742,25.4233341217041
concrete_strength,8,699,18.983192077049843,25.492612838745117
concrete_strength,8,700,19.821060474102314,25.81292724609375
concrete_strength,8,701,19.71223343335665,25.799625396728516
concrete_strength,8,702,19.398770845853367,25.914976119995117
concrete_strength,8,703,19.680903398073635,25.331064224243164
concrete_strength,8,704,18.976705752886257,25.509971618652344
concrete_strength,8,705,18.98455210832449,25.40656852722168
concrete_strength,8,706,19.13057595032912,25.401952743530273
concrete_strength,8,707,20.78992355786837,26.055999755859375
concrete_strength,8,708,20.106634873610275,25.72425651550293
concrete_strength,8,709,21.910370349884033,25.959070205688477
concrete_strength,8,710,20.483424993661735,25.86417007446289
concrete_strength,8,711,19.09947296289297,25.309886932373047
concrete_strength,8,712,19.047980895409218,25.403030395507812
concrete_strength,8,713,19.8049044242272,25.68815040588379
concrete_strength,8,714,19.33122282761794,25.228612899780273
concrete_strength,8,715,18.670192425067608,25.64177131652832
concrete_strength,8,716,19.31355146261362,25.206436157226562
concrete_strength,8,717,18.521498482960922,25.3781681060791
concrete_strength,8,718,18.698650011649498,25.39746856689453
concrete_strength,8,719,19.145709441258358,25.16558837890625
concrete_strength,8,720,19.39522486466628,25.545276641845703
concrete_strength,8,721,19.020401367774376,24.98712921142578
concrete_strength,8,722,18.465038061141968,25.210073471069336
concrete_strength,8,723,19.338648099165695,25.564193725585938
concrete_strength,8,724,19.157269441164456,25.769405364990234
concrete_strength,8,725,18.715021408521213,25.47768783569336
concrete_strength,8,726,18.96302766066331,25.875709533691406
concrete_strength,8,727,19.586448119236874,25.21212387084961
concrete_strength,8,728,18.51075711617103,24.907899856567383
concrete_strength,8,729,19.658193771655743,24.97736930847168
concrete_strength,8,730,21.15445874287532,25.627779006958008
concrete_strength,8,731,19.723225174041893,26.026716232299805
concrete_strength,8,732,19.882696922008808,25.189453125
concrete_strength,8,733,18.721709581521843,25.117717742919922
concrete_strength,8,734,18.46585359940162,25.022125244140625
concrete_strength,8,735,18.89220509162316,25.893360137939453
concrete_strength,8,736,18.878136194669285,25.06764030456543
concrete_strength,8,737,19.545254487257736,25.029024124145508
concrete_strength,8,738,18.66108067219074,25.329748153686523
concrete_strength,8,739,18.32835612847255,25.10973358154297
concrete_strength,8,740,19.77511292237502,25.234872817993164
concrete_strength,8,741,19.47731979076679,25.64244270324707
concrete_strength,8,742,19.501342920156624,24.888927459716797
concrete_strength,8,743,19.48981266755324,25.37828826904297
concrete_strength,8,744,19.88883143204909,25.116689682006836
concrete_strength,8,745,18.867939949035645,25.25045394897461
concrete_strength,8,746,18.32338162568899,25.352806091308594
concrete_strength,8,747,20.796572501842792,24.978885650634766
concrete_strength,8,748,19.17884265459501,25.81573486328125
concrete_strength,8,749,18.679672681368313,25.33108139038086
concrete_strength,8,750,19.087827315697304,24.61536979675293
concrete_strength,8,751,19.801069736480713,24.9663028717041
concrete_strength,8,752,19.773413584782528,25.57000732421875
concrete_strength,8,753,20.756072227771465,25.658361434936523
concrete_strength,8,754,20.384353931133564,25.79067039489746
concrete_strength,8,755,18.8513990182143,25.137332916259766
concrete_strength,8,756,18.767348032731277,25.409543991088867
concrete_strength,8,757,18.48624480687655,24.767356872558594
concrete_strength,8,758,20.185793253091667,25.22262954711914
concrete_strength,8,759,19.42336867405818,25.727306365966797
concrete_strength,8,760,19.420031474186825,25.3104248046875
concrete_strength,8,761,18.788492862994854,25.05292320251465
concrete_strength,8,762,18.463926865504337,25.821395874023438
concrete_strength,8,763,18.852405804854172,24.996919631958008
concrete_strength,8,764,19.403594273787277,25.09770393371582
concrete_strength,8,765,19.462719183701736,25.19148826599121
concrete_strength,8,766,18.178967063243572,25.01326560974121
concrete_strength,8,767,18.846760199620174,24.96455955505371
concrete_strength,8,768,19.456444025039673,24.913230895996094
concrete_strength,8,769,19.012594112983116,24.91233253479004
concrete_strength,8,770,18.11577032162593,24.69873046875
concrete_strength,8,771,18.23730967595027,24.748029708862305
concrete_strength,8,772,17.974711169417088,24.818801879882812
concrete_strength,8,773,18.2055894778325,24.8758544921875
concrete_strength,8,774,19.481533747452957,25.503345489501953
concrete_strength,8,775,19.2510765515841,24.965608596801758
concrete_strength,8,776,18.069991650489662,25.13739585876465
concrete_strength,8,777,19.761767277350792,25.569814682006836
concrete_strength,8,778,18.557691500737118,25.064228057861328
concrete_strength,8,779,18.576737000392033,24.93782615661621
concrete_strength,8,780,17.924271170909588,24.730905532836914
concrete_strength,8,781,18.525792782123272,24.831951141357422
concrete_strength,8,782,19.248497229356033,24.921855926513672
concrete_strength,8,783,18.45136835024907,24.918298721313477
concrete_strength,8,784,18.443136618687557,25.03558349609375
concrete_strength,8,785,18.03635048866272,24.945404052734375
concrete_strength,8,786,18.049772776090183,24.925106048583984
concrete_strength,8,787,18.891635307898888,24.71733283996582
concrete_strength,8,788,18.24863677758437,25.0490665435791
concrete_strength,8,789,18.996259212493896,24.9375
concrete_strength,8,790,18.83660785968487,24.839433670043945
concrete_strength,8,791,17.99962430733901,24.751995086669922
concrete_strength,8,792,17.831271428328293,25.16344451904297
concrete_strength,8,793,18.47089275946984,24.874292373657227
concrete_strength,8,794,18.401304024916428,25.041728973388672
concrete_strength,8,795,19.34255812718318,25.06577491760254
concrete_strength,8,796,17.671557444792526,25.142122268676758
concrete_strength,8,797,18.182706154309788,24.909748077392578
concrete_strength,8,798,18.75445791391226,25.242279052734375
concrete_strength,8,799,18.05003967651954,24.982973098754883
concrete_strength,8,800,18.529226266420803,24.63709831237793
concrete_strength,8,801,18.836764959188606,25.01013946533203
concrete_strength,8,802,18.57248563032884,24.676633834838867
concrete_strength,8,803,17.702350047918465,24.824785232543945
concrete_strength,8,804,18.2783532509437,25.108049392700195
concrete_strength,8,805,18.378055279071514,25.031394958496094
concrete_strength,8,806,19.058026717259335,24.78973960876465
concrete_strength,8,807,17.905368438133827,25.019868850708008
concrete_strength,8,808,18.125478744506836,25.262422561645508
concrete_strength,8,809,18.101481511042667,24.927963256835938
concrete_strength,8,810,18.476199040046104,25.285358428955078
concrete_strength,8,811,17.73482903608909,25.107969284057617
concrete_strength,8,812,18.470583475553074,24.798019409179688
concrete_strength,8,813,18.14240657366239,25.034259796142578
concrete_strength,8,814,18.413153134859524,24.92164421081543
concrete_strength,8,815,18.73118202502911,24.785934448242188
concrete_strength,8,816,18.126754210545467,24.97823715209961
concrete_strength,8,817,18.139112289135273,24.69623565673828
concrete_strength,8,818,17.687966346740723,25.16653060913086
concrete_strength,8,819,18.159175872802734,25.000347137451172
concrete_strength,8,820,21.185827035170334,25.299448013305664
concrete_strength,8,821,19.188195558694694,25.03205680847168
concrete_strength,8,822,17.84607140834515,24.67486000061035
concrete_strength,8,823,17.944763623751125,24.527379989624023
concrete_strength,8,824,18.187232751112717,25.36206817626953
concrete_strength,8,825,18.307386288276085,24.603309631347656
concrete_strength,8,826,18.101651741908146,24.78774070739746
concrete_strength,8,827,18.180218146397518,25.04960060119629
concrete_strength,8,828,17.81817549925584,25.142606735229492
concrete_strength,8,829,17.684618399693417,24.68099594116211
concrete_strength,8,830,17.786326371706448,24.9428768157959
concrete_strength,8,831,17.605559862577,24.85295295715332
concrete_strength,8,832,17.666698895967922,25.01081085205078
concrete_strength,8,833,19.198875610645,24.55417251586914
concrete_strength,8,834,20.317089080810547,25.49983024597168
concrete_strength,8,835,18.373026334322414,24.650720596313477
concrete_strength,8,836,19.24356376207792,24.861560821533203
concrete_strength,8,837,17.849467204167293,24.89484977722168
concrete_strength,8,838,18.415248210613544,25.42418670654297
concrete_strength,8,839,17.57587979390071,25.19864273071289
concrete_strength,8,840,17.5824954693134,24.93008804321289
concrete_strength,8,841,17.73097724180955,24.72813606262207
concrete_strength,8,842,18.96634318278386,24.853757858276367
concrete_strength,8,843,21.071584077981804,25.538021087646484
concrete_strength,8,844,19.069201781199528,25.492122650146484
concrete_strength,8,845,17.470036084835346,24.94240379333496
concrete_strength,8,846,17.38548099077665,24.896516799926758
concrete_strength,8,847,17.296028458155117,24.62677764892578
concrete_strength,8,848,17.94811300130991,25.14285659790039
concrete_strength,8,849,17.725987214308518,24.532100677490234
concrete_strength,8,850,17.919912411616398,24.634483337402344
concrete_strength,8,851,19.283676587618313,24.797086715698242
concrete_strength,8,852,18.25635114082923,24.306472778320312
concrete_strength,8,853,18.695358826563908,24.971290588378906
concrete_strength,8,854,17.992642365969143,24.70594024658203
concrete_strength,8,855,17.615510023557224,24.49466323852539
concrete_strength,8,856,18.604129717900204,24.98446273803711
concrete_strength,8,857,18.361414175767166,24.847427368164062
concrete_strength,8,858,17.441192406874436,24.358707427978516
concrete_strength,8,859,17.24905747633714,24.596698760986328
concrete_strength,8,860,17.57955180681669,24.782312393188477
concrete_strength,8,861,18.054114781893215,24.67937660217285
concrete_strength,8,862,18.943806721613957,24.733604431152344
concrete_strength,8,863,18.58537325492272,24.408586502075195
concrete_strength,8,864,17.73363788311298,24.595382690429688
concrete_strength,8,865,17.404601720663216,24.904226303100586
concrete_strength,8,866,17.41697909281804,24.68398094177246
concrete_strength,8,867,17.08131742477417,24.56267547607422
concrete_strength,8,868,17.393130981005154,24.582094192504883
concrete_strength,8,869,17.243709600888767,24.911991119384766
concrete_strength,8,870,17.717429161071777,24.64427375793457
concrete_strength,8,871,17.79167703481821,24.48305320739746
concrete_strength,8,872,17.433919127170856,25.033220291137695
concrete_strength,8,873,18.881584570958065,24.755422592163086
concrete_strength,8,874,18.224400373605583,24.37042999267578
concrete_strength,8,875,18.173161946810207,24.99666976928711
concrete_strength,8,876,17.860958576202393,24.76346206665039
concrete_strength,8,877,17.997782157017635,24.568208694458008
concrete_strength,8,878,17.318878925763645,25.079120635986328
concrete_strength,8,879,17.57161995080801,24.79305076599121
concrete_strength,8,880,17.722082105966713,24.881898880004883
concrete_strength,8,881,17.51018634209266,24.646984100341797
concrete_strength,8,882,17.109868077131416,24.529539108276367
concrete_strength,8,883,18.017535833212044,25.518844604492188
concrete_strength,8,884,17.762668682978703,24.36846923828125
concrete_strength,8,885,17.468982183016262,24.41303253173828
concrete_strength,8,886,17.853706983419563,24.474733352661133
concrete_strength,8,887,17.43285762346708,24.77243995666504
concrete_strength,8,888,17.54281636384817,24.47158432006836
concrete_strength,8,889,17.319054200099064,25.368051528930664
concrete_strength,8,890,17.650461783775917,24.505220413208008
concrete_strength,8,891,17.815051298875076,24.6502685546875
concrete_strength,8,892,17.511262746957634,25.27941131591797
concrete_strength,8,893,17.5063796043396,24.96604347229004
concrete_strength,8,894,18.16680515729464,24.56265640258789
concrete_strength,8,895,17.447133981264553,25.26166534423828
concrete_strength,8,896,18.78299100582416,24.801090240478516
concrete_strength,8,897,17.827649776752178,24.93230438232422
concrete_strength,8,898,17.008100454623882,24.87403106689453
concrete_strength,8,899,17.1804175560291,25.332015991210938
concrete_strength,8,900,17.210705537062424,24.392988204956055
concrete_strength,8,901,17.32982587814331,24.77981948852539
concrete_strength,8,902,17.160979197575497,24.820833206176758
concrete_strength,8,903,18.197039494147667,24.589693069458008
concrete_strength,8,904,17.4861488709083,24.7818603515625
concrete_strength,8,905,17.097161054611206,24.19371795654297
concrete_strength,8,906,16.937410519673275,24.827369689941406
concrete_strength,8,907,17.653793426660393,24.664390563964844
concrete_strength,8,908,17.463865940387432,24.425800323486328
concrete_strength,8,909,17.482322711210983,24.678142547607422
concrete_strength,8,910,17.23905959496131,24.422605514526367
concrete_strength,8,911,16.921061149010292,24.47830581665039
concrete_strength,8,912,17.176731182978703,24.54261016845703
concrete_strength,8,913,16.90497614787175,24.464717864990234
concrete_strength,8,914,17.750332612257736,24.786399841308594
concrete_strength,8,915,17.82835604594304,24.913766860961914
concrete_strength,8,916,17.51499022887303,25.13269805908203
concrete_strength,8,917,17.364116191864014,24.67951774597168
concrete_strength,8,918,16.944979887742264,24.764663696289062
concrete_strength,8,919,17.114371831600483,24.618547439575195
concrete_strength,8,920,17.960865827707146,24.848461151123047
concrete_strength,8,921,17.298331297360935,24.400585174560547
concrete_strength,8,922,17.12854886971987,24.87019157409668
concrete_strength,8,923,17.014688730239868,24.637662887573242
concrete_strength,8,924,17.925637245178223,24.565919876098633
concrete_strength,8,925,17.505092419110813,24.94438934326172
concrete_strength,8,926,18.38805312376756,24.626848220825195
concrete_strength,8,927,17.77830347648034,25.01490020751953
concrete_strength,8,928,17.70424035879282,24.652442932128906
concrete_strength,8,929,17.073705233060398,24.68258285522461
concrete_strength,8,930,17.84151840209961,24.631513595581055
concrete_strength,8,931,16.71222231938289,24.680130004882812
concrete_strength,8,932,16.580532770890457,24.6758975982666
concrete_strength,8,933,16.832363091982327,24.678028106689453
concrete_strength,8,934,16.689334180635903,24.670726776123047
concrete_strength,8,935,16.673522509061375,24.5454158782959
concrete_strength,8,936,16.930917776547947,24.341140747070312
concrete_strength,8,937,16.81125285075261,24.742977142333984
concrete_strength,8,938,17.977454313865074,24.66934585571289
concrete_strength,8,939,17.982529970315788,25.346847534179688
concrete_strength,8,940,16.906834602355957,24.756568908691406
concrete_strength,8,941,18.09470224380493,24.353132247924805
concrete_strength,8,942,17.04807270490206,24.664878845214844
concrete_strength,8,943,17.44740522824801,24.804828643798828
concrete_strength,8,944,16.73328339136564,25.294221878051758
concrete_strength,8,945,17.05205040711623,24.81441879272461
concrete_strength,8,946,17.25896483201247,24.583168029785156
concrete_strength,8,947,17.03767644442045,24.34535789489746
concrete_strength,8,948,17.521834006676308,24.47941780090332
concrete_strength,8,949,16.929349239055927,24.294174194335938
concrete_strength,8,950,17.969074139228233,24.824129104614258
concrete_strength,8,951,17.598789306787346,24.60950469970703
concrete_strength,8,952,16.952321199270393,24.560182571411133
concrete_strength,8,953,17.61285770856417,24.581331253051758
concrete_strength,8,954,16.91176280608544,24.140066146850586
concrete_strength,8,955,18.740644675034744,24.651790618896484
concrete_strength,8,956,17.734111675849327,24.45648193359375
concrete_strength,8,957,17.149138890779934,24.55606460571289
concrete_strength,8,958,17.066542148590088,24.583200454711914
concrete_strength,8,959,17.191827003772442,24.61807632446289
concrete_strength,8,960,16.831681599983803,24.30918312072754
concrete_strength,8,961,17.284390449523926,24.28734016418457
concrete_strength,8,962,16.57836552766653,24.45335578918457
concrete_strength,8,963,16.706326888157772,24.491662979125977
concrete_strength,8,964,17.10995050577017,25.550588607788086
concrete_strength,8,965,17.64878775523259,24.854339599609375
concrete_strength,8,966,17.717965767933773,24.4799747467041
concrete_strength,8,967,16.73253420683054,24.806888580322266
concrete_strength,8,968,16.76360163321862,24.825578689575195
concrete_strength,8,969,17.41672992706299,24.564001083374023
concrete_strength,8,970,16.5266575721594,24.56182289123535
concrete_strength,8,971,16.877245536217323,24.477672576904297
concrete_strength,8,972,16.741185500071598,24.982179641723633
concrete_strength,8,973,18.596386395967922,24.589561462402344
concrete_strength,8,974,16.771477735959568,24.5069522857666
concrete_strength,8,975,17.36695832472581,24.41992950439453
concrete_strength,8,976,20.041876756227932,24.070268630981445
concrete_strength,8,977,17.594708552727333,24.620861053466797
concrete_strength,8,978,17.239692798027626,24.803083419799805
concrete_strength,8,979,17.036125073066124,24.621360778808594
concrete_strength,8,980,16.53522705114805,24.31218719482422
concrete_strength,8,981,16.62535471182603,24.10458755493164
concrete_strength,8,982,16.66707545060378,24.233488082885742
concrete_strength,8,983,16.306019795055573,24.52739143371582
concrete_strength,8,984,16.442773470511803,24.363513946533203
concrete_strength,8,985,20.31658913539006,24.4392147064209
concrete_strength,8,986,17.642071320460392,24.567190170288086
concrete_strength,8,987,16.745066679441013,24.691377639770508
concrete_strength,8,988,16.983900767106277,24.389089584350586
concrete_strength,8,989,16.775760595615093,24.524057388305664
concrete_strength,8,990,17.390722091381367,24.664045333862305
concrete_strength,8,991,17.07396466915424,24.97538948059082
concrete_strength,8,992,16.921038407545822,24.569190979003906
concrete_strength,8,993,17.70872292151818,24.67037582397461
concrete_strength,8,994,17.387453409341667,24.46769142150879
concrete_strength,8,995,16.536173783815823,24.218273162841797
concrete_strength,8,996,16.764992053692158,24.674236297607422
concrete_strength,8,997,16.37511842067425,24.311635971069336
concrete_strength,8,998,16.798857285426212,24.412729263305664
concrete_strength,8,999,16.624549608964188,24.503881454467773
concrete_strength,0,0,53.313878499544586,63.977108001708984
concrete_strength,0,1,52.50011022274311,57.68086242675781
concrete_strength,0,2,55.75742948972262,61.69767761230469
concrete_strength,0,3,51.722640404334435,60.75912857055664
concrete_strength,0,4,49.8498371564425,55.797847747802734
concrete_strength,0,5,48.04338770646315,55.28175354003906
concrete_strength,0,6,48.31640228858361,55.45684814453125
concrete_strength,0,7,51.29046887617845,53.13658142089844
concrete_strength,0,8,47.69482774000902,54.897804260253906
concrete_strength,0,9,46.91746293581449,62.87033462524414
concrete_strength,0,10,49.34782189589281,55.056617736816406
concrete_strength,0,11,52.3831262588501,50.269535064697266
concrete_strength,0,12,47.15124922532301,51.1695671081543
concrete_strength,0,13,45.43817028632531,56.28413009643555
concrete_strength,0,14,44.243432411780724,53.445762634277344
concrete_strength,0,15,43.70357689490685,49.4194450378418
concrete_strength,0,16,46.53431408221905,49.590518951416016
concrete_strength,0,17,43.74862707578219,50.631832122802734
concrete_strength,0,18,43.62221578451303,49.87216567993164
concrete_strength,0,19,44.373383668752815,51.05289840698242
concrete_strength,0,20,41.57632320660811,49.59032440185547
concrete_strength,0,21,41.93563439295842,53.718502044677734
concrete_strength,0,22,41.35816067915697,49.05345153808594
concrete_strength,0,23,43.772180850689224,49.33643341064453
concrete_strength,0,24,42.5739562694843,52.48970031738281
concrete_strength,0,25,43.503472328186035,50.40861511230469
concrete_strength,0,26,44.98237441136287,48.434085845947266
concrete_strength,0,27,41.4119835633498,50.16560363769531
concrete_strength,0,28,41.02823822314922,47.8513298034668
concrete_strength,0,29,40.30091359065129,46.749507904052734
concrete_strength,0,30,39.88152874433077,47.3289909362793
concrete_strength,0,31,39.75214712436382,47.438446044921875
concrete_strength,0,32,39.409925314096306,49.617008209228516
concrete_strength,0,33,38.78690607731159,48.81912612915039
concrete_strength,0,34,38.63769942063551,45.2017822265625
concrete_strength,0,35,40.19978464566744,48.84926986694336
concrete_strength,0,36,39.42652988433838,46.68965530395508
concrete_strength,0,37,38.45518611027644,46.15785217285156
concrete_strength,0,38,39.08287341778095,50.689388275146484
concrete_strength,0,39,38.53595836345966,48.05350875854492
concrete_strength,0,40,38.34886660942664,45.89352035522461
concrete_strength,0,41,37.554484972587,51.2547607421875
concrete_strength,0,42,38.989168460552506,48.963802337646484
concrete_strength,0,43,37.047372542894806,44.69284439086914
concrete_strength,0,44,38.4058760863084,44.43488311767578
concrete_strength,0,45,37.53380293112535,46.61090850830078
concrete_strength,0,46,36.505424352792595,45.68781280517578
concrete_strength,0,47,38.645658639761116,45.70777130126953
concrete_strength,0,48,36.36610962794377,45.395423889160156
concrete_strength,0,49,40.53957491654616,44.38798141479492
concrete_strength,0,50,36.951983378483696,46.791934967041016
concrete_strength,0,51,38.18927585161649,49.2545166015625
concrete_strength,0,52,36.298850976503815,44.133575439453125
concrete_strength,0,53,41.40326140477107,44.869529724121094
concrete_strength,0,54,37.80249991783729,44.71241760253906
concrete_strength,0,55,35.65560704011183,44.09035873413086
concrete_strength,0,56,34.986641296973595,44.523067474365234
concrete_strength,0,57,34.818506754361664,43.936119079589844
concrete_strength,0,58,37.26114089672382,46.82670211791992
concrete_strength,0,59,41.73727820469783,45.448673248291016
concrete_strength,0,60,38.87454032897949,46.049644470214844
concrete_strength,0,61,36.88287404867319,45.6282958984375
concrete_strength,0,62,34.89507704514723,43.77590560913086
concrete_strength,0,63,35.40348969973051,43.439720153808594
concrete_strength,0,64,36.65008038740892,42.31068420410156
concrete_strength,0,65,36.937124032240646,42.54973220825195
concrete_strength,0,66,36.49880449588482,43.463478088378906
concrete_strength,0,67,33.86439147362342,42.32526397705078
concrete_strength,0,68,34.62570355488704,42.53927993774414
concrete_strength,0,69,34.82080004765437,42.12404251098633
concrete_strength,0,70,34.91462010603685,42.90519714355469
concrete_strength,0,71,36.03938469519982,42.48072814941406
concrete_strength,0,72,34.598244226895844,44.830326080322266
concrete_strength,0,73,33.39906318371113,42.48012924194336
concrete_strength,0,74,33.56833817408635,41.29185104370117
concrete_strength,0,75,34.59183722275954,41.99851989746094
concrete_strength,0,76,34.63663941163283,42.203094482421875
concrete_strength,0,77,34.13946665250338,43.00117492675781
concrete_strength,0,78,33.07606051518367,43.99000549316406
concrete_strength,0,79,32.808424766247086,41.43351745605469
concrete_strength,0,80,33.865427017211914,41.9365119934082
concrete_strength,0,81,32.70813516470102,40.866641998291016
concrete_strength,0,82,33.41046648759108,41.50770950317383
concrete_strength,0,83,35.22315553518442,43.02215576171875
concrete_strength,0,84,32.27957718188946,41.59614562988281
concrete_strength,0,85,32.25096247746394,41.020687103271484
concrete_strength,0,86,33.2229035450862,42.289310455322266
concrete_strength,0,87,31.891681157625637,40.96089553833008
concrete_strength,0,88,32.32007070688101,42.11491012573242
concrete_strength,0,89,32.46590023774367,41.590843200683594
concrete_strength,0,90,32.05329022040734,41.277915954589844
concrete_strength,0,91,33.93309215398935,40.55219650268555
concrete_strength,0,92,32.8952396099384,43.10612869262695
concrete_strength,0,93,31.255467121417706,41.37208938598633
concrete_strength,0,94,31.991885001842792,40.99943542480469
concrete_strength,0,95,31.332832849942722,41.380977630615234
concrete_strength,0,96,31.20405413554265,41.08673095703125
concrete_strength,0,97,31.77297940621009,42.54144287109375
concrete_strength,0,98,32.490972592280464,44.691123962402344
concrete_strength,0,99,32.188994040855995,42.17203140258789
concrete_strength,0,100,32.44686522850623,41.16685485839844
concrete_strength,0,101,31.329168759859524,40.509883880615234
concrete_strength,0,102,32.56784681173471,40.87006759643555
concrete_strength,0,103,34.33641206301176,39.85171890258789
concrete_strength,0,104,31.897421781833355,40.869571685791016
concrete_strength,0,105,30.697960413419285,42.618343353271484
concrete_strength,0,106,30.63960433923281,42.89960479736328
concrete_strength,0,107,31.011403670677772,44.48538589477539
concrete_strength,0,108,31.574268487783577,43.766117095947266
concrete_strength,0,109,31.71897708452665,42.976932525634766
concrete_strength,0,110,30.54283156761756,41.46479034423828
concrete_strength,0,111,32.08069353837233,40.37415313720703
concrete_strength,0,112,30.80089646119338,40.77814483642578
concrete_strength,0,113,30.90304051912748,42.48574447631836
concrete_strength,0,114,30.47614750495324,40.6725959777832
concrete_strength,0,115,32.121245237497185,42.42271423339844
concrete_strength,0,116,30.514287123313316,41.64479446411133
concrete_strength,0,117,30.22379108575674,44.70220184326172
concrete_strength,0,118,32.07072441394512,40.75462341308594
concrete_strength,0,119,30.713197194612942,39.47320556640625
concrete_strength,0,120,30.374630451202393,40.1143798828125
concrete_strength,0,121,30.067160716423622,40.26129150390625
concrete_strength,0,122,30.749832153320312,40.859867095947266
concrete_strength,0,123,28.673271362598125,40.318389892578125
concrete_strength,0,124,29.5112064068134,41.87771224975586
concrete_strength,0,125,28.873507426335262,41.94520568847656
concrete_strength,0,126,29.871019400083103,40.54072570800781
concrete_strength,0,127,30.21505564909715,40.78274154663086
concrete_strength,0,128,31.519992901728703,39.63193893432617
concrete_strength,0,129,29.774118130023663,41.94709014892578
concrete_strength,0,130,28.93008774977464,41.05096435546875
concrete_strength,0,131,29.545397941882793,44.59577178955078
concrete_strength,0,132,29.54714591686542,42.02560043334961
concrete_strength,0,133,28.764454548175518,39.60774230957031
concrete_strength,0,134,28.636339334341194,40.70438003540039
concrete_strength,0,135,28.09341628734882,39.6091423034668
concrete_strength,0,136,27.52237760103666,41.943267822265625
concrete_strength,0,137,28.339788803687462,39.28873062133789
concrete_strength,0,138,27.79647871164175,39.51850509643555
concrete_strength,0,139,28.2604509133559,39.42069625854492
concrete_strength,0,140,28.56132096510667,40.30922317504883
concrete_strength,0,141,27.51021275153527,40.60847473144531
concrete_strength,0,142,28.162675894223728,39.935508728027344
concrete_strength,0,143,28.173732904287483,39.51026916503906
concrete_strength,0,144,27.12527435559493,39.28349304199219
concrete_strength,0,145,27.128395484044002,42.35465621948242
concrete_strength,0,146,28.85414952498216,39.85371398925781
concrete_strength,0,147,26.786619149721584,38.83865737915039
concrete_strength,0,148,26.832712741998527,38.8368034362793
concrete_strength,0,149,26.66948023209205,39.65272521972656
concrete_strength,0,150,28.143514779897835,39.159263610839844
concrete_strength,0,151,27.897208433884842,39.855587005615234
concrete_strength,0,152,27.291649781740627,38.78792190551758
concrete_strength,0,153,26.690558250133808,38.54376983642578
concrete_strength,0,154,26.824167178227352,39.2398567199707
concrete_strength,0,155,27.313421396108772,38.76949691772461
concrete_strength,0,156,26.732091170090897,40.240238189697266
concrete_strength,0,157,27.12186784010667,38.673553466796875
concrete_strength,0,158,26.605098210848293,39.135887145996094
concrete_strength,0,159,26.932922803438625,40.81028747558594
concrete_strength,0,160,26.618930413172794,39.87230682373047
concrete_strength,0,161,26.99129343032837,38.930110931396484
concrete_strength,0,162,27.52044985844539,38.84275436401367
concrete_strength,0,163,28.63243502836961,38.621910095214844
concrete_strength,0,164,27.38356304168701,39.216426849365234
concrete_strength,0,165,26.72817664880019,38.5214958190918
concrete_strength,0,166,26.430112215188835,38.86552429199219
concrete_strength,0,167,25.736460539010857,41.935935974121094
concrete_strength,0,168,26.595264434814453,42.947757720947266
concrete_strength,0,169,26.698084629498997,42.405784606933594
concrete_strength,0,170,26.25846503331111,40.606788635253906
concrete_strength,0,171,25.996605909787693,38.640689849853516
concrete_strength,0,172,26.671441371624287,38.10575866699219
concrete_strength,0,173,26.269918955289402,41.12443542480469
concrete_strength,0,174,27.933451835925762,37.80276870727539
concrete_strength,0,175,27.080991744995117,38.76821517944336
concrete_strength,0,176,26.685731887817383,37.97528839111328
concrete_strength,0,177,25.887395271888145,39.492225646972656
concrete_strength,0,178,30.52643115703876,40.87484359741211
concrete_strength,0,179,26.856597093435433,40.96369171142578
concrete_strength,0,180,26.66435740544246,40.06959915161133
concrete_strength,0,181,25.13981184592614,38.314537048339844
concrete_strength,0,182,27.06114442531879,39.116825103759766
concrete_strength,0,183,27.674779891967773,41.27449035644531
concrete_strength,0,184,25.921262154212364,39.43684768676758
concrete_strength,0,185,25.803728287036602,38.39229965209961
concrete_strength,0,186,25.173150759476883,37.66460037231445
concrete_strength,0,187,26.541597696451042,38.27960205078125
concrete_strength,0,188,26.12581256719736,40.05736541748047
concrete_strength,0,189,25.188116733844463,38.619163513183594
concrete_strength,0,190,25.514970412621132,39.188720703125
concrete_strength,0,191,26.281686599438007,38.77267837524414
concrete_strength,0,192,24.988649496665367,38.44448471069336
concrete_strength,0,193,24.837171224447395,38.63568115234375
concrete_strength,0,194,25.155438276437614,40.02082824707031
concrete_strength,0,195,25.15901099718534,37.673580169677734
concrete_strength,0,196,24.905648781703068,37.52796173095703
concrete_strength,0,197,25.314205426436203,37.58565902709961
concrete_strength,0,198,25.48289629129263,38.783199310302734
concrete_strength,0,199,25.698568160717304,44.21183776855469
concrete_strength,0,200,25.55065162365253,37.08612823486328
concrete_strength,0,201,24.262914804311897,39.204471588134766
concrete_strength,0,202,24.376205701094406,38.03099822998047
concrete_strength,0,203,24.915574550628662,37.40038299560547
concrete_strength,0,204,27.12873935699463,36.99531555175781
concrete_strength,0,205,27.28818262540377,38.26738739013672
concrete_strength,0,206,26.257547635298508,38.62220764160156
concrete_strength,0,207,24.6032786827821,39.69411849975586
concrete_strength,0,208,26.21874706561749,37.47636413574219
concrete_strength,0,209,24.383099427590004,37.42812728881836
concrete_strength,0,210,24.156713008880615,38.869384765625
concrete_strength,0,211,24.62186770255749,38.07958221435547
concrete_strength,0,212,24.494947029994083,37.47040557861328
concrete_strength,0,213,30.774474474099968,38.588775634765625
concrete_strength,0,214,29.65395219509418,41.734642028808594
concrete_strength,0,215,25.254255844996525,38.81169891357422
concrete_strength,0,216,24.879349598517784,37.03333282470703
concrete_strength,0,217,24.380633684305046,37.25011444091797
concrete_strength,0,218,24.96064204436082,39.26026916503906
concrete_strength,0,219,24.43423397724445,40.67374038696289
concrete_strength,0,220,26.194090843200684,39.15010070800781
concrete_strength,0,221,24.728517128871037,38.85337829589844
concrete_strength,0,222,24.457002493051384,42.70261001586914
concrete_strength,0,223,25.65041263286884,39.906524658203125
concrete_strength,0,224,24.56972577021672,38.56058120727539
concrete_strength,0,225,24.49380929653461,38.56521224975586
concrete_strength,0,226,23.91490727204543,38.395328521728516
concrete_strength,0,227,24.921927672166092,38.762081146240234
concrete_strength,0,228,23.970542174119217,38.284690856933594
concrete_strength,0,229,24.176995570843037,37.04924011230469
concrete_strength,0,230,24.51296956722553,37.01642608642578
concrete_strength,0,231,24.993086961599495,38.707176208496094
concrete_strength,0,232,23.942498940687912,37.372215270996094
concrete_strength,0,233,24.228584032792313,37.487396240234375
concrete_strength,0,234,25.07802937580989,39.30971908569336
concrete_strength,0,235,24.181449229900654,37.3428840637207
concrete_strength,0,236,24.6584833585299,36.85198211669922
concrete_strength,0,237,23.998417194073017,37.19654846191406
concrete_strength,0,238,25.737493368295524,38.46631622314453
concrete_strength,0,239,24.515638718238243,39.04869079589844
concrete_strength,0,240,24.364282057835506,37.99383544921875
concrete_strength,0,241,24.974455650036152,42.064788818359375
concrete_strength,0,242,24.97170661045955,40.88758850097656
concrete_strength,0,243,23.65293552325322,38.6776237487793
concrete_strength,0,244,23.400399648226223,42.90946960449219
concrete_strength,0,245,25.341505417456993,37.414981842041016
concrete_strength,0,246,23.91985174325796,36.84654235839844
concrete_strength,0,247,23.359794763418343,36.868770599365234
concrete_strength,0,248,23.14372469828679,36.381893157958984
concrete_strength,0,249,23.4273251753587,37.34414291381836
concrete_strength,0,250,23.857422755314754,36.66837692260742
concrete_strength,0,251,24.87472442480234,36.162322998046875
concrete_strength,0,252,22.973443508148193,39.16704177856445
concrete_strength,0,253,22.704299156482403,38.87871551513672
concrete_strength,0,254,24.98581523161668,37.35982131958008
concrete_strength,0,255,23.72227481695322,36.026939392089844
concrete_strength,0,256,22.433180121275093,36.459388732910156
concrete_strength,0,257,22.61281527005709,38.00334167480469
concrete_strength,0,258,22.73962171261127,36.61775207519531
concrete_strength,0,259,22.350561747184166,38.78750228881836
concrete_strength,0,260,22.730153487278866,38.09085464477539
concrete_strength,0,261,23.104783131526066,38.576171875
concrete_strength,0,262,23.570053283984844,38.33671569824219
concrete_strength,0,263,22.579072035275974,38.02397537231445
concrete_strength,0,264,23.022054268763615,37.2945442199707
concrete_strength,0,265,24.052365193000206,37.427921295166016
concrete_strength,0,266,23.206351720369778,36.235931396484375
concrete_strength,0,267,23.2722008228302,35.972354888916016
concrete_strength,0,268,22.66117055599506,36.54144287109375
concrete_strength,0,269,21.933944660883682,37.18043899536133
concrete_strength,0,270,23.115265479454628,37.20439529418945
concrete_strength,0,271,22.71208513700045,36.316917419433594
concrete_strength,0,272,22.642051146580624,37.118560791015625
concrete_strength,0,273,22.45986318588257,36.66755676269531
concrete_strength,0,274,22.368357474987324,37.079559326171875
concrete_strength,0,275,21.944756581233097,35.772403717041016
concrete_strength,0,276,22.182453558995174,38.65707015991211
concrete_strength,0,277,23.017202634077805,36.40254211425781
concrete_strength,0,278,22.888349019564114,37.46963119506836
concrete_strength,0,279,23.289220956655647,36.765647888183594
concrete_strength,0,280,22.249858122605545,35.99825668334961
concrete_strength,0,281,21.6474546285776,35.90835189819336
concrete_strength,0,282,21.416496015512028,36.98093032836914
concrete_strength,0,283,21.531789917212265,36.58464050292969
concrete_strength,0,284,22.003464625431942,35.91094970703125
concrete_strength,0,285,21.87990008867704,35.8018798828125
concrete_strength,0,286,21.528651237487793,35.841651916503906
concrete_strength,0,287,21.44720119696397,35.98024368286133
concrete_strength,0,288,22.6225234911992,35.72875213623047
concrete_strength,0,289,23.94580701681284,39.91581726074219
concrete_strength,0,290,22.825911411872276,36.96580505371094
concrete_strength,0,291,21.868964782127968,34.96759796142578
concrete_strength,0,292,22.331501153799202,36.169654846191406
concrete_strength,0,293,22.68852659372183,35.86614227294922
concrete_strength,0,294,21.812746964968166,36.46083068847656
concrete_strength,0,295,21.425755390754112,37.45301818847656
concrete_strength,0,296,23.137189938471867,35.672210693359375
concrete_strength,0,297,21.170970770028923,38.901493072509766
concrete_strength,0,298,23.432684164780838,41.25279998779297
concrete_strength,0,299,22.221338052016037,35.534454345703125
concrete_strength,0,300,21.114882129889267,35.51449203491211
concrete_strength,0,301,22.18126817849966,35.95151138305664
concrete_strength,0,302,23.59192789517916,35.0464973449707
concrete_strength,0,303,22.77627581816453,35.22815704345703
concrete_strength,0,304,22.16145394398616,35.06481170654297
concrete_strength,0,305,21.18580073576707,36.633750915527344
concrete_strength,0,306,21.386474737754234,36.58522415161133
concrete_strength,0,307,20.751933372937717,36.47929382324219
concrete_strength,0,308,21.396340938714836,35.95412826538086
concrete_strength,0,309,21.803514150472786,35.10871124267578
concrete_strength,0,310,21.461728398616497,38.14573287963867
concrete_strength,0,311,21.39054536819458,34.8515625
concrete_strength,0,312,23.396709222059982,34.5363655090332
concrete_strength,0,313,22.230392795342667,33.71583557128906
concrete_strength,0,314,21.37367233863244,34.48394775390625
concrete_strength,0,315,21.346860848940334,35.132694244384766
concrete_strength,0,316,20.7898499415471,35.37272262573242
concrete_strength,0,317,22.585739355820877,33.48444366455078
concrete_strength,0,318,21.607496169897225,35.77671813964844
concrete_strength,0,319,20.997214555740356,35.94825744628906
concrete_strength,0,320,20.695641114161564,33.88148498535156
concrete_strength,0,321,21.90209462092473,34.38569259643555
concrete_strength,0,322,21.31088007413424,34.429176330566406
concrete_strength,0,323,22.339977667881893,34.62504959106445
concrete_strength,0,324,22.22800449224619,33.59178161621094
concrete_strength,0,325,21.090805457188534,34.01176071166992
concrete_strength,0,326,21.374697501842792,33.84451675415039
concrete_strength,0,327,21.316576700944168,34.29698944091797
concrete_strength,0,328,20.295057663550743,34.61733627319336
concrete_strength,0,329,20.14603981604943,33.88117599487305
concrete_strength,0,330,21.11472566311176,34.46276092529297
concrete_strength,0,331,21.223958565638615,33.80038833618164
concrete_strength,0,332,20.111530725772564,32.812171936035156
concrete_strength,0,333,20.50941331569965,34.46382522583008
concrete_strength,0,334,20.862719627527092,33.741119384765625
concrete_strength,0,335,25.018954203679012,34.980133056640625
concrete_strength,0,336,22.007846135359543,34.97820281982422
concrete_strength,0,337,20.434283696688137,34.14543914794922
concrete_strength,0,338,21.18859969652616,34.90401840209961
concrete_strength,0,339,21.50860933157114,34.72261047363281
concrete_strength,0,340,20.51217247889592,36.23321533203125
concrete_strength,0,341,20.1248658987192,33.80008316040039
concrete_strength,0,342,21.051174090458797,34.25947570800781
concrete_strength,0,343,20.412407288184532,34.337764739990234
concrete_strength,0,344,21.091223771755512,34.09931182861328
concrete_strength,0,345,20.256854387430046,33.19828796386719
concrete_strength,0,346,20.47033144877507,33.43586349487305
concrete_strength,0,347,20.472041863661545,33.32982635498047
concrete_strength,0,348,19.968823176163895,33.66905212402344
concrete_strength,0,349,19.520901423234207,32.89300537109375
concrete_strength,0,350,19.71416473388672,33.487850189208984
concrete_strength,0,351,21.54523805471567,32.464393615722656
concrete_strength,0,352,21.0686082473168,33.52696228027344
concrete_strength,0,353,20.148231616387,33.759883880615234
concrete_strength,0,354,21.353461559002216,33.69304656982422
concrete_strength,0,355,20.713138543642483,34.05828857421875
concrete_strength,0,356,20.33212505854093,32.93178939819336
concrete_strength,0,357,19.934876111837532,34.96547317504883
concrete_strength,0,358,20.23567720559927,35.05952072143555
concrete_strength,0,359,20.15857615837684,33.04355239868164
concrete_strength,0,360,20.166678208571213,32.85808181762695
concrete_strength,0,361,20.023317648814274,34.17691421508789
concrete_strength,0,362,19.30590666257418,33.58780288696289
concrete_strength,0,363,19.42373305100661,33.22003936767578
concrete_strength,0,364,19.020640483269325,32.142478942871094
concrete_strength,0,365,18.999886453151703,34.63569259643555
concrete_strength,0,366,20.133479851942795,32.851600646972656
concrete_strength,0,367,18.960983496445877,33.31086730957031
concrete_strength,0,368,19.703150529127853,35.09855651855469
concrete_strength,0,369,19.68619364958543,33.43458938598633
concrete_strength,0,370,18.996690016526443,33.8289680480957
concrete_strength,0,371,19.572207120748665,32.810890197753906
concrete_strength,0,372,19.423442712196938,32.426963806152344
concrete_strength,0,373,19.372240983522854,33.2762451171875
concrete_strength,0,374,20.187909566439114,33.80748748779297
concrete_strength,0,375,19.24935012597304,32.81244659423828
concrete_strength,0,376,19.43795295862051,32.5935173034668
concrete_strength,0,377,19.284909541790302,32.59965896606445
concrete_strength,0,378,20.47690773010254,32.20038604736328
concrete_strength,0,379,19.460704986865704,33.01988983154297
concrete_strength,0,380,19.146016817826492,32.69648361206055
concrete_strength,0,381,19.25697638438298,32.284671783447266
concrete_strength,0,382,19.238297792581413,33.49531936645508
concrete_strength,0,383,19.130273232093224,35.457862854003906
concrete_strength,0,384,19.336562083317684,33.262577056884766
concrete_strength,0,385,21.19416563327496,34.281211853027344
concrete_strength,0,386,20.460694844906147,31.79126739501953
concrete_strength,0,387,18.399278558217564,32.243160247802734
concrete_strength,0,388,19.692697341625507,34.4693489074707
concrete_strength,0,389,19.99167354290302,32.575687408447266
concrete_strength,0,390,21.96589491917537,33.291847229003906
concrete_strength,0,391,19.366867762345535,32.30694580078125
concrete_strength,0,392,19.42986374634963,32.740684509277344
concrete_strength,0,393,19.286709968860333,32.74034881591797
concrete_strength,0,394,19.764566054710976,33.02518844604492
concrete_strength,0,395,19.14161443710327,32.95132827758789
concrete_strength,0,396,19.301311272841232,33.68304443359375
concrete_strength,0,397,21.129209188314583,32.86806106567383
concrete_strength,0,398,19.399805619166447,31.5823974609375
concrete_strength,0,399,17.83295909716533,32.719242095947266
concrete_strength,0,400,17.83682229885688,32.62751007080078
concrete_strength,0,401,18.6162699002486,32.34993362426758
concrete_strength,0,402,19.343771824469933,32.8000373840332
concrete_strength,0,403,19.04092575953557,32.01566696166992
concrete_strength,0,404,18.566175424135647,32.318328857421875
concrete_strength,0,405,19.767145963815544,32.300636291503906
concrete_strength,0,406,18.37817074702336,31.952003479003906
concrete_strength,0,407,18.105726572183464,32.675315856933594
concrete_strength,0,408,17.932451981764572,32.76381301879883
concrete_strength,0,409,18.04798722267151,32.50279235839844
concrete_strength,0,410,17.745979263232304,34.900054931640625
concrete_strength,0,411,18.084828945306633,32.758995056152344
concrete_strength,0,412,18.63009680234469,32.1187744140625
concrete_strength,0,413,18.486785888671875,32.81658172607422
concrete_strength,0,414,18.48225632080665,32.08393478393555
concrete_strength,0,415,17.679334081136265,31.93863868713379
concrete_strength,0,416,18.35362936900212,32.524898529052734
concrete_strength,0,417,18.65831129367535,32.30426025390625
concrete_strength,0,418,18.37707396653982,31.85750389099121
concrete_strength,0,419,19.006453587458683,31.946483612060547
concrete_strength,0,420,18.471130664532,32.78345489501953
concrete_strength,0,421,18.91012584246122,33.0673828125
concrete_strength,0,422,17.813663170887875,31.975366592407227
concrete_strength,0,423,18.462841437413143,32.080177307128906
concrete_strength,0,424,18.04537507203909,32.61482620239258
concrete_strength,0,425,17.691071602014397,32.00679397583008
concrete_strength,0,426,17.376886514516976,32.043888092041016
concrete_strength,0,427,17.375603639162502,34.032684326171875
concrete_strength,0,428,18.046197927915134,31.53792381286621
concrete_strength,0,429,18.236899595994217,32.94266128540039
concrete_strength,0,430,17.561268934836754,31.618207931518555
concrete_strength,0,431,17.206980668581448,33.090938568115234
concrete_strength,0,432,17.91771301856408,33.177703857421875
concrete_strength,0,433,18.311830887427696,33.6703987121582
concrete_strength,0,434,17.44563995874845,34.87178421020508
concrete_strength,0,435,18.988495973440315,31.800518035888672
concrete_strength,0,436,17.61209388879629,32.733787536621094
concrete_strength,0,437,17.190806352175198,31.99106216430664
concrete_strength,0,438,18.274094031407284,34.275856018066406
concrete_strength,0,439,18.51380179478572,35.32473373413086
concrete_strength,0,440,17.571249695924614,32.456424713134766
concrete_strength,0,441,17.516801889126118,31.967159271240234
concrete_strength,0,442,17.099751389943638,32.92313766479492
concrete_strength,0,443,18.08723651445829,33.18193435668945
concrete_strength,0,444,17.697855729323166,32.34592056274414
concrete_strength,0,445,18.26459525181697,32.85462188720703
concrete_strength,0,446,16.923143423520603,32.370155334472656
concrete_strength,0,447,17.517036768106315,32.051902770996094
concrete_strength,0,448,17.006655271236713,34.783592224121094
concrete_strength,0,449,17.509506959181564,32.53022766113281
concrete_strength,0,450,17.418754430917595,32.03608703613281
concrete_strength,0,451,17.35600079022921,31.7679500579834
concrete_strength,0,452,17.387341536008396,31.554515838623047
concrete_strength,0,453,17.513114268963154,32.68056869506836
concrete_strength,0,454,17.387865946843075,32.08885192871094
concrete_strength,0,455,17.88540289952205,30.635984420776367
concrete_strength,0,456,18.38094810339121,32.87594223022461
concrete_strength,0,457,18.177133266742413,30.877540588378906
concrete_strength,0,458,17.29959882222689,31.324609756469727
concrete_strength,0,459,18.20531731385451,31.750547409057617
concrete_strength,0,460,17.70760532067372,32.98830795288086
concrete_strength,0,461,17.070777122790997,31.607362747192383
concrete_strength,0,462,16.87220881535457,31.455608367919922
concrete_strength,0,463,16.97749739426833,32.244571685791016
concrete_strength,0,464,16.843006354111893,31.989473342895508
concrete_strength,0,465,17.260660134829006,31.72592544555664
concrete_strength,0,466,17.077608805436356,31.69574546813965
concrete_strength,0,467,16.91113174878634,31.618127822875977
concrete_strength,0,468,17.41760620704064,31.363309860229492
concrete_strength,0,469,17.92629784804124,31.89028549194336
concrete_strength,0,470,17.92840836598323,30.699451446533203
concrete_strength,0,471,17.148688536423904,31.965137481689453
concrete_strength,0,472,16.65774253698496,32.054840087890625
concrete_strength,0,473,16.687408960782566,32.33034133911133
concrete_strength,0,474,16.681451063889725,31.38346290588379
concrete_strength,0,475,16.907936829787033,32.3914794921875
concrete_strength,0,476,16.588594381625835,31.092016220092773
concrete_strength,0,477,16.868480150516216,30.435823440551758
concrete_strength,0,478,16.352540786449726,31.54107666015625
concrete_strength,0,479,18.84338224851168,32.34970474243164
concrete_strength,0,480,17.355527666898872,32.173301696777344
concrete_strength,0,481,16.544592912380512,31.85049819946289
concrete_strength,0,482,16.335924139389626,32.054443359375
concrete_strength,0,483,17.167985549339882,32.19300079345703
concrete_strength,0,484,17.124697538522575,30.67435073852539
concrete_strength,0,485,16.522393281643208,31.609392166137695
concrete_strength,0,486,16.473759504464958,32.425514221191406
concrete_strength,0,487,16.635513379023624,31.1280517578125
concrete_strength,0,488,16.493132306979252,33.43335723876953
concrete_strength,0,489,17.369517216315636,33.42753219604492
concrete_strength,0,490,17.278929747067966,31.960905075073242
concrete_strength,0,491,16.662933936485878,29.941591262817383
concrete_strength,0,492,18.01870976961576,31.300790786743164
concrete_strength,0,493,18.38772887449998,31.872901916503906
concrete_strength,0,494,16.665422604634212,30.96503257751465
concrete_strength,0,495,15.951978738491352,31.5712833404541
concrete_strength,0,496,15.945960521697998,32.0495719909668
concrete_strength,0,497,16.515312690001267,31.9871883392334
concrete_strength,0,498,17.004073014626137,31.2080020904541
concrete_strength,0,499,17.24569843365596,31.40928077697754
concrete_strength,0,500,17.675069148723896,31.07571792602539
concrete_strength,0,501,16.85335460075965,31.22394561767578
concrete_strength,0,502,16.130949167104866,29.87266731262207
concrete_strength,0,503,16.22159611261808,31.899812698364258
concrete_strength,0,504,16.42342972755432,31.231225967407227
concrete_strength,0,505,17.73647040587205,30.297019958496094
concrete_strength,0,506,16.31958561677199,32.332496643066406
concrete_strength,0,507,15.716713685255785,31.16246223449707
concrete_strength,0,508,15.74553001843966,30.763689041137695
concrete_strength,0,509,17.02996958219088,31.364486694335938
concrete_strength,0,510,16.856829166412354,32.0688591003418
concrete_strength,0,511,16.982519186460056,31.73761749267578
concrete_strength,0,512,16.02901346866901,31.19315528869629
concrete_strength,0,513,16.155700981616974,31.459747314453125
concrete_strength,0,514,16.336259218362663,32.603729248046875
concrete_strength,0,515,16.504148666675274,31.61710548400879
concrete_strength,0,516,16.391389956841103,30.782615661621094
concrete_strength,0,517,15.656323322883019,30.58088493347168
concrete_strength,0,518,16.035409982387836,29.971712112426758
concrete_strength,0,519,15.949390411376953,29.67165184020996
concrete_strength,0,520,15.996160965699415,31.945079803466797
concrete_strength,0,521,15.821812244562002,31.11907196044922
concrete_strength,0,522,16.400782053287212,31.649084091186523
concrete_strength,0,523,17.484196332784798,29.338558197021484
concrete_strength,0,524,18.763711580863365,31.748004913330078
concrete_strength,0,525,16.763705877157356,29.91807746887207
concrete_strength,0,526,16.560512689443733,31.331045150756836
concrete_strength,0,527,16.598329434028038,30.054153442382812
concrete_strength,0,528,16.61691243831928,32.16188430786133
concrete_strength,0,529,16.06295580130357,30.198333740234375
concrete_strength,0,530,16.67431301337022,30.501453399658203
concrete_strength,0,531,16.12084095294659,30.390254974365234
concrete_strength,0,532,16.290437588324913,33.24886703491211
concrete_strength,0,533,17.058947984988873,31.539949417114258
concrete_strength,0,534,17.3220555965717,30.207075119018555
concrete_strength,0,535,16.252285737257736,30.19400405883789
concrete_strength,0,536,16.164745257450985,32.29749298095703
concrete_strength,0,537,15.711836214248951,31.20054054260254
concrete_strength,0,538,16.02238497367272,31.39080047607422
concrete_strength,0,539,16.0493116745582,30.592695236206055
concrete_strength,0,540,15.362815325076763,30.33419418334961
concrete_strength,0,541,15.360814690589905,30.689645767211914
concrete_strength,0,542,16.48202481636634,30.586435317993164
concrete_strength,0,543,15.965292967282808,30.51426124572754
concrete_strength,0,544,16.177289907748882,31.624130249023438
concrete_strength,0,545,16.09120798110962,30.037019729614258
concrete_strength,0,546,16.081576824188232,34.09221649169922
concrete_strength,0,547,15.73972432429974,30.844039916992188
concrete_strength,0,548,15.42828739606417,30.935434341430664
concrete_strength,0,549,16.08308348288903,34.185203552246094
concrete_strength,0,550,15.936163608844463,30.090925216674805
concrete_strength,0,551,17.280531663161057,31.059106826782227
concrete_strength,0,552,15.58990478515625,32.08765411376953
concrete_strength,0,553,16.867268287218533,33.542564392089844
concrete_strength,0,554,15.856616533719576,31.09169578552246
concrete_strength,0,555,15.068000518358671,30.117740631103516
concrete_strength,0,556,15.067448130020729,30.296831130981445
concrete_strength,0,557,15.661592483520508,31.177165985107422
concrete_strength,0,558,15.18272381562453,32.97926330566406
concrete_strength,0,559,15.28727650642395,32.2446403503418
concrete_strength,0,560,15.746163900081928,30.716581344604492
concrete_strength,0,561,15.060425941760723,31.35014533996582
concrete_strength,0,562,16.66835827093858,31.08349609375
concrete_strength,0,563,16.288973074692947,30.44743537902832
concrete_strength,0,564,15.65654681279109,31.146129608154297
concrete_strength,0,565,16.016166888750515,30.924598693847656
concrete_strength,0,566,15.461157707067636,30.509260177612305
concrete_strength,0,567,16.4082782635322,30.0441837310791
concrete_strength,0,568,15.677898773780235,30.84369659423828
concrete_strength,0,569,14.934423455825218,31.80661392211914
concrete_strength,0,570,15.01560403750493,31.181791305541992
concrete_strength,0,571,15.81997143305265,33.54135513305664
concrete_strength,0,572,16.535838567293606,30.968793869018555
concrete_strength,0,573,16.044663575979378,29.97008514404297
concrete_strength,0,574,16.47697560603802,34.63424301147461
concrete_strength,0,575,15.805392998915453,31.593250274658203
concrete_strength,0,576,15.780450894282414,29.705781936645508
concrete_strength,0,577,15.776188336885893,30.54011344909668
concrete_strength,0,578,15.268048414817223,32.441864013671875
concrete_strength,0,579,16.096722181026752,30.35577964782715
concrete_strength,0,580,17.584061329181377,31.806167602539062
concrete_strength,0,581,16.080761377628033,30.70442008972168
concrete_strength,0,582,15.463428423954891,30.569019317626953
concrete_strength,0,583,15.746244815679697,30.005647659301758
concrete_strength,0,584,15.277902162992037,29.648679733276367
concrete_strength,0,585,15.13260505749629,32.363033294677734
concrete_strength,0,586,15.324887954271757,30.594812393188477
concrete_strength,0,587,15.247668963212233,30.649059295654297
concrete_strength,0,588,16.300367538745586,29.8447265625
concrete_strength,0,589,15.450566640267006,31.36281394958496
concrete_strength,0,590,15.514089639370258,32.78258514404297
concrete_strength,0,591,16.78018023417546,31.890907287597656
concrete_strength,0,592,15.273704785567064,31.783977508544922
concrete_strength,0,593,14.870329728493324,29.8323974609375
concrete_strength,0,594,15.511955646368174,30.73578453063965
concrete_strength,0,595,15.145267743330736,31.799348831176758
concrete_strength,0,596,15.131978365091177,31.182758331298828
concrete_strength,0,597,15.561859534336971,32.33660888671875
concrete_strength,0,598,14.981431355843178,29.534626007080078
concrete_strength,0,599,14.683051815399757,31.980449676513672
concrete_strength,0,600,15.378987128917988,30.07471466064453
concrete_strength,0,601,15.69611980364873,30.39204216003418
concrete_strength,0,602,14.822448840508095,29.789844512939453
concrete_strength,0,603,15.5510342671321,29.717117309570312
concrete_strength,0,604,15.885402496044453,31.105636596679688
concrete_strength,0,605,14.777255223347591,31.26068878173828
concrete_strength,0,606,16.44112785045917,29.1785888671875
concrete_strength,0,607,16.277928865872898,31.57503318786621
concrete_strength,0,608,15.919358326838566,29.636859893798828
concrete_strength,0,609,15.745134133559008,30.108991622924805
concrete_strength,0,610,16.213187190202568,29.789897918701172
concrete_strength,0,611,15.615992142603947,31.516582489013672
concrete_strength,0,612,14.656733824656559,30.1075382232666
concrete_strength,0,613,14.681568145751953,30.00176429748535
concrete_strength,0,614,14.842944842118483,29.5865421295166
concrete_strength,0,615,15.093838196534376,34.35447311401367
concrete_strength,0,616,16.31752457985511,29.501981735229492
concrete_strength,0,617,15.506969176805937,31.156478881835938
concrete_strength,0,618,14.62200502707408,32.29661178588867
concrete_strength,0,619,14.648525403096126,29.69205093383789
concrete_strength,0,620,15.16928953390855,30.646484375
concrete_strength,0,621,15.561108955970177,29.854808807373047
concrete_strength,0,622,15.348176094201895,32.705989837646484
concrete_strength,0,623,14.98377642264733,30.39898109436035
concrete_strength,0,624,15.420829112713154,30.60908317565918
concrete_strength,0,625,15.00477191576591,29.26402473449707
concrete_strength,0,626,14.93622273665208,30.171573638916016
concrete_strength,0,627,15.13432029577402,30.287860870361328
concrete_strength,0,628,14.486209319188045,29.489242553710938
concrete_strength,0,629,14.567051869172316,29.848329544067383
concrete_strength,0,630,14.90372136922983,30.11929702758789
concrete_strength,0,631,15.137157476865328,32.796600341796875
concrete_strength,0,632,15.096697422174307,30.83268165588379
concrete_strength,0,633,15.775295587686392,30.480104446411133
concrete_strength,0,634,14.996310050670917,29.637235641479492
concrete_strength,0,635,14.484746877963726,31.061450958251953
concrete_strength,0,636,15.029031313382662,30.65814971923828
concrete_strength,0,637,14.547277193803053,30.5770320892334
concrete_strength,0,638,14.52221182676462,30.694122314453125
concrete_strength,0,639,14.707622674795298,31.4332218170166
concrete_strength,0,640,15.241314392823439,31.60027503967285
concrete_strength,0,641,14.601614493590136,29.677522659301758
concrete_strength,0,642,14.555750388365526,30.549022674560547
concrete_strength,0,643,15.509723003094013,31.083433151245117
concrete_strength,0,644,14.509168134285854,30.946176528930664
concrete_strength,0,645,15.880459455343393,29.66994857788086
concrete_strength,0,646,14.68183418420645,29.418569564819336
concrete_strength,0,647,15.504906691037691,29.483850479125977
concrete_strength,0,648,15.161511347844051,29.589250564575195
concrete_strength,0,649,14.80452819970938,29.65505027770996
concrete_strength,0,650,15.225012925954966,31.168298721313477
concrete_strength,0,651,14.446588846353384,29.64365577697754
concrete_strength,0,652,14.599321622114916,30.475894927978516
concrete_strength,0,653,15.506436237922081,30.68463897705078
concrete_strength,0,654,14.382110779102032,30.9669132232666
concrete_strength,0,655,14.597064678485577,29.65361976623535
concrete_strength,0,656,14.741605245150053,29.71295928955078
concrete_strength,0,657,14.581949903414799,30.54083251953125
concrete_strength,0,658,14.778383291684664,31.19042205810547
concrete_strength,0,659,15.059913543554453,28.660512924194336
concrete_strength,0,660,14.638758659362793,29.957120895385742
concrete_strength,0,661,14.394910940757164,29.8720760345459
concrete_strength,0,662,14.255522581247183,29.700742721557617
concrete_strength,0,663,14.763234046789316,30.760189056396484
concrete_strength,0,664,15.369872661737295,30.28662872314453
concrete_strength,0,665,14.389824793888973,30.69306755065918
concrete_strength,0,666,13.885214392955486,29.641077041625977
concrete_strength,0,667,13.945066727124727,29.68515396118164
concrete_strength,0,668,16.227133200718807,33.54714584350586
concrete_strength,0,669,14.763826104310843,31.226591110229492
concrete_strength,0,670,14.239339186595036,31.606159210205078
concrete_strength,0,671,14.475114171321575,29.338150024414062
concrete_strength,0,672,15.498525344408476,30.619691848754883
concrete_strength,0,673,16.01318120956421,29.196041107177734
concrete_strength,0,674,14.544962112720196,30.67704200744629
concrete_strength,0,675,16.00454779771658,30.186906814575195
concrete_strength,0,676,15.31106294118441,30.379121780395508
concrete_strength,0,677,14.386494086338924,29.97670555114746
concrete_strength,0,678,15.465745027248676,30.92061424255371
concrete_strength,0,679,14.207412197039677,32.689453125
concrete_strength,0,680,14.164203753838173,30.331098556518555
concrete_strength,0,681,14.940987678674551,29.49713134765625
concrete_strength,0,682,15.263021359076866,29.081768035888672
concrete_strength,0,683,14.78394526701707,30.682659149169922
concrete_strength,0,684,14.75240028821505,29.53844451904297
concrete_strength,0,685,14.754170216046846,29.558773040771484
concrete_strength,0,686,14.632597739879902,29.998741149902344
concrete_strength,0,687,14.256081617795504,29.261924743652344
concrete_strength,0,688,13.974794259438148,30.36880111694336
concrete_strength,0,689,14.147107197688175,30.898826599121094
concrete_strength,0,690,15.02329837358915,30.172727584838867
concrete_strength,0,691,14.540534753065844,30.130361557006836
concrete_strength,0,692,14.022736732776348,29.380786895751953
concrete_strength,0,693,15.208522980029766,30.096593856811523
concrete_strength,0,694,15.143660765427809,30.49437713623047
concrete_strength,0,695,14.206441702751013,30.142169952392578
concrete_strength,0,696,14.072322671230022,29.47869873046875
concrete_strength,0,697,14.908782683886015,30.59031105041504
concrete_strength,0,698,14.521096871449398,29.774761199951172
concrete_strength,0,699,13.914643709476177,28.74617576599121
concrete_strength,0,700,14.720452858851505,29.419401168823242
concrete_strength,0,701,14.863790805523212,30.695283889770508
concrete_strength,0,702,14.695384227312529,30.977558135986328
concrete_strength,0,703,15.363694007580097,31.22209930419922
concrete_strength,0,704,15.263654635502743,30.237035751342773
concrete_strength,0,705,14.597610785410954,28.9842529296875
concrete_strength,0,706,13.955581279901358,29.61898422241211
concrete_strength,0,707,14.234824749139639,32.19974899291992
concrete_strength,0,708,13.83190288910499,30.162492752075195
concrete_strength,0,709,14.207485969250019,30.847381591796875
concrete_strength,0,710,13.734981903663048,30.051374435424805
concrete_strength,0,711,14.268601912718553,29.64385414123535
concrete_strength,0,712,14.108549759938168,30.110734939575195
concrete_strength,0,713,14.223999096797062,29.28931427001953
concrete_strength,0,714,14.237796453329233,29.190488815307617
concrete_strength,0,715,14.314347102091862,30.091276168823242
concrete_strength,0,716,14.351222735184889,28.96505355834961
concrete_strength,0,717,14.272609123816856,28.972640991210938
concrete_strength,0,718,15.439697504043579,29.13640785217285
concrete_strength,0,719,15.025441224758442,30.26188850402832
concrete_strength,0,720,14.79267245072585,30.342233657836914
concrete_strength,0,721,14.285865215154795,29.682119369506836
concrete_strength,0,722,14.115406604913565,29.30730628967285
concrete_strength,0,723,13.856174248915453,28.63530731201172
concrete_strength,0,724,13.765496565745426,29.219369888305664
concrete_strength,0,725,13.865609939281757,29.38090705871582
concrete_strength,0,726,13.636060072825504,30.20117950439453
concrete_strength,0,727,13.70092665232145,30.189983367919922
concrete_strength,0,728,13.888273826012245,29.287355422973633
concrete_strength,0,729,14.235338156039898,29.530494689941406
concrete_strength,0,730,14.328828628246601,29.763145446777344
concrete_strength,0,731,13.642194729584913,28.82682228088379
concrete_strength,0,732,13.984378099441528,29.199092864990234
concrete_strength,0,733,14.222031850081224,31.160423278808594
concrete_strength,0,734,13.749638795852661,29.891761779785156
concrete_strength,0,735,13.529252203611227,28.80336570739746
concrete_strength,0,736,13.494880016033466,29.834774017333984
concrete_strength,0,737,13.564317318109365,28.86539649963379
concrete_strength,0,738,14.37795037489671,33.213321685791016
concrete_strength,0,739,13.70254061772273,29.25067710876465
concrete_strength,0,740,14.32007437485915,28.65814781188965
concrete_strength,0,741,14.054176000448374,29.293228149414062
concrete_strength,0,742,13.82324662575355,31.645891189575195
concrete_strength,0,743,13.851606405698336,29.592124938964844
concrete_strength,0,744,14.751086546824528,30.42100715637207
concrete_strength,0,745,13.816831515385555,30.560588836669922
concrete_strength,0,746,13.794135093688965,28.5859432220459
concrete_strength,0,747,14.823892336625319,29.175960540771484
concrete_strength,0,748,13.756073841681847,30.444705963134766
concrete_strength,0,749,13.87764048576355,31.976133346557617
concrete_strength,0,750,14.083692183861366,29.926563262939453
concrete_strength,0,751,13.503222722273607,29.712139129638672
concrete_strength,0,752,13.684135565390953,29.412031173706055
concrete_strength,0,753,13.399130931267372,29.913175582885742
concrete_strength,0,754,13.300783707545353,28.981624603271484
concrete_strength,0,755,13.429526805877686,29.86817169189453
concrete_strength,0,756,13.371579005168034,29.388317108154297
concrete_strength,0,757,13.872608441572924,29.64999771118164
concrete_strength,0,758,14.11029445208036,29.598712921142578
concrete_strength,0,759,14.213825335869423,29.973079681396484
concrete_strength,0,760,13.481785953044891,29.349876403808594
concrete_strength,0,761,13.113920936217674,29.719440460205078
concrete_strength,0,762,12.982386854978708,29.422574996948242
concrete_strength,0,763,13.209674743505625,29.061159133911133
concrete_strength,0,764,13.804764674260067,30.483613967895508
concrete_strength,0,765,13.959084070645845,31.828012466430664
concrete_strength,0,766,13.668328486956083,29.50503921508789
concrete_strength,0,767,13.935298846318172,30.035234451293945
concrete_strength,0,768,13.523801840268648,29.15736198425293
concrete_strength,0,769,13.864577366755558,28.98990249633789
concrete_strength,0,770,13.717130202513475,31.77034568786621
concrete_strength,0,771,13.922923161433292,28.786331176757812
concrete_strength,0,772,14.207828778486986,31.522327423095703
concrete_strength,0,773,14.816764207986685,28.70923614501953
concrete_strength,0,774,13.211762960140522,28.64990997314453
concrete_strength,0,775,13.103921560140757,28.934511184692383
concrete_strength,0,776,13.339785319108229,29.145599365234375
concrete_strength,0,777,13.846872934928307,29.7872257232666
concrete_strength,0,778,14.098277935614952,29.38631248474121
concrete_strength,0,779,14.277067001049335,28.36345100402832
concrete_strength,0,780,14.48896309045645,28.232454299926758
concrete_strength,0,781,13.50266144825862,28.84395980834961
concrete_strength,0,782,13.283285251030556,29.219573974609375
concrete_strength,0,783,13.38202845133268,29.77271270751953
concrete_strength,0,784,13.33928204041261,29.98362922668457
concrete_strength,0,785,13.582895058851976,30.445833206176758
concrete_strength,0,786,13.980050398753239,32.184635162353516
concrete_strength,0,787,13.872386785653921,29.801822662353516
concrete_strength,0,788,13.361903713299679,29.314613342285156
concrete_strength,0,789,13.29891589971689,29.99111557006836
concrete_strength,0,790,14.320782588078426,28.695323944091797
concrete_strength,0,791,13.21385003053225,29.076173782348633
concrete_strength,0,792,13.419666767120361,28.30965805053711
concrete_strength,0,793,13.178009986877441,30.219806671142578
concrete_strength,0,794,13.476245779257555,28.95853042602539
concrete_strength,0,795,13.774467688340406,28.06967544555664
concrete_strength,0,796,14.15978660950294,29.401765823364258
concrete_strength,0,797,14.284978811557476,30.67331314086914
concrete_strength,0,798,13.506685293637789,30.469133377075195
concrete_strength,0,799,13.657691185290997,28.2705020904541
concrete_strength,0,800,12.905289186881138,28.215621948242188
concrete_strength,0,801,13.520785350065966,29.321063995361328
concrete_strength,0,802,12.927376765471239,28.48072052001953
concrete_strength,0,803,13.131038106404818,28.677656173706055
concrete_strength,0,804,13.1371695628533,29.46843147277832
concrete_strength,0,805,13.435639775716341,32.691898345947266
concrete_strength,0,806,13.832791016652035,28.693912506103516
concrete_strength,0,807,13.169510731330284,28.767248153686523
concrete_strength,0,808,13.294950797007633,29.59965705871582
concrete_strength,0,809,13.38762171451862,29.488021850585938
concrete_strength,0,810,14.362487994707548,28.119247436523438
concrete_strength,0,811,14.118166226607103,29.260433197021484
concrete_strength,0,812,13.251773302371685,29.226118087768555
concrete_strength,0,813,13.06181459243481,30.523469924926758
concrete_strength,0,814,13.140550980201134,28.784198760986328
concrete_strength,0,815,12.920390431697552,28.324678421020508
concrete_strength,0,816,13.955679893493652,29.21126937866211
concrete_strength,0,817,14.359001489786001,29.790325164794922
concrete_strength,0,818,13.244353936268734,30.532394409179688
concrete_strength,0,819,12.983162769904503,29.6484432220459
concrete_strength,0,820,12.73830301945026,28.955076217651367
concrete_strength,0,821,13.392411397053646,29.238723754882812
concrete_strength,0,822,13.154084535745474,28.699857711791992
concrete_strength,0,823,12.919833183288574,29.038833618164062
concrete_strength,0,824,13.428212019113394,28.80073356628418
concrete_strength,0,825,13.545702613317049,31.333951950073242
concrete_strength,0,826,13.627470419957088,27.966888427734375
concrete_strength,0,827,13.572663032091581,28.637582778930664
concrete_strength,0,828,13.393143543830284,28.358720779418945
concrete_strength,0,829,12.832796408579899,29.925106048583984
concrete_strength,0,830,13.866094314135038,30.0250186920166
concrete_strength,0,831,13.441502461066612,29.141813278198242
concrete_strength,0,832,12.769479879966148,30.056293487548828
concrete_strength,0,833,13.481283325415392,28.842758178710938
concrete_strength,0,834,13.663833159666796,29.134445190429688
concrete_strength,0,835,13.38792162675124,30.03477668762207
concrete_strength,0,836,12.797972697478075,30.445049285888672
concrete_strength,0,837,13.39350988314702,29.7390193939209
concrete_strength,0,838,13.807474062992977,29.297788619995117
concrete_strength,0,839,13.571302505639883,29.32964515686035
concrete_strength,0,840,13.13270381780771,33.4746208190918
concrete_strength,0,841,13.748702599452091,31.12268829345703
concrete_strength,0,842,13.064674872618456,30.83302879333496
concrete_strength,0,843,13.549283669545101,28.596288681030273
concrete_strength,0,844,13.858521975003756,28.321775436401367
concrete_strength,0,845,12.66134161215562,30.97930335998535
concrete_strength,0,846,13.885867100495558,30.353559494018555
concrete_strength,0,847,12.772526044111986,28.64559555053711
concrete_strength,0,848,12.673108045871441,28.368412017822266
concrete_strength,0,849,12.666422715553871,31.833290100097656
concrete_strength,0,850,12.650552827578325,28.703542709350586
concrete_strength,0,851,12.371141543755165,28.356178283691406
concrete_strength,0,852,12.624445658463697,29.561738967895508
concrete_strength,0,853,12.526283300839937,30.813913345336914
concrete_strength,0,854,13.42680342380817,29.84333610534668
concrete_strength,0,855,13.736344575881958,28.17204475402832
concrete_strength,0,856,12.930443873772255,29.390823364257812
concrete_strength,0,857,12.970000523787279,29.556926727294922
concrete_strength,0,858,12.490207919707665,30.260700225830078
concrete_strength,0,859,12.876887468191294,28.938140869140625
concrete_strength,0,860,13.338027697343092,31.4853515625
concrete_strength,0,861,14.485023388495812,27.845016479492188
concrete_strength,0,862,14.366226251308735,28.955263137817383
concrete_strength,0,863,12.712457730219914,30.75156593322754
concrete_strength,0,864,12.579072402073788,28.027027130126953
concrete_strength,0,865,13.442577343720655,28.323732376098633
concrete_strength,0,866,14.15810150366563,29.143678665161133
concrete_strength,0,867,13.009582537871141,29.33458137512207
concrete_strength,0,868,12.995606624163115,28.969568252563477
concrete_strength,0,869,12.45658670938932,28.773420333862305
concrete_strength,0,870,12.609071859946617,32.366249084472656
concrete_strength,0,871,13.026142129531273,29.013917922973633
concrete_strength,0,872,12.58148585833036,29.939655303955078
concrete_strength,0,873,13.364228688753569,29.567684173583984
concrete_strength,0,874,13.092954874038696,29.287120819091797
concrete_strength,0,875,12.80595088005066,31.690031051635742
concrete_strength,0,876,14.053753999563364,29.89202880859375
concrete_strength,0,877,12.81959342956543,28.505905151367188
concrete_strength,0,878,12.705162653556236,28.9414005279541
concrete_strength,0,879,13.228604188332191,28.28385353088379
concrete_strength,0,880,12.792490867468027,29.707040786743164
concrete_strength,0,881,12.905811878351065,28.74234962463379
concrete_strength,0,882,12.926587728353647,28.951574325561523
concrete_strength,0,883,12.390879997840294,29.481643676757812
concrete_strength,0,884,13.220983193470882,28.766128540039062
concrete_strength,0,885,13.071099648108849,32.491249084472656
concrete_strength,0,886,14.023181676864624,29.9151554107666
concrete_strength,0,887,12.538575704281147,28.037429809570312
concrete_strength,0,888,12.437950739493736,28.053104400634766
concrete_strength,0,889,12.567451477050781,28.71671485900879
concrete_strength,0,890,12.258376497488756,28.50849723815918
concrete_strength,0,891,13.023699026841383,30.045366287231445
concrete_strength,0,892,13.15207892197829,29.38850212097168
concrete_strength,0,893,12.817196405850924,29.56216049194336
concrete_strength,0,894,12.702393458439754,30.332366943359375
concrete_strength,0,895,14.139123439788818,28.54373550415039
concrete_strength,0,896,13.19054941030649,30.18775749206543
concrete_strength,0,897,12.777019830850454,28.40441131591797
concrete_strength,0,898,12.589535603156456,28.49479103088379
concrete_strength,0,899,12.498482153965877,29.635583877563477
concrete_strength,0,900,13.864873170852661,29.17752456665039
concrete_strength,0,901,13.452702522277832,29.721521377563477
concrete_strength,0,902,13.305397611397963,28.13010597229004
concrete_strength,0,903,12.574469172037565,31.482547760009766
concrete_strength,0,904,13.123837030850924,28.571760177612305
concrete_strength,0,905,13.052544282032894,28.48056983947754
concrete_strength,0,906,12.523213881712694,28.73093605041504
concrete_strength,0,907,12.470858193360842,28.06098747253418
concrete_strength,0,908,12.374930161696215,29.05068016052246
concrete_strength,0,909,12.929232817429762,29.27826499938965
concrete_strength,0,910,12.781505859815157,28.08372688293457
concrete_strength,0,911,12.795840905262875,29.61412239074707
concrete_strength,0,912,12.554346212973961,28.745664596557617
concrete_strength,0,913,12.477486738791832,30.75855255126953
concrete_strength,0,914,13.352649211883545,28.437320709228516
concrete_strength,0,915,13.019757417532114,28.15306282043457
concrete_strength,0,916,13.071353747294499,28.18716049194336
concrete_strength,0,917,12.393091531900259,28.705116271972656
concrete_strength,0,918,12.220450951502873,28.83405303955078
concrete_strength,0,919,12.551247890178974,29.224842071533203
concrete_strength,0,920,12.235895431958712,30.875370025634766
concrete_strength,0,921,12.388743876264645,28.7580509185791
concrete_strength,0,922,13.035466744349552,28.773094177246094
concrete_strength,0,923,12.812224718240591,28.278850555419922
concrete_strength,0,924,12.68818148282858,30.35262107849121
concrete_strength,0,925,12.199112286934486,28.55519676208496
concrete_strength,0,926,11.988379551814152,30.564973831176758
concrete_strength,0,927,13.489872804054848,27.690288543701172
concrete_strength,0,928,12.27703058719635,30.78363800048828
concrete_strength,0,929,12.238140693077675,29.374732971191406
concrete_strength,0,930,12.577503002606905,29.646503448486328
concrete_strength,0,931,12.754799329317533,28.51596450805664
concrete_strength,0,932,12.123157868018517,27.756792068481445
concrete_strength,0,933,12.00885484768794,28.480487823486328
concrete_strength,0,934,12.079074905468868,27.64995765686035
concrete_strength,0,935,11.855922996997833,28.390918731689453
concrete_strength,0,936,12.01014988238995,28.35006332397461
concrete_strength,0,937,12.297259440788856,27.980436325073242
concrete_strength,0,938,12.233589429121752,28.0986385345459
concrete_strength,0,939,12.041489821213942,28.924617767333984
concrete_strength,0,940,12.396311466510479,28.192773818969727
concrete_strength,0,941,12.034286242264967,28.21196746826172
concrete_strength,0,942,12.119632931856009,28.603498458862305
concrete_strength,0,943,12.826477674337534,29.336273193359375
concrete_strength,0,944,12.491552628003634,30.101192474365234
concrete_strength,0,945,13.29820099243751,29.694034576416016
concrete_strength,0,946,12.327123183470507,29.104936599731445
concrete_strength,0,947,13.43423001582806,28.682863235473633
concrete_strength,0,948,13.856966788952167,30.83237075805664
concrete_strength,0,949,12.338519444832436,28.17220115661621
concrete_strength,0,950,11.944292581998385,28.527141571044922
concrete_strength,0,951,12.41770021732037,28.443614959716797
concrete_strength,0,952,11.969906458487877,28.672975540161133
concrete_strength,0,953,12.64246796644651,28.80427360534668
concrete_strength,0,954,12.798869298054623,28.686561584472656
concrete_strength,0,955,12.571750792173239,28.255626678466797
concrete_strength,0,956,13.114396682152382,29.145963668823242
concrete_strength,0,957,11.896102171677809,27.7124080657959
concrete_strength,0,958,12.371176912234379,28.535396575927734
concrete_strength,0,959,13.59235195013193,30.436487197875977
concrete_strength,0,960,14.36930562899663,29.56172752380371
concrete_strength,0,961,13.193810270382809,28.95018768310547
concrete_strength,0,962,12.322262855676504,27.831687927246094
concrete_strength,0,963,12.093135760380672,28.290119171142578
concrete_strength,0,964,11.956819295883179,29.1846923828125
concrete_strength,0,965,13.002919307121864,29.04161834716797
concrete_strength,0,966,12.898732240383442,28.86166763305664
concrete_strength,0,967,12.409794440636269,29.860095977783203
concrete_strength,0,968,12.973313918480507,28.622089385986328
concrete_strength,0,969,12.009643573027391,28.318281173706055
concrete_strength,0,970,11.928707122802734,28.288867950439453
concrete_strength,0,971,11.808338312002329,28.573143005371094
concrete_strength,0,972,12.135653972625732,28.427812576293945
concrete_strength,0,973,12.580457384769733,27.8082275390625
concrete_strength,0,974,12.460959581228403,29.813617706298828
concrete_strength,0,975,12.678756475448608,28.541982650756836
concrete_strength,0,976,12.724729299545288,29.254154205322266
concrete_strength,0,977,12.054939435078548,28.17449378967285
concrete_strength,0,978,11.933792205957266,28.645797729492188
concrete_strength,0,979,12.628397776530338,29.193971633911133
concrete_strength,0,980,12.499347503368671,28.461162567138672
concrete_strength,0,981,12.21966002537654,31.192249298095703
concrete_strength,0,982,12.918189397225014,29.092966079711914
concrete_strength,0,983,11.992692195452177,28.320268630981445
concrete_strength,0,984,11.597018837928772,29.41274642944336
concrete_strength,0,985,12.92493882546058,29.19443702697754
concrete_strength,0,986,11.94006292636578,28.506471633911133
concrete_strength,0,987,11.770328760147095,30.097177505493164
concrete_strength,0,988,12.84238940018874,29.099929809570312
concrete_strength,0,989,12.956300790493305,27.933202743530273
concrete_strength,0,990,12.671542919599093,29.491422653198242
concrete_strength,0,991,12.11853131881127,28.479948043823242
concrete_strength,0,992,11.832208798481869,28.912281036376953
concrete_strength,0,993,13.052604950391329,28.652231216430664
concrete_strength,0,994,12.222053967989408,29.02617835998535
concrete_strength,0,995,11.8641177713871,30.59602165222168
concrete_strength,0,996,12.037650750233578,29.049245834350586
concrete_strength,0,997,11.4852934388014,28.249927520751953
concrete_strength,0,998,11.723911046981812,28.462669372558594
concrete_strength,0,999,12.136554828056923,28.772144317626953
concrete_strength,6,0,42.63026215479924,50.147422790527344
concrete_strength,6,1,39.16829714408288,49.33022689819336
concrete_strength,6,2,38.78160601395827,48.488712310791016
concrete_strength,6,3,38.676131101755,47.46143341064453
concrete_strength,6,4,39.0739789375892,46.32753372192383
concrete_strength,6,5,36.97782890613262,50.2337646484375
concrete_strength,6,6,37.427905302781326,47.0026969909668
concrete_strength,6,7,35.8355156825139,46.845703125
concrete_strength,6,8,39.858269691467285,43.514015197753906
concrete_strength,6,9,35.90922421675462,52.13279724121094
concrete_strength,6,10,37.148797035217285,44.49103546142578
concrete_strength,6,11,35.857980434711166,50.39970397949219
concrete_strength,6,12,34.08525734681349,41.80738830566406
concrete_strength,6,13,34.13619290865385,42.86309814453125
concrete_strength,6,14,34.11209161464985,44.53119659423828
concrete_strength,6,15,34.798462060781624,40.205562591552734
concrete_strength,6,16,34.71780043381911,43.892539978027344
concrete_strength,6,17,33.45437724773701,43.41935729980469
concrete_strength,6,18,32.642658967238205,40.98467254638672
concrete_strength,6,19,35.131443170400765,40.96681213378906
concrete_strength,6,20,32.617946037879356,45.24635696411133
concrete_strength,6,21,33.23984124110295,40.830078125
concrete_strength,6,22,34.12600638316228,41.83441162109375
concrete_strength,6,23,31.982969980973465,42.933040618896484
concrete_strength,6,24,34.333524007063644,48.302093505859375
concrete_strength,6,25,35.310221892136795,41.248905181884766
concrete_strength,6,26,32.18604986484234,40.752445220947266
concrete_strength,6,27,31.234884995680588,40.817115783691406
concrete_strength,6,28,32.79167050581712,47.79933166503906
concrete_strength,6,29,30.95473135434664,39.13317108154297
concrete_strength,6,30,30.838161358466515,38.602806091308594
concrete_strength,6,31,30.80335336465102,39.89122772216797
concrete_strength,6,32,30.260499734144943,38.63743591308594
concrete_strength,6,33,30.600657536433292,41.538536071777344
concrete_strength,6,34,29.984428332402157,40.851829528808594
concrete_strength,6,35,29.842745780944824,38.5716438293457
concrete_strength,6,36,29.631211317502537,39.50252151489258
concrete_strength,6,37,29.083239848797138,39.7430305480957
concrete_strength,6,38,30.63990409557636,39.2388916015625
concrete_strength,6,39,30.651598600240852,48.73332595825195
concrete_strength,6,40,30.288373470306396,40.07732009887695
concrete_strength,6,41,32.83442893395057,40.78664779663086
concrete_strength,6,42,29.3044297511761,38.13594055175781
concrete_strength,6,43,28.2802136861361,40.28926086425781
concrete_strength,6,44,28.75265183815589,38.7079963684082
concrete_strength,6,45,29.514526550586407,46.96533966064453
concrete_strength,6,46,32.668673533659714,38.57331085205078
concrete_strength,6,47,28.563745205218975,47.11109161376953
concrete_strength,6,48,29.081318873625534,38.69392776489258
concrete_strength,6,49,28.102430251928475,38.37554931640625
concrete_strength,6,50,28.62905872785128,38.64803695678711
concrete_strength,6,51,30.561764386984017,41.58131408691406
concrete_strength,6,52,28.29167967576247,38.94371032714844
concrete_strength,6,53,29.43677462064303,42.29477310180664
concrete_strength,6,54,29.579436118786152,39.77864456176758
concrete_strength,6,55,27.03709055827214,38.78528594970703
concrete_strength,6,56,26.8254416172321,39.82252502441406
concrete_strength,6,57,26.87251355097844,38.0504035949707
concrete_strength,6,58,27.12212423177866,37.1162109375
concrete_strength,6,59,26.758111293499287,40.80789566040039
concrete_strength,6,60,26.447790219233585,39.06111526489258
concrete_strength,6,61,27.879262704115646,37.66270065307617
concrete_strength,6,62,25.940946138822117,40.47395706176758
concrete_strength,6,63,26.366293467008152,42.729736328125
concrete_strength,6,64,26.659029116997353,36.663246154785156
concrete_strength,6,65,25.81684893828172,37.23465347290039
concrete_strength,6,66,25.704232949476975,37.25989532470703
concrete_strength,6,67,25.90002573453463,37.97894287109375
concrete_strength,6,68,29.698271127847526,39.4614143371582
concrete_strength,6,69,27.551436791053185,41.451438903808594
concrete_strength,6,70,26.24559519841121,37.14662551879883
concrete_strength,6,71,25.05272942322951,36.915283203125
concrete_strength,6,72,25.44359192481408,37.33806228637695
concrete_strength,6,73,26.458783479837273,36.47526931762695
concrete_strength,6,74,24.795960059532753,39.77109146118164
concrete_strength,6,75,28.733862436734714,38.543155670166016
concrete_strength,6,76,27.74942449422983,41.20319366455078
concrete_strength,6,77,26.51310319166917,36.298423767089844
concrete_strength,6,78,25.453019105471096,36.42973709106445
concrete_strength,6,79,24.75985497694749,38.285438537597656
concrete_strength,6,80,24.140131031091396,37.0611686706543
concrete_strength,6,81,24.47526972110455,36.54875946044922
concrete_strength,6,82,26.853278380173904,37.8319206237793
concrete_strength,6,83,27.061635824350212,36.96867752075195
concrete_strength,6,84,28.72345132094163,38.49332046508789
concrete_strength,6,85,24.33485830747164,34.77498245239258
concrete_strength,6,86,23.714931570566616,35.71443176269531
concrete_strength,6,87,24.285693021921013,36.002098083496094
concrete_strength,6,88,24.46159366460947,37.2446174621582
concrete_strength,6,89,24.27592581969041,35.89146041870117
concrete_strength,6,90,24.599920236147366,36.24395751953125
concrete_strength,6,91,24.943225090320293,35.17198944091797
concrete_strength,6,92,24.28878718156081,44.206016540527344
concrete_strength,6,93,24.968158098367546,38.28273391723633
concrete_strength,6,94,24.691644301781288,36.84282302856445
concrete_strength,6,95,24.94955147229708,36.417755126953125
concrete_strength,6,96,25.735349618471584,34.9350700378418
concrete_strength,6,97,23.493536536510174,35.13542556762695
concrete_strength,6,98,23.153030945704533,34.26152038574219
concrete_strength,6,99,24.39633244734544,39.20475387573242
concrete_strength,6,100,24.091067497546856,36.519500732421875
concrete_strength,6,101,22.73250047977154,36.174400329589844
concrete_strength,6,102,23.363136768341064,34.914920806884766
concrete_strength,6,103,24.636238538301907,36.68723678588867
concrete_strength,6,104,23.234716708843525,37.2487907409668
concrete_strength,6,105,24.590791922349197,33.409645080566406
concrete_strength,6,106,23.62154276554401,40.3512077331543
concrete_strength,6,107,22.874158822573147,35.25400924682617
concrete_strength,6,108,22.152562068058895,42.556396484375
concrete_strength,6,109,22.99999005977924,34.475616455078125
concrete_strength,6,110,22.624051864330585,43.68062973022461
concrete_strength,6,111,23.52010616889367,34.27641677856445
concrete_strength,6,112,22.47767479603107,34.99945831298828
concrete_strength,6,113,22.0199158008282,35.53390121459961
concrete_strength,6,114,23.397274274092453,34.81215286254883
concrete_strength,6,115,22.875701097341683,40.623538970947266
concrete_strength,6,116,23.061041006675133,34.20630645751953
concrete_strength,6,117,22.91092139024001,33.0782356262207
concrete_strength,6,118,21.83330054466541,32.99408721923828
concrete_strength,6,119,22.940006036024826,33.438201904296875
concrete_strength,6,120,22.211951659275936,34.78948974609375
concrete_strength,6,121,23.000551370474007,33.32746124267578
concrete_strength,6,122,22.114830787365253,36.076107025146484
concrete_strength,6,123,23.24995910204374,41.39182662963867
concrete_strength,6,124,23.62999677658081,33.589473724365234
concrete_strength,6,125,24.26497877561129,33.22377395629883
concrete_strength,6,126,21.943932331525364,35.701751708984375
concrete_strength,6,127,21.72840118408203,40.212486267089844
concrete_strength,6,128,23.596095672020546,34.79710006713867
concrete_strength,6,129,22.421939373016357,32.85518264770508
concrete_strength,6,130,23.620612071110653,32.537017822265625
concrete_strength,6,131,23.218505786015438,34.969181060791016
concrete_strength,6,132,23.163020794208233,35.65058135986328
concrete_strength,6,133,20.848719340104324,33.73107147216797
concrete_strength,6,134,22.07411890763503,39.01762771606445
concrete_strength,6,135,22.469496506911057,32.83172607421875
concrete_strength,6,136,21.41111291371859,37.510807037353516
concrete_strength,6,137,21.842566160055306,31.865928649902344
concrete_strength,6,138,25.459915784689095,35.03706741333008
concrete_strength,6,139,25.119430395273064,37.8866081237793
concrete_strength,6,140,20.59465030523447,33.543373107910156
concrete_strength,6,141,21.293433922987717,38.82938003540039
concrete_strength,6,142,21.434282046097977,32.237213134765625
concrete_strength,6,143,23.116329706632175,39.369056701660156
concrete_strength,6,144,23.70469617843628,36.34742736816406
concrete_strength,6,145,21.143424694354717,32.18189239501953
concrete_strength,6,146,23.23336487550002,36.49531936645508
concrete_strength,6,147,20.640900245079628,33.25558853149414
concrete_strength,6,148,20.530055119441105,31.77181625366211
concrete_strength,6,149,22.545651509211613,31.579490661621094
concrete_strength,6,150,21.712425048534687,30.551959991455078
concrete_strength,6,151,21.943565368652344,37.00387191772461
concrete_strength,6,152,22.91601716555082,33.271827697753906
concrete_strength,6,153,22.452262474940373,35.15492248535156
concrete_strength,6,154,22.092386429126446,33.26789855957031
concrete_strength,6,155,21.317459986760067,30.1076602935791
concrete_strength,6,156,20.662031586353596,35.054115295410156
concrete_strength,6,157,21.39004219495333,32.73003387451172
concrete_strength,6,158,20.939286928910477,33.147804260253906
concrete_strength,6,159,22.333472105172966,34.10736846923828
concrete_strength,6,160,21.930224968836857,31.467975616455078
concrete_strength,6,161,20.84714688704564,32.03144454956055
concrete_strength,6,162,20.003979183160343,32.873104095458984
concrete_strength,6,163,20.434866685133713,34.41435623168945
concrete_strength,6,164,20.269192778147183,32.45071029663086
concrete_strength,6,165,21.98591037896963,39.26490783691406
concrete_strength,6,166,20.703798404106728,33.05088806152344
concrete_strength,6,167,19.47695680765005,35.14388656616211
concrete_strength,6,168,20.411155847402718,34.19491958618164
concrete_strength,6,169,20.709429557506855,31.50503921508789
concrete_strength,6,170,19.94178346487192,30.918689727783203
concrete_strength,6,171,19.898320528177116,30.59212303161621
concrete_strength,6,172,19.77427966778095,31.31181526184082
concrete_strength,6,173,20.44436533634479,33.992095947265625
concrete_strength,6,174,20.045201521653397,32.043025970458984
concrete_strength,6,175,19.48128166565528,31.232383728027344
concrete_strength,6,176,19.291717749375564,34.376312255859375
concrete_strength,6,177,21.32447466483483,32.338531494140625
concrete_strength,6,178,19.228281828073357,30.89512825012207
concrete_strength,6,179,19.86270633110633,33.528404235839844
concrete_strength,6,180,19.845167270073524,30.600444793701172
concrete_strength,6,181,18.727212227307835,31.884958267211914
concrete_strength,6,182,19.160680367396427,29.837923049926758
concrete_strength,6,183,18.798545892422016,32.822330474853516
concrete_strength,6,184,19.57153690778292,37.00254440307617
concrete_strength,6,185,21.258784514207107,29.763914108276367
concrete_strength,6,186,19.571832326742317,31.535369873046875
concrete_strength,6,187,18.81912796313946,30.22791290283203
concrete_strength,6,188,18.643908353952263,30.41115951538086
concrete_strength,6,189,19.18201068731455,32.24774932861328
concrete_strength,6,190,18.3377356162438,34.026039123535156
concrete_strength,6,191,18.876384771787205,32.07911682128906
concrete_strength,6,192,18.83521010325505,32.28929138183594
concrete_strength,6,193,19.6787156691918,30.882219314575195
concrete_strength,6,194,18.91632190117469,32.635711669921875
concrete_strength,6,195,17.899048053301296,30.87827491760254
concrete_strength,6,196,19.094474700781014,35.38421630859375
concrete_strength,6,197,19.07398115671598,29.8146915435791
concrete_strength,6,198,20.0867186326247,32.645538330078125
concrete_strength,6,199,19.865229826707107,30.958831787109375
concrete_strength,6,200,18.26555112692026,30.73044204711914
concrete_strength,6,201,18.691194974459133,35.56965255737305
concrete_strength,6,202,19.04617459957416,30.530559539794922
concrete_strength,6,203,18.036932482169224,30.92400550842285
concrete_strength,6,204,19.51709508895874,29.60190773010254
concrete_strength,6,205,19.715249941899227,32.18425369262695
concrete_strength,6,206,18.932687832758976,29.840641021728516
concrete_strength,6,207,17.406174806448128,34.351112365722656
concrete_strength,6,208,18.164597217853252,29.576438903808594
concrete_strength,6,209,17.57373463190519,30.95383644104004
concrete_strength,6,210,17.443918384038486,29.467693328857422
concrete_strength,6,211,18.45942495419429,29.621946334838867
concrete_strength,6,212,18.70114121070275,31.34332275390625
concrete_strength,6,213,18.485569403721737,30.673099517822266
concrete_strength,6,214,19.009683022132286,31.529817581176758
concrete_strength,6,215,19.28423331334041,30.825641632080078
concrete_strength,6,216,17.810911160248978,31.892704010009766
concrete_strength,6,217,18.49011047069843,37.15375900268555
concrete_strength,6,218,20.65470446073092,30.764516830444336
concrete_strength,6,219,17.8829529102032,30.630443572998047
concrete_strength,6,220,17.469555891477146,29.04292106628418
concrete_strength,6,221,17.057629369772396,29.342695236206055
concrete_strength,6,222,17.28454960309542,30.1807804107666
concrete_strength,6,223,19.79600844016442,30.824155807495117
concrete_strength,6,224,18.78341368528513,30.477832794189453
concrete_strength,6,225,18.097514079167293,32.24216842651367
concrete_strength,6,226,17.184923905592697,30.101675033569336
concrete_strength,6,227,17.700769644517166,29.244842529296875
concrete_strength,6,228,18.161261723591732,30.719440460205078
concrete_strength,6,229,18.752037305098312,31.465970993041992
concrete_strength,6,230,17.378081635786938,31.99442481994629
concrete_strength,6,231,19.096659091802742,30.022663116455078
concrete_strength,6,232,17.962518985454853,31.202373504638672
concrete_strength,6,233,19.09708255987901,29.02311134338379
concrete_strength,6,234,19.216505527496338,29.030637741088867
concrete_strength,6,235,18.748792978433464,30.297992706298828
concrete_strength,6,236,17.346411264859714,33.70500183105469
concrete_strength,6,237,16.917016762953537,30.51508140563965
concrete_strength,6,238,17.136266488295334,28.52271842956543
concrete_strength,6,239,18.302986328418438,29.401348114013672
concrete_strength,6,240,17.323502027071438,29.21366310119629
concrete_strength,6,241,17.509682985452507,29.632909774780273
concrete_strength,6,242,16.488729605307945,33.00204849243164
concrete_strength,6,243,17.211855228130634,28.97126007080078
concrete_strength,6,244,16.923545360565186,39.187103271484375
concrete_strength,6,245,18.262779565957878,29.130075454711914
concrete_strength,6,246,17.418232110830452,29.61724853515625
concrete_strength,6,247,17.543691818530743,29.189163208007812
concrete_strength,6,248,17.018319239983192,29.39149284362793
concrete_strength,6,249,17.041902762192947,29.58236312866211
concrete_strength,6,250,17.63795518875122,29.84271240234375
concrete_strength,6,251,17.894865063520577,30.69761848449707
concrete_strength,6,252,17.17155722471384,30.905986785888672
concrete_strength,6,253,16.245987305274376,29.17775535583496
concrete_strength,6,254,16.74537864098182,30.2801513671875
concrete_strength,6,255,17.507423089100765,30.175230026245117
concrete_strength,6,256,16.928761298839863,28.717695236206055
concrete_strength,6,257,17.18846576030438,28.802175521850586
concrete_strength,6,258,16.37741943506094,28.748355865478516
concrete_strength,6,259,17.315550363980808,27.695602416992188
concrete_strength,6,260,17.93620017858652,36.381370544433594
concrete_strength,6,261,16.41860110943134,30.071619033813477
concrete_strength,6,262,17.376114698556755,30.10996437072754
concrete_strength,6,263,18.498481126932,36.24917984008789
concrete_strength,6,264,16.57896164747385,29.256277084350586
concrete_strength,6,265,15.997628945570726,30.347557067871094
concrete_strength,6,266,15.919412539555477,28.215587615966797
concrete_strength,6,267,16.39039452259357,31.22194480895996
concrete_strength,6,268,16.02123048672309,29.187772750854492
concrete_strength,6,269,15.953718313804039,28.37965202331543
concrete_strength,6,270,16.15502241941599,31.09520721435547
concrete_strength,6,271,15.242593178382286,30.391334533691406
concrete_strength,6,272,15.871586322784424,29.19508171081543
concrete_strength,6,273,17.934509405722984,33.67136764526367
concrete_strength,6,274,15.44598702284006,28.0515079498291
concrete_strength,6,275,15.565115268413837,28.84579086303711
concrete_strength,6,276,15.401452467991756,33.69660568237305
concrete_strength,6,277,16.95832219490638,28.645286560058594
concrete_strength,6,278,16.321604765378513,27.94956398010254
concrete_strength,6,279,16.411207162416897,30.67993927001953
concrete_strength,6,280,17.78610449570876,29.736345291137695
concrete_strength,6,281,15.445918046511137,30.848230361938477
concrete_strength,6,282,15.86330308363988,31.019790649414062
concrete_strength,6,283,15.955262330862192,29.31674575805664
concrete_strength,6,284,16.333091332362248,28.375587463378906
concrete_strength,6,285,16.35350905931913,29.141292572021484
concrete_strength,6,286,15.912108274606558,29.265933990478516
concrete_strength,6,287,17.012900132399338,32.256072998046875
concrete_strength,6,288,17.92885846358079,28.934303283691406
concrete_strength,6,289,17.412098994621864,28.24775505065918
concrete_strength,6,290,15.923152364217318,28.66203498840332
concrete_strength,6,291,15.558807996603159,30.084962844848633
concrete_strength,6,292,16.522852640885574,30.389009475708008
concrete_strength,6,293,16.006141442518967,28.642276763916016
concrete_strength,6,294,16.681712847489578,31.707820892333984
concrete_strength,6,295,15.411861896514893,27.70638656616211
concrete_strength,6,296,16.24440752542936,28.49057388305664
concrete_strength,6,297,17.103157190176155,31.779640197753906
concrete_strength,6,298,17.828942885765663,29.082502365112305
concrete_strength,6,299,15.45761590737563,29.32991600036621
concrete_strength,6,300,14.978719271146334,29.676706314086914
concrete_strength,6,301,16.813345945798435,32.66781997680664
concrete_strength,6,302,16.23282667306753,28.970048904418945
concrete_strength,6,303,17.897142245219303,31.277158737182617
concrete_strength,6,304,16.988337718523464,29.320484161376953
concrete_strength,6,305,14.974089585817778,29.193300247192383
concrete_strength,6,306,14.80853740985577,27.774757385253906
concrete_strength,6,307,15.065833458533653,27.504146575927734
concrete_strength,6,308,15.576952677506666,26.921688079833984
concrete_strength,6,309,16.19387226838332,30.045392990112305
concrete_strength,6,310,15.596272835364708,28.189823150634766
concrete_strength,6,311,16.436578530531662,30.754554748535156
concrete_strength,6,312,15.525393320963932,29.563838958740234
concrete_strength,6,313,14.85560833490812,27.4980411529541
concrete_strength,6,314,15.451893916496864,28.875112533569336
concrete_strength,6,315,16.55852583738474,34.603973388671875
concrete_strength,6,316,19.01302983210637,31.175710678100586
concrete_strength,6,317,20.92122044930091,29.955795288085938
concrete_strength,6,318,17.289152952340935,29.74809455871582
concrete_strength,6,319,15.053485998740562,28.186878204345703
concrete_strength,6,320,14.919187655815712,27.779335021972656
concrete_strength,6,321,14.834126729231615,29.192604064941406
concrete_strength,6,322,14.842770228019127,32.046043395996094
concrete_strength,6,323,15.388219943413368,30.549423217773438
concrete_strength,6,324,18.183014392852783,37.60887908935547
concrete_strength,6,325,16.16621710703923,34.380859375
concrete_strength,6,326,15.525622367858887,29.10541534423828
concrete_strength,6,327,15.431701770195595,30.042036056518555
concrete_strength,6,328,14.360686228825497,29.54998779296875
concrete_strength,6,329,15.149477110459255,30.025449752807617
concrete_strength,6,330,15.676871153024527,28.596073150634766
concrete_strength,6,331,16.842576540433445,28.057004928588867
concrete_strength,6,332,14.869344821343056,27.161739349365234
concrete_strength,6,333,15.296695984326876,29.34775733947754
concrete_strength,6,334,15.02589777799753,29.04190444946289
concrete_strength,6,335,14.123131371461428,27.197959899902344
concrete_strength,6,336,14.28238793519827,29.7094783782959
concrete_strength,6,337,15.03731397482065,28.11994171142578
concrete_strength,6,338,14.837920739100529,30.325237274169922
concrete_strength,6,339,15.765554923277636,29.506860733032227
concrete_strength,6,340,16.95505591539236,30.34359359741211
concrete_strength,6,341,15.66160484460684,29.115890502929688
concrete_strength,6,342,15.984014401069054,29.110322952270508
concrete_strength,6,343,15.211153800670917,28.964527130126953
concrete_strength,6,344,14.35443694774921,27.279865264892578
concrete_strength,6,345,18.046498958881084,32.60763931274414
concrete_strength,6,346,15.179757650081928,28.473356246948242
concrete_strength,6,347,14.737065425285927,26.47108268737793
concrete_strength,6,348,15.226485582498404,28.19948387145996
concrete_strength,6,349,14.519089625431942,27.970294952392578
concrete_strength,6,350,14.197338856183565,28.70281410217285
concrete_strength,6,351,14.476526948121878,27.391576766967773
concrete_strength,6,352,14.348678698906532,26.425203323364258
concrete_strength,6,353,14.935222919170673,27.05382537841797
concrete_strength,6,354,15.609517280872051,26.973169326782227
concrete_strength,6,355,18.152587817265438,31.577163696289062
concrete_strength,6,356,16.041758720691387,28.11882972717285
concrete_strength,6,357,14.202576252130362,30.557296752929688
concrete_strength,6,358,14.34559516264842,26.412334442138672
concrete_strength,6,359,14.001797822805552,28.229948043823242
concrete_strength,6,360,14.587178597083458,27.693695068359375
concrete_strength,6,361,13.991732138853807,27.997577667236328
concrete_strength,6,362,14.17733124586252,26.864381790161133
concrete_strength,6,363,14.03271691615765,26.212862014770508
concrete_strength,6,364,16.61533344708956,26.50848960876465
concrete_strength,6,365,17.158786626962517,28.45917320251465
concrete_strength,6,366,16.008983777119564,27.78144645690918
concrete_strength,6,367,14.200279199160063,29.32746124267578
concrete_strength,6,368,15.638332146864672,31.12461280822754
concrete_strength,6,369,14.539680921114408,28.045780181884766
concrete_strength,6,370,14.362636657861563,26.84164810180664
concrete_strength,6,371,14.902887197641226,28.853824615478516
concrete_strength,6,372,14.401807198157677,27.656906127929688
concrete_strength,6,373,13.828941235175499,27.07735824584961
concrete_strength,6,374,14.03037980886606,27.380664825439453
concrete_strength,6,375,14.039082765579224,26.386383056640625
concrete_strength,6,376,13.873669587648832,28.237436294555664
concrete_strength,6,377,13.366801665379452,29.0251522064209
concrete_strength,6,378,13.985478914701021,28.479520797729492
concrete_strength,6,379,14.792194513174204,26.645328521728516
concrete_strength,6,380,14.581808750446026,30.518646240234375
concrete_strength,6,381,16.723979308054997,27.245878219604492
concrete_strength,6,382,14.430517710172213,27.968448638916016
concrete_strength,6,383,13.725498016063984,28.247264862060547
concrete_strength,6,384,13.858465103002695,28.01038932800293
concrete_strength,6,385,14.369560956954956,25.95333480834961
concrete_strength,6,386,13.742672718488253,28.353681564331055
concrete_strength,6,387,15.095472042377178,26.659746170043945
concrete_strength,6,388,15.828917998533983,28.307546615600586
concrete_strength,6,389,14.262107959160438,28.31884002685547
concrete_strength,6,390,13.55560618180495,30.02305793762207
concrete_strength,6,391,14.070283761391273,27.16565704345703
concrete_strength,6,392,13.618719100952148,27.359968185424805
concrete_strength,6,393,13.65633172255296,27.142179489135742
concrete_strength,6,394,13.246715307235718,26.459259033203125
concrete_strength,6,395,13.606451438023495,27.5180606842041
concrete_strength,6,396,13.151858403132511,27.089323043823242
concrete_strength,6,397,13.08434117757357,26.163148880004883
concrete_strength,6,398,13.547219679905819,31.448501586914062
concrete_strength,6,399,13.7593323634221,25.962705612182617
concrete_strength,6,400,14.02704539665809,26.941131591796875
concrete_strength,6,401,15.01123332977295,33.39742660522461
concrete_strength,6,402,15.77181995832003,26.92696189880371
concrete_strength,6,403,13.931623715620775,30.164295196533203
concrete_strength,6,404,13.675032725700966,27.144697189331055
concrete_strength,6,405,13.585946083068848,26.195594787597656
concrete_strength,6,406,14.348440353686993,27.45116424560547
concrete_strength,6,407,13.928042815281795,27.709144592285156
concrete_strength,6,408,13.129427121235775,25.669307708740234
concrete_strength,6,409,13.296173114043016,26.342836380004883
concrete_strength,6,410,13.11311072569627,28.430309295654297
concrete_strength,6,411,13.666942706474892,27.868024826049805
concrete_strength,6,412,12.995396650754488,28.029003143310547
concrete_strength,6,413,13.081091312261728,26.404953002929688
concrete_strength,6,414,13.424286163770235,28.271076202392578
concrete_strength,6,415,13.478766276286198,27.299928665161133
concrete_strength,6,416,13.513067135444054,26.78841781616211
concrete_strength,6,417,12.952763429054848,26.40520477294922
concrete_strength,6,418,12.65577594592021,25.916414260864258
concrete_strength,6,419,13.218455204596886,27.19156837463379
concrete_strength,6,420,13.941960829954882,26.209197998046875
concrete_strength,6,421,13.875785497518686,29.52984046936035
concrete_strength,6,422,14.280476735188412,24.631141662597656
concrete_strength,6,423,13.62015907581036,26.77973175048828
concrete_strength,6,424,13.32533049583435,25.332414627075195
concrete_strength,6,425,13.397915803469145,25.181291580200195
concrete_strength,6,426,13.357932475896982,26.79198455810547
concrete_strength,6,427,13.210984706878662,28.10371971130371
concrete_strength,6,428,13.210316896438599,27.849411010742188
concrete_strength,6,429,12.5936662875689,26.80727195739746
concrete_strength,6,430,12.942576445066011,25.541095733642578
concrete_strength,6,431,13.82600421171922,31.44432830810547
concrete_strength,6,432,15.09067544570336,28.393335342407227
concrete_strength,6,433,14.769042290174044,25.591169357299805
concrete_strength,6,434,13.043577120854305,26.685165405273438
concrete_strength,6,435,12.839212995309095,27.308578491210938
concrete_strength,6,436,13.964455072696392,25.940134048461914
concrete_strength,6,437,14.094625839820274,27.68474006652832
concrete_strength,6,438,12.901458703554594,26.91520118713379
concrete_strength,6,439,12.949297290581923,26.996780395507812
concrete_strength,6,440,12.520240435233482,26.622526168823242
concrete_strength,6,441,12.75878854898306,25.734975814819336
concrete_strength,6,442,13.692828343464779,27.008874893188477
concrete_strength,6,443,13.401519078474779,25.8564395904541
concrete_strength,6,444,12.929866625712467,25.595319747924805
concrete_strength,6,445,14.39637352870061,27.99549674987793
concrete_strength,6,446,15.482749388768124,25.555578231811523
concrete_strength,6,447,13.41450179540194,25.94223403930664
concrete_strength,6,448,12.76510291833144,26.751127243041992
concrete_strength,6,449,13.214707924769474,25.7803897857666
concrete_strength,6,450,13.017849977199848,26.784719467163086
concrete_strength,6,451,13.070076832404503,27.137102127075195
concrete_strength,6,452,13.054357583706196,25.450374603271484
concrete_strength,6,453,12.444748309942392,26.97383689880371
concrete_strength,6,454,13.929616964780367,25.760210037231445
concrete_strength,6,455,13.208965319853563,26.28997039794922
concrete_strength,6,456,12.989199308248667,26.842864990234375
concrete_strength,6,457,12.437749954370352,26.699504852294922
concrete_strength,6,458,13.27718186378479,24.930803298950195
concrete_strength,6,459,14.129274478325478,27.425800323486328
concrete_strength,6,460,13.6572991334475,28.21240997314453
concrete_strength,6,461,12.317579746246338,25.62681770324707
concrete_strength,6,462,13.2397979589609,26.093969345092773
concrete_strength,6,463,14.814178925294142,30.92473602294922
concrete_strength,6,464,15.47142582673293,26.368324279785156
concrete_strength,6,465,12.615225315093994,31.754915237426758
concrete_strength,6,466,12.668397793403038,25.784746170043945
concrete_strength,6,467,12.984325280556313,24.802608489990234
concrete_strength,6,468,15.23005226942209,26.559213638305664
concrete_strength,6,469,12.902526525350718,27.505617141723633
concrete_strength,6,470,12.447651716379019,27.295833587646484
concrete_strength,6,471,13.438467282515306,24.857715606689453
concrete_strength,6,472,12.885138163199791,29.249441146850586
concrete_strength,6,473,12.311270943054787,25.625709533691406
concrete_strength,6,474,13.074657678604126,26.21401023864746
concrete_strength,6,475,13.782348339374249,24.864864349365234
concrete_strength,6,476,13.803889953173124,29.7758846282959
concrete_strength,6,477,12.705589844630314,24.7902774810791
concrete_strength,6,478,12.131411818357615,24.754085540771484
concrete_strength,6,479,12.665554688527035,25.48575782775879
concrete_strength,6,480,12.760404586791992,26.981199264526367
concrete_strength,6,481,13.286611171869131,27.531455993652344
concrete_strength,6,482,13.55699271422166,27.21940803527832
concrete_strength,6,483,13.03409585585961,25.0123233795166
concrete_strength,6,484,12.150058929736797,25.94965171813965
concrete_strength,6,485,12.256926151422354,27.013221740722656
concrete_strength,6,486,12.873607250360342,24.948720932006836
concrete_strength,6,487,13.359678891988901,26.095163345336914
concrete_strength,6,488,12.051102335636433,26.428190231323242
concrete_strength,6,489,11.672327619332533,24.67190933227539
concrete_strength,6,490,12.087992356373714,24.748794555664062
concrete_strength,6,491,12.521032204994789,27.4989070892334
concrete_strength,6,492,12.6326553271367,25.59787940979004
concrete_strength,6,493,13.074616468869722,24.7828369140625
concrete_strength,6,494,13.41025396493765,25.14967155456543
concrete_strength,6,495,12.139185795417198,25.552461624145508
concrete_strength,6,496,12.545573326257559,24.868253707885742
concrete_strength,6,497,12.022849248005794,26.302621841430664
concrete_strength,6,498,13.026901006698608,24.695899963378906
concrete_strength,6,499,12.438462550823505,28.216094970703125
concrete_strength,6,500,12.03232084787809,26.839017868041992
concrete_strength,6,501,11.814172001985403,27.430261611938477
concrete_strength,6,502,12.803123309062077,25.34305763244629
concrete_strength,6,503,14.580519877947294,24.98344612121582
concrete_strength,6,504,16.03555517930251,28.108983993530273
concrete_strength,6,505,12.405456121151264,25.128381729125977
concrete_strength,6,506,11.590556704081022,24.95990753173828
concrete_strength,6,507,12.716517485105074,25.239797592163086
concrete_strength,6,508,12.556217872179472,25.930347442626953
concrete_strength,6,509,11.797537326812744,26.652503967285156
concrete_strength,6,510,11.399347124191431,25.160228729248047
concrete_strength,6,511,12.227732071509728,24.90760040283203
concrete_strength,6,512,12.48627519607544,27.952653884887695
concrete_strength,6,513,14.25035834312439,26.709970474243164
concrete_strength,6,514,13.464123670871441,25.39095687866211
concrete_strength,6,515,12.69356448833759,25.375524520874023
concrete_strength,6,516,11.57871468250568,25.600515365600586
concrete_strength,6,517,11.657457833106701,25.87618064880371
concrete_strength,6,518,11.518967243341299,25.949695587158203
concrete_strength,6,519,12.303074506612925,25.20793342590332
concrete_strength,6,520,12.501199593910805,28.382104873657227
concrete_strength,6,521,12.394165332500751,24.347637176513672
concrete_strength,6,522,13.64999822469858,37.696311950683594
concrete_strength,6,523,16.33151540389428,25.83100128173828
concrete_strength,6,524,13.288212629464956,25.657066345214844
concrete_strength,6,525,11.443723146732037,25.86471176147461
concrete_strength,6,526,11.852818654133724,24.753337860107422
concrete_strength,6,527,11.567303822590755,25.010501861572266
concrete_strength,6,528,12.115815034279457,26.21224594116211
concrete_strength,6,529,12.942586953823383,26.670806884765625
concrete_strength,6,530,11.868328699698814,26.660207748413086
concrete_strength,6,531,11.806054335374098,25.87236976623535
concrete_strength,6,532,12.01246663240286,24.982481002807617
concrete_strength,6,533,12.088891176077036,26.740909576416016
concrete_strength,6,534,11.699699016717764,24.929574966430664
concrete_strength,6,535,11.135299279139591,25.092863082885742
concrete_strength,6,536,11.607291313318106,25.642620086669922
concrete_strength,6,537,12.69032830458421,31.02760124206543
concrete_strength,6,538,12.535956786229061,24.964515686035156
concrete_strength,6,539,11.167921029604399,29.009489059448242
concrete_strength,6,540,12.572234813983624,25.167394638061523
concrete_strength,6,541,12.0557206594027,25.597139358520508
concrete_strength,6,542,12.965895616091215,25.605388641357422
concrete_strength,6,543,12.362472680898813,25.481998443603516
concrete_strength,6,544,11.248018915836628,25.60198211669922
concrete_strength,6,545,12.46701638515179,25.555707931518555
concrete_strength,6,546,11.408051344064566,26.600149154663086
concrete_strength,6,547,11.847305261171782,24.55316925048828
concrete_strength,6,548,12.544823939983662,26.651512145996094
concrete_strength,6,549,11.60125182225154,29.240089416503906
concrete_strength,6,550,11.767876661740816,24.022674560546875
concrete_strength,6,551,12.369388396923359,27.72991180419922
concrete_strength,6,552,11.809840789208046,25.7047119140625
concrete_strength,6,553,11.470914987417368,25.37291717529297
concrete_strength,6,554,12.01407762674185,26.682504653930664
concrete_strength,6,555,11.458408470337208,26.050796508789062
concrete_strength,6,556,11.142291440413548,26.34886360168457
concrete_strength,6,557,11.92241333081172,24.750295639038086
concrete_strength,6,558,11.91747582417268,25.86204719543457
concrete_strength,6,559,11.136539550927969,25.606901168823242
concrete_strength,6,560,11.29762968650231,26.020944595336914
concrete_strength,6,561,12.281739234924316,25.79524803161621
concrete_strength,6,562,11.031857719788185,24.847103118896484
concrete_strength,6,563,10.773649610005892,28.387338638305664
concrete_strength,6,564,11.752313008675209,24.347578048706055
concrete_strength,6,565,11.276873148404635,25.74683952331543
concrete_strength,6,566,12.289168156110323,24.212297439575195
concrete_strength,6,567,11.49675884613624,25.300098419189453
concrete_strength,6,568,11.45219766176664,25.651893615722656
concrete_strength,6,569,13.459478378295898,27.65993309020996
concrete_strength,6,570,11.982590216856737,24.500965118408203
concrete_strength,6,571,11.739174934533926,25.06594467163086
concrete_strength,6,572,14.41648738200848,24.428037643432617
concrete_strength,6,573,13.13475775718689,25.722755432128906
concrete_strength,6,574,11.723835211533766,26.938705444335938
concrete_strength,6,575,10.871632264210628,24.89713478088379
concrete_strength,6,576,10.940630747721745,24.80522918701172
concrete_strength,6,577,11.425755739212036,24.40240478515625
concrete_strength,6,578,11.29936933517456,25.74871253967285
concrete_strength,6,579,11.127892824319693,25.1278076171875
concrete_strength,6,580,12.082347117937529,23.98603630065918
concrete_strength,6,581,11.767477402320274,28.317764282226562
concrete_strength,6,582,11.234877256246714,25.709747314453125
concrete_strength,6,583,11.382458613469051,24.44572639465332
concrete_strength,6,584,11.418177072818462,26.802030563354492
concrete_strength,6,585,11.113486326657808,24.254287719726562
concrete_strength,6,586,11.669061917525072,25.016178131103516
concrete_strength,6,587,14.325778997861422,24.928462982177734
concrete_strength,6,588,13.16567378777724,25.661300659179688
concrete_strength,6,589,11.025717166753916,25.450904846191406
concrete_strength,6,590,11.200128610317524,24.027469635009766
concrete_strength,6,591,11.56655898460975,24.64027976989746
concrete_strength,6,592,13.264108180999756,28.246278762817383
concrete_strength,6,593,12.267989892226,24.524566650390625
concrete_strength,6,594,12.480605180446918,26.88616180419922
concrete_strength,6,595,11.722597910807682,25.93647003173828
concrete_strength,6,596,12.096832110331608,24.81938934326172
concrete_strength,6,597,12.899707299012404,26.26506233215332
concrete_strength,6,598,12.10146716924814,26.0278263092041
concrete_strength,6,599,11.249301580282358,25.27126121520996
concrete_strength,6,600,11.562822268559383,24.201377868652344
concrete_strength,6,601,11.315664190512438,25.43742561340332
concrete_strength,6,602,11.067573455663828,24.536577224731445
concrete_strength,6,603,10.967340597739586,25.438600540161133
concrete_strength,6,604,11.171610868894136,24.49074935913086
concrete_strength,6,605,10.988934168448814,24.34564208984375
concrete_strength,6,606,10.865635486749502,23.750471115112305
concrete_strength,6,607,11.194304686326246,26.108888626098633
concrete_strength,6,608,10.88126408136808,25.39234161376953
concrete_strength,6,609,10.650589080957266,24.559946060180664
concrete_strength,6,610,10.829692400418795,26.51229476928711
concrete_strength,6,611,10.500158300766579,26.500743865966797
concrete_strength,6,612,10.928018900064322,24.647573471069336
concrete_strength,6,613,11.956269154181847,31.095478057861328
concrete_strength,6,614,12.061551240774302,25.6146240234375
concrete_strength,6,615,10.485216649679037,25.546113967895508
concrete_strength,6,616,11.938398452905508,25.430234909057617
concrete_strength,6,617,13.253857851028442,30.476865768432617
concrete_strength,6,618,14.104504200128408,27.000755310058594
concrete_strength,6,619,10.81945115327835,25.067970275878906
concrete_strength,6,620,10.89167803984422,25.324159622192383
concrete_strength,6,621,10.634263387093178,25.4834041595459
concrete_strength,6,622,11.776053703748262,26.28665542602539
concrete_strength,6,623,14.07502214725201,32.16933822631836
concrete_strength,6,624,13.213540425667397,23.820980072021484
concrete_strength,6,625,10.758614324606382,25.142578125
concrete_strength,6,626,10.529674612558805,32.10036087036133
concrete_strength,6,627,11.194445765935457,24.26172637939453
concrete_strength,6,628,10.475422308995174,27.059972763061523
concrete_strength,6,629,10.845210863993717,26.343517303466797
concrete_strength,6,630,10.603229247606718,25.287857055664062
concrete_strength,6,631,11.06305663402264,25.848899841308594
concrete_strength,6,632,11.050003143457266,24.32135772705078
concrete_strength,6,633,11.801602381926317,27.641033172607422
concrete_strength,6,634,12.237337534244244,25.71259117126465
concrete_strength,6,635,12.60185925777142,25.97947120666504
concrete_strength,6,636,10.490369209876427,25.145790100097656
concrete_strength,6,637,10.667784397418682,24.712900161743164
concrete_strength,6,638,11.52321824660668,27.042951583862305
concrete_strength,6,639,10.655942880190336,26.180334091186523
concrete_strength,6,640,12.43985702441289,26.101417541503906
concrete_strength,6,641,13.804194395358746,25.002084732055664
concrete_strength,6,642,10.695370279825651,27.459346771240234
concrete_strength,6,643,10.620692234772902,26.21919059753418
concrete_strength,6,644,12.894558411378126,27.234045028686523
concrete_strength,6,645,10.779574430905855,25.346132278442383
concrete_strength,6,646,10.684868464103111,24.68401336669922
concrete_strength,6,647,10.918840866822462,26.964065551757812
concrete_strength,6,648,10.450239438277025,24.2967529296875
concrete_strength,6,649,11.380830379632803,25.754945755004883
concrete_strength,6,650,10.744887407009418,26.41705322265625
concrete_strength,6,651,10.63440176156851,26.70846939086914
concrete_strength,6,652,10.777395743590136,24.392791748046875
concrete_strength,6,653,10.693183137820316,26.33054542541504
concrete_strength,6,654,11.077262584979717,25.71357536315918
concrete_strength,6,655,10.83666260425861,26.22544288635254
concrete_strength,6,656,11.70511849109943,25.962146759033203
concrete_strength,6,657,10.834840279359083,25.644805908203125
concrete_strength,6,658,10.81248584160438,24.628185272216797
concrete_strength,6,659,10.96273688169626,25.878450393676758
concrete_strength,6,660,10.61576197697566,25.119096755981445
concrete_strength,6,661,10.71714212344243,28.180503845214844
concrete_strength,6,662,12.009164241644052,25.791858673095703
concrete_strength,6,663,11.743718890043406,27.936725616455078
concrete_strength,6,664,10.753788562921377,27.447858810424805
concrete_strength,6,665,11.237150022616753,29.09688377380371
concrete_strength,6,666,10.834570059409508,24.129894256591797
concrete_strength,6,667,10.465179369999813,25.735973358154297
concrete_strength,6,668,10.742947101593018,26.415170669555664
concrete_strength,6,669,13.1203723687392,31.383516311645508
concrete_strength,6,670,12.998370262292715,24.40280532836914
concrete_strength,6,671,11.062828724200909,25.621788024902344
concrete_strength,6,672,10.639580708283644,25.201560974121094
concrete_strength,6,673,10.229958149103018,25.275074005126953
concrete_strength,6,674,10.278598381922794,25.314516067504883
concrete_strength,6,675,10.435565091096437,25.28835105895996
concrete_strength,6,676,11.4748320212731,27.777681350708008
concrete_strength,6,677,10.846869211930494,26.955049514770508
concrete_strength,6,678,10.320731245554411,26.143522262573242
concrete_strength,6,679,11.030733823776245,23.531829833984375
concrete_strength,6,680,10.99531432069265,26.035316467285156
concrete_strength,6,681,10.542269193209135,25.177282333374023
concrete_strength,6,682,11.005800485610962,24.930953979492188
concrete_strength,6,683,11.154842853546143,27.754261016845703
concrete_strength,6,684,11.289288245714628,24.99796485900879
concrete_strength,6,685,10.172841218801645,25.452186584472656
concrete_strength,6,686,10.94980131662809,31.14363670349121
concrete_strength,6,687,10.962799136455242,24.73281478881836
concrete_strength,6,688,10.87837318273691,24.563966751098633
concrete_strength,6,689,10.741280775803785,24.811941146850586
concrete_strength,6,690,11.705859734461857,26.666404724121094
concrete_strength,6,691,10.9313805103302,24.718637466430664
concrete_strength,6,692,11.369230233705961,26.775577545166016
concrete_strength,6,693,11.128412796900822,25.86454963684082
concrete_strength,6,694,11.096602293161245,25.19789695739746
concrete_strength,6,695,10.948699657733624,26.43434715270996
concrete_strength,6,696,10.953223155095028,25.952821731567383
concrete_strength,6,697,10.00011254273928,26.398462295532227
concrete_strength,6,698,10.236635584097643,25.735549926757812
concrete_strength,6,699,10.656133798452524,25.2529354095459
concrete_strength,6,700,11.319452395805946,24.292686462402344
concrete_strength,6,701,11.05309244302603,25.534252166748047
concrete_strength,6,702,10.515195424740131,25.61811065673828
concrete_strength,6,703,10.87924106304462,24.866945266723633
concrete_strength,6,704,11.304536791948172,27.899532318115234
concrete_strength,6,705,10.34528091779122,25.705841064453125
concrete_strength,6,706,10.265808582305908,26.61505889892578
concrete_strength,6,707,10.4353593312777,25.243730545043945
concrete_strength,6,708,10.636813200437105,24.062639236450195
concrete_strength,6,709,10.841484491641705,24.711915969848633
concrete_strength,6,710,10.8949085015517,24.717859268188477
concrete_strength,6,711,10.150127594287579,24.80885124206543
concrete_strength,6,712,10.21591250713055,25.671146392822266
concrete_strength,6,713,10.420853229669424,25.08999252319336
concrete_strength,6,714,10.951849772379948,24.53219985961914
concrete_strength,6,715,10.997716573568491,26.323360443115234
concrete_strength,6,716,11.228328796533438,24.425676345825195
concrete_strength,6,717,10.867553600898155,24.53636932373047
concrete_strength,6,718,10.1356151837569,25.107013702392578
concrete_strength,6,719,10.379494501994206,26.01988983154297
concrete_strength,6,720,10.254991262004925,27.478046417236328
concrete_strength,6,721,10.080987765238834,25.367279052734375
concrete_strength,6,722,9.915394297012917,27.517780303955078
concrete_strength,6,723,10.362488526564379,26.38514518737793
concrete_strength,6,724,10.156248496128963,25.381187438964844
concrete_strength,6,725,10.371540784835815,27.263492584228516
concrete_strength,6,726,10.799803843865028,25.18054962158203
concrete_strength,6,727,10.138895809650421,28.09380531311035
concrete_strength,6,728,10.214514503112206,26.5722713470459
concrete_strength,6,729,11.759442237707285,28.065885543823242
concrete_strength,6,730,11.899689582677988,26.77657127380371
concrete_strength,6,731,10.431774377822876,26.23007583618164
concrete_strength,6,732,10.046227473479052,23.544984817504883
concrete_strength,6,733,10.156360241082998,24.424280166625977
concrete_strength,6,734,9.746661977126049,25.610637664794922
concrete_strength,6,735,10.659906882506151,25.780847549438477
concrete_strength,6,736,10.383013798640324,25.19706153869629
concrete_strength,6,737,11.195055484771729,27.462800979614258
concrete_strength,6,738,10.579638517819918,24.72119903564453
concrete_strength,6,739,10.166123225138737,27.6904239654541
concrete_strength,6,740,10.050613036522499,26.417585372924805
concrete_strength,6,741,10.405270136319674,25.605913162231445
concrete_strength,6,742,10.289212428606474,24.306798934936523
concrete_strength,6,743,11.157525337659395,25.755434036254883
concrete_strength,6,744,10.117054109389965,24.209253311157227
concrete_strength,6,745,9.666774107859684,27.361858367919922
concrete_strength,6,746,10.262967513157772,24.690082550048828
concrete_strength,6,747,10.533065979297344,26.45644187927246
concrete_strength,6,748,11.297621942483461,24.271785736083984
concrete_strength,6,749,9.71499989582942,24.776901245117188
concrete_strength,6,750,9.745820311399607,25.520416259765625
concrete_strength,6,751,9.74117688032297,25.35518455505371
concrete_strength,6,752,10.63669987825247,30.7573184967041
concrete_strength,6,753,12.441752433776855,26.874929428100586
concrete_strength,6,754,10.5554463496575,24.89501190185547
concrete_strength,6,755,10.234506038519052,27.184688568115234
concrete_strength,6,756,9.87402760065519,25.521020889282227
concrete_strength,6,757,9.650380097902739,25.114397048950195
concrete_strength,6,758,10.470423753444965,25.004547119140625
concrete_strength,6,759,9.769983034867506,25.860769271850586
concrete_strength,6,760,9.651770408336933,28.702083587646484
concrete_strength,6,761,10.280384137080265,25.389619827270508
concrete_strength,6,762,10.267873525619507,24.683320999145508
concrete_strength,6,763,10.444546919602613,26.47214698791504
concrete_strength,6,764,10.382701011804434,26.870534896850586
concrete_strength,6,765,10.396722683539757,25.791030883789062
concrete_strength,6,766,10.813252779153677,26.739131927490234
concrete_strength,6,767,10.326218311603252,25.52714729309082
concrete_strength,6,768,10.24712665264423,30.351276397705078
concrete_strength,6,769,10.509705598537739,28.22640609741211
concrete_strength,6,770,9.879914008654081,24.837064743041992
concrete_strength,6,771,10.238050094017616,25.145559310913086
concrete_strength,6,772,9.687415113815895,30.95661735534668
concrete_strength,6,773,11.430229590489315,25.336061477661133
concrete_strength,6,774,10.439564833274254,25.040544509887695
concrete_strength,6,775,11.450997260900644,25.582677841186523
concrete_strength,6,776,9.68647414445877,27.489221572875977
concrete_strength,6,777,10.52103645984943,25.86941909790039
concrete_strength,6,778,11.060465354185839,28.30344581604004
concrete_strength,6,779,11.209503944103535,27.27520179748535
concrete_strength,6,780,11.02610364327064,24.890178680419922
concrete_strength,6,781,10.265349085514362,25.672866821289062
concrete_strength,6,782,9.553940896804516,25.857545852661133
concrete_strength,6,783,10.16234539105342,33.36412048339844
concrete_strength,6,784,12.644612495715801,25.383708953857422
concrete_strength,6,785,10.587876521624052,24.224395751953125
concrete_strength,6,786,9.678353025363041,26.075828552246094
concrete_strength,6,787,9.567827022992647,25.963336944580078
concrete_strength,6,788,9.791431353642391,26.091938018798828
concrete_strength,6,789,9.572722265353569,25.16948127746582
concrete_strength,6,790,9.958693256744972,24.68988609313965
concrete_strength,6,791,9.888511474315937,30.296127319335938
concrete_strength,6,792,10.140337155415462,25.3944091796875
concrete_strength,6,793,10.477545738220215,25.66846466064453
concrete_strength,6,794,10.929954510468702,27.17022705078125
concrete_strength,6,795,10.313247442245483,27.15569305419922
concrete_strength,6,796,10.325294751387377,25.338607788085938
concrete_strength,6,797,10.23784092756418,25.007978439331055
concrete_strength,6,798,9.826672554016113,26.77818489074707
concrete_strength,6,799,9.93821498980889,27.337732315063477
concrete_strength,6,800,10.360092759132385,29.548173904418945
concrete_strength,6,801,9.777230583704435,26.375904083251953
concrete_strength,6,802,10.189208544217623,27.97332763671875
concrete_strength,6,803,12.92454824080834,25.10224723815918
concrete_strength,6,804,11.296055376529694,26.39971923828125
concrete_strength,6,805,9.677140602698692,26.005512237548828
concrete_strength,6,806,9.860130163339468,25.01519775390625
concrete_strength,6,807,10.728517834956829,25.33900260925293
concrete_strength,6,808,11.503734753682064,27.20142364501953
concrete_strength,6,809,9.878100156784058,25.14423179626465
concrete_strength,6,810,11.433035575426542,31.10575294494629
concrete_strength,6,811,10.450409719577202,25.884449005126953
concrete_strength,6,812,10.120305299758911,28.611906051635742
concrete_strength,6,813,9.28433692913789,24.491975784301758
concrete_strength,6,814,9.681123192493732,24.50267791748047
concrete_strength,6,815,9.471321949592003,24.988279342651367
concrete_strength,6,816,9.75160890359145,26.264402389526367
concrete_strength,6,817,9.827782575900738,24.579524993896484
concrete_strength,6,818,9.47792907861563,26.754711151123047
concrete_strength,6,819,9.834808918145987,25.89472007751465
concrete_strength,6,820,10.15519800552955,24.341875076293945
concrete_strength,6,821,9.670458701940683,25.861656188964844
concrete_strength,6,822,10.204810766073374,25.728837966918945
concrete_strength,6,823,10.08559458072369,26.344928741455078
concrete_strength,6,824,9.749457285954403,27.30026626586914
concrete_strength,6,825,9.588464076702412,24.460296630859375
concrete_strength,6,826,11.019432838146503,25.55926513671875
concrete_strength,6,827,10.561419872137217,28.38439178466797
concrete_strength,6,828,9.939906120300293,25.49808120727539
concrete_strength,6,829,10.563390530072725,25.71224594116211
concrete_strength,6,830,10.499926255299496,27.845746994018555
concrete_strength,6,831,10.86341901925894,27.263456344604492
concrete_strength,6,832,9.929776246731098,25.87347412109375
concrete_strength,6,833,9.900654856975262,29.435331344604492
concrete_strength,6,834,10.063811668982872,28.08955955505371
concrete_strength,6,835,10.595667362213135,25.526090621948242
concrete_strength,6,836,10.829450552280132,26.66301727294922
concrete_strength,6,837,10.899694717847384,27.40555763244629
concrete_strength,6,838,9.53296842941871,26.30140495300293
concrete_strength,6,839,9.680699366789598,26.436779022216797
concrete_strength,6,840,9.060022019422972,25.565109252929688
concrete_strength,6,841,9.528631256176876,28.276029586791992
concrete_strength,6,842,9.918361590458797,26.95269775390625
concrete_strength,6,843,9.744158304654635,26.947965621948242
concrete_strength,6,844,9.532352961026705,28.05028533935547
concrete_strength,6,845,9.779496064552895,28.09464454650879
concrete_strength,6,846,9.859424095887404,26.360645294189453
concrete_strength,6,847,9.98802243746244,25.858280181884766
concrete_strength,6,848,9.600535108492924,30.4307861328125
concrete_strength,6,849,10.690126492426945,26.926044464111328
concrete_strength,6,850,9.070337552290697,26.842437744140625
concrete_strength,6,851,10.326459866303663,29.53948211669922
concrete_strength,6,852,10.169836007631742,25.173551559448242
concrete_strength,6,853,9.740669837364784,25.848434448242188
concrete_strength,6,854,9.783801133816059,28.26979637145996
concrete_strength,6,855,9.5904651421767,24.37559700012207
concrete_strength,6,856,10.066835128344023,24.951480865478516
concrete_strength,6,857,10.164544325608473,26.41637420654297
concrete_strength,6,858,10.584097862243652,25.213918685913086
concrete_strength,6,859,9.552827092317434,26.198596954345703
concrete_strength,6,860,10.226835067455585,26.87542724609375
concrete_strength,6,861,9.198183536529541,24.888368606567383
concrete_strength,6,862,9.429673570853014,25.277132034301758
concrete_strength,6,863,9.724628356786875,26.52763557434082
concrete_strength,6,864,10.7253960279318,27.780122756958008
concrete_strength,6,865,10.393392837964571,28.63470458984375
concrete_strength,6,866,10.563039761323195,25.057641983032227
concrete_strength,6,867,9.025702462746548,25.448179244995117
concrete_strength,6,868,9.018130728831657,26.370967864990234
concrete_strength,6,869,9.485374230604906,28.120594024658203
concrete_strength,6,870,9.562839122918936,26.19613265991211
concrete_strength,6,871,9.83675272648151,26.714275360107422
concrete_strength,6,872,9.637380618315477,25.99768829345703
concrete_strength,6,873,9.4772270826193,26.355457305908203
concrete_strength,6,874,9.120484654720013,26.393945693969727
concrete_strength,6,875,9.725251069435707,27.142288208007812
concrete_strength,6,876,10.165526976952187,27.299705505371094
concrete_strength,6,877,9.445713153252235,26.91260528564453
concrete_strength,6,878,9.34108474621406,25.604198455810547
concrete_strength,6,879,9.526968607535728,26.08820915222168
concrete_strength,6,880,9.159687803341793,25.931976318359375
concrete_strength,6,881,9.599676865797777,25.840831756591797
concrete_strength,6,882,9.216528470699604,25.94097900390625
concrete_strength,6,883,9.35257313801692,27.569372177124023
concrete_strength,6,884,9.842943824254549,25.915910720825195
concrete_strength,6,885,9.889027114097889,25.790145874023438
concrete_strength,6,886,9.3615347972283,25.679792404174805
concrete_strength,6,887,9.126455251987164,27.078187942504883
concrete_strength,6,888,9.358495748960054,26.26622200012207
concrete_strength,6,889,10.975902172235342,25.63044548034668
concrete_strength,6,890,9.786714168695303,25.403480529785156
concrete_strength,6,891,10.156492480864891,28.107263565063477
concrete_strength,6,892,10.200497654768137,25.54656982421875
concrete_strength,6,893,9.020837472035335,25.727262496948242
concrete_strength,6,894,9.005213673298176,26.99648666381836
concrete_strength,6,895,9.429910733149601,26.15309715270996
concrete_strength,6,896,9.837654645626362,25.239931106567383
concrete_strength,6,897,9.942012245838459,27.336034774780273
concrete_strength,6,898,9.627441332890438,26.211467742919922
concrete_strength,6,899,10.457601308822632,26.77741813659668
concrete_strength,6,900,9.462662330040565,27.514833450317383
concrete_strength,6,901,9.694774856934181,26.373727798461914
concrete_strength,6,902,9.049191236495972,25.908077239990234
concrete_strength,6,903,9.388817365352924,26.848737716674805
concrete_strength,6,904,9.104052268541777,26.77260971069336
concrete_strength,6,905,9.06690860253114,25.90013885498047
concrete_strength,6,906,9.212798485389122,27.186979293823242
concrete_strength,6,907,9.61892553476187,26.803815841674805
concrete_strength,6,908,10.284198137430044,24.149993896484375
concrete_strength,6,909,9.963772333585299,25.108177185058594
concrete_strength,6,910,9.650976731226994,26.381746292114258
concrete_strength,6,911,8.989371767410866,25.383708953857422
concrete_strength,6,912,8.781892244632427,26.795562744140625
concrete_strength,6,913,8.928911465864916,25.261966705322266
concrete_strength,6,914,9.412315185253437,26.967824935913086
concrete_strength,6,915,9.898607886754549,28.611019134521484
concrete_strength,6,916,9.973268472231352,28.34040641784668
concrete_strength,6,917,9.504971834329458,26.979331970214844
concrete_strength,6,918,9.96082881780771,26.890483856201172
concrete_strength,6,919,9.911658177008995,25.73029899597168
concrete_strength,6,920,9.133487600546617,25.738771438598633
concrete_strength,6,921,8.953107732992907,27.864112854003906
concrete_strength,6,922,9.497726211181053,26.386789321899414
concrete_strength,6,923,10.502176963365995,28.472257614135742
concrete_strength,6,924,9.391023149857155,26.916034698486328
concrete_strength,6,925,9.702566321079548,26.507211685180664
concrete_strength,6,926,10.213732370963463,24.720136642456055
concrete_strength,6,927,10.070695601976835,26.53244972229004
concrete_strength,6,928,9.359987625708946,26.522823333740234
concrete_strength,6,929,9.341136693954468,26.0205135345459
concrete_strength,6,930,9.797183990478516,24.30875015258789
concrete_strength,6,931,9.877465046369112,27.10980987548828
concrete_strength,6,932,9.064584291898287,25.285005569458008
concrete_strength,6,933,9.29439665721013,26.762004852294922
concrete_strength,6,934,8.654255958703848,30.920692443847656
concrete_strength,6,935,12.893148752359243,24.07390594482422
concrete_strength,6,936,10.671483296614428,24.946321487426758
concrete_strength,6,937,12.9024977684021,27.102218627929688
concrete_strength,6,938,9.309216228815226,25.539806365966797
concrete_strength,6,939,9.312735979373638,26.13228988647461
concrete_strength,6,940,8.90622734106504,24.636140823364258
concrete_strength,6,941,9.009769834004915,26.793853759765625
concrete_strength,6,942,9.15763493684622,25.09501075744629
concrete_strength,6,943,9.245036345261793,25.858484268188477
concrete_strength,6,944,8.9447420835495,26.138004302978516
concrete_strength,6,945,9.399241098990807,25.168712615966797
concrete_strength,6,946,10.28686572955205,26.794761657714844
concrete_strength,6,947,10.036978611579308,28.65715217590332
concrete_strength,6,948,10.331278085708618,24.76451301574707
concrete_strength,6,949,9.076648189471317,26.254154205322266
concrete_strength,6,950,8.905254162274874,25.734783172607422
concrete_strength,6,951,9.075352833821224,26.204526901245117
concrete_strength,6,952,8.822653660407433,26.32033920288086
concrete_strength,6,953,9.249631569935726,25.008468627929688
concrete_strength,6,954,9.932354147617634,24.869823455810547
concrete_strength,6,955,9.587610813287588,26.411008834838867
concrete_strength,6,956,8.889232011941763,26.979948043823242
concrete_strength,6,957,9.326066145530113,26.542123794555664
concrete_strength,6,958,8.933348894119263,25.793392181396484
concrete_strength,6,959,9.558828693169813,26.517410278320312
concrete_strength,6,960,8.740563410979052,25.542692184448242
concrete_strength,6,961,9.225595547602726,32.46384048461914
concrete_strength,6,962,9.43955135345459,26.11750030517578
concrete_strength,6,963,9.569557189941406,30.220178604125977
concrete_strength,6,964,10.462403810941256,27.962560653686523
concrete_strength,6,965,9.571635622244616,24.937480926513672
concrete_strength,6,966,9.338107833495506,26.697505950927734
concrete_strength,6,967,9.262340068817139,24.649696350097656
concrete_strength,6,968,9.322102876809927,27.15617561340332
concrete_strength,6,969,9.825079165972197,25.9722900390625
concrete_strength,6,970,8.878527503747206,27.741504669189453
concrete_strength,6,971,8.729360662973844,25.41380500793457
concrete_strength,6,972,8.680851248594431,27.972801208496094
concrete_strength,6,973,9.090797250087444,29.715778350830078
concrete_strength,6,974,8.969737080427317,24.82391929626465
concrete_strength,6,975,8.900420152224028,25.122770309448242
concrete_strength,6,976,9.60492258805495,26.433149337768555
concrete_strength,6,977,8.817006092805128,24.69891357421875
concrete_strength,6,978,9.645249449289762,24.144821166992188
concrete_strength,6,979,9.02876680630904,27.520347595214844
concrete_strength,6,980,10.250064969062805,25.744949340820312
concrete_strength,6,981,8.797059994477491,23.750446319580078
concrete_strength,6,982,8.716501183234728,26.47507667541504
concrete_strength,6,983,8.850195903044481,26.416563034057617
concrete_strength,6,984,11.219858802281893,27.60322380065918
concrete_strength,6,985,13.981579725558941,25.889171600341797
concrete_strength,6,986,10.047488872821514,24.851198196411133
concrete_strength,6,987,9.87656950033628,25.57978630065918
concrete_strength,6,988,9.05672546533438,26.089258193969727
concrete_strength,6,989,9.72748130101424,25.79639434814453
concrete_strength,6,990,10.141950882398165,26.565507888793945
concrete_strength,6,991,9.784401160020094,26.096145629882812
concrete_strength,6,992,9.180834109966572,25.61762237548828
concrete_strength,6,993,9.52359009706057,30.699981689453125
concrete_strength,6,994,9.122663534604586,25.55691909790039
concrete_strength,6,995,8.728121867546669,25.04134178161621
concrete_strength,6,996,9.219383982511667,26.812946319580078
concrete_strength,6,997,10.035404517100407,28.87729263305664
concrete_strength,6,998,9.345338197854849,26.028850555419922
concrete_strength,6,999,9.02373218536377,23.273374557495117
airfoil,8,0,18.999285723033704,18.609329223632812
airfoil,8,1,18.33062754179302,19.338470458984375
airfoil,8,2,18.399740846533525,19.82136344909668
airfoil,8,3,18.864080705140765,18.734243392944336
airfoil,8,4,17.975609076650517,18.950023651123047
airfoil,8,5,17.914845943450928,18.830257415771484
airfoil,8,6,18.079249984339665,18.601579666137695
airfoil,8,7,18.215157559043483,18.895259857177734
airfoil,8,8,17.623846581107692,20.355661392211914
airfoil,8,9,18.21017723334463,18.940568923950195
airfoil,8,10,17.556665395435534,18.132946014404297
airfoil,8,11,17.546767912412946,18.891130447387695
airfoil,8,12,17.61148460287797,18.992435455322266
airfoil,8,13,17.112990818525617,18.931209564208984
airfoil,8,14,17.729198556197318,17.7945499420166
airfoil,8,15,17.281154381601436,18.037742614746094
airfoil,8,16,17.082787940376683,19.353954315185547
airfoil,8,17,17.178244063728734,18.956859588623047
airfoil,8,18,17.01535822215833,18.07181739807129
airfoil,8,19,17.121949296248587,18.47634506225586
airfoil,8,20,17.221771942941768,17.77111053466797
airfoil,8,21,17.131190764276607,18.56121826171875
airfoil,8,22,17.316533440037777,20.35851287841797
airfoil,8,23,17.679749965667725,18.039997100830078
airfoil,8,24,16.801750559555856,18.066688537597656
airfoil,8,25,16.64608809822484,17.651872634887695
airfoil,8,26,17.043278819636296,17.920669555664062
airfoil,8,27,16.680584280114424,17.339107513427734
airfoil,8,28,16.983963865982858,18.28166961669922
airfoil,8,29,16.742268123124774,17.354040145874023
airfoil,8,30,17.01977094851042,19.241649627685547
airfoil,8,31,16.665825743424264,17.81133270263672
airfoil,8,32,16.926238034900866,18.1407527923584
airfoil,8,33,16.8909017663253,17.25948143005371
airfoil,8,34,16.42767892385784,17.700876235961914
airfoil,8,35,16.488085144444515,17.979686737060547
airfoil,8,36,16.535157918930054,17.65584945678711
airfoil,8,37,16.506313349071302,17.953901290893555
airfoil,8,38,16.34412464342619,17.2972354888916
airfoil,8,39,16.529075296301592,17.340282440185547
airfoil,8,40,16.14779952952736,17.417875289916992
airfoil,8,41,16.203679988258763,17.493675231933594
airfoil,8,42,16.233549820749385,17.3104190826416
airfoil,8,43,16.31273801703202,16.978809356689453
airfoil,8,44,16.129475769243744,17.01683235168457
airfoil,8,45,16.281602232079756,17.267711639404297
airfoil,8,46,16.142865808386553,17.33172607421875
airfoil,8,47,15.96918326929996,16.890411376953125
airfoil,8,48,16.45954686716983,17.255126953125
airfoil,8,49,16.237947062442178,17.009138107299805
airfoil,8,50,15.865810093126798,17.158491134643555
airfoil,8,51,16.049951628634805,16.805492401123047
airfoil,8,52,16.007495729546797,16.6762752532959
airfoil,8,53,15.838994829278244,16.73695945739746
airfoil,8,54,16.023648186733848,16.51910972595215
airfoil,8,55,15.979416822132311,17.26695442199707
airfoil,8,56,15.888074398040771,16.57842254638672
airfoil,8,57,15.845435631902594,17.004928588867188
airfoil,8,58,16.102171446147718,16.744304656982422
airfoil,8,59,15.796131209323281,16.54774284362793
airfoil,8,60,15.465595421038175,16.82303810119629
airfoil,8,61,15.597428873965615,16.365507125854492
airfoil,8,62,15.41633075161984,16.829694747924805
airfoil,8,63,15.687426880786294,16.30860710144043
airfoil,8,64,16.329735128503096,16.98398780822754
airfoil,8,65,16.495764958231074,18.447105407714844
airfoil,8,66,15.47993050123516,16.46137046813965
airfoil,8,67,15.519179356725592,16.292722702026367
airfoil,8,68,15.453253570355868,17.3781795501709
airfoil,8,69,15.558398447538677,16.288646697998047
airfoil,8,70,14.840906293768631,16.454099655151367
airfoil,8,71,14.94757386257774,16.493074417114258
airfoil,8,72,15.195923152722811,16.0593318939209
airfoil,8,73,15.328934644397936,16.464595794677734
airfoil,8,74,14.785242130881862,15.862120628356934
airfoil,8,75,14.859313826811942,15.928607940673828
airfoil,8,76,14.964250828090467,16.3626651763916
airfoil,8,77,14.84040958002994,15.73927116394043
airfoil,8,78,15.057518720626831,15.630472183227539
airfoil,8,79,14.832635101519132,16.063146591186523
airfoil,8,80,14.766233168150249,16.1272029876709
airfoil,8,81,14.658397599270469,15.788800239562988
airfoil,8,82,14.824238877547415,16.143896102905273
airfoil,8,83,15.023535377100893,15.953474998474121
airfoil,8,84,14.913863194616217,15.778406143188477
airfoil,8,85,14.360488741021408,15.495447158813477
airfoil,8,86,14.528021410891885,15.635223388671875
airfoil,8,87,14.614895092813592,15.391398429870605
airfoil,8,88,14.640709525660464,15.831894874572754
airfoil,8,89,14.344405550705758,15.462137222290039
airfoil,8,90,14.212681368777627,15.289949417114258
airfoil,8,91,14.41739431180452,15.400100708007812
airfoil,8,92,14.332763621681615,14.894044876098633
airfoil,8,93,14.377361159575614,15.540266990661621
airfoil,8,94,14.171297412169608,15.0786714553833
airfoil,8,95,14.10840630531311,15.021331787109375
airfoil,8,96,14.015210804186369,15.278388977050781
airfoil,8,97,14.211195205387316,14.792449951171875
airfoil,8,98,13.87151947774385,15.033889770507812
airfoil,8,99,14.098379348453722,14.749238014221191
airfoil,8,100,13.72049241316946,15.27430534362793
airfoil,8,101,13.997132100557026,14.770421981811523
airfoil,8,102,13.549897821326004,14.265594482421875
airfoil,8,103,13.508050491935329,14.653304100036621
airfoil,8,104,13.5162319886057,14.980049133300781
airfoil,8,105,13.413655833194131,15.66480827331543
airfoil,8,106,13.552375856198763,15.087674140930176
airfoil,8,107,13.292378049147757,14.270834922790527
airfoil,8,108,13.058156201713963,15.109029769897461
airfoil,8,109,13.321745207435207,14.616774559020996
airfoil,8,110,12.996665289527492,14.681175231933594
airfoil,8,111,12.975721610219855,13.935063362121582
airfoil,8,112,13.096502078206916,13.88455581665039
airfoil,8,113,12.972220521224173,13.931449890136719
airfoil,8,114,13.089850124559904,13.613394737243652
airfoil,8,115,12.864734737496628,13.581052780151367
airfoil,8,116,12.45956580262435,15.216785430908203
airfoil,8,117,12.610294542814556,13.15112590789795
airfoil,8,118,12.611879511883384,13.327430725097656
airfoil,8,119,12.586192344364367,12.955947875976562
airfoil,8,120,12.379369811007852,13.512290954589844
airfoil,8,121,12.250770405719155,12.75379467010498
airfoil,8,122,12.014009174547697,12.663556098937988
airfoil,8,123,12.246730716604935,13.124955177307129
airfoil,8,124,11.895332788166247,12.827430725097656
airfoil,8,125,11.898703888842935,12.580276489257812
airfoil,8,126,12.034203152907523,12.77551555633545
airfoil,8,127,11.805232449581748,12.792621612548828
airfoil,8,128,11.609139517733926,12.731955528259277
airfoil,8,129,11.49163135729338,12.357077598571777
airfoil,8,130,11.48827822584855,12.261959075927734
airfoil,8,131,11.422805786132812,12.281082153320312
airfoil,8,132,11.359060701571012,11.956894874572754
airfoil,8,133,11.618500954226443,12.159521102905273
airfoil,8,134,11.612592929287961,12.092046737670898
airfoil,8,135,11.128337759720651,11.793089866638184
airfoil,8,136,11.100082271977476,12.35566520690918
airfoil,8,137,11.084064483642578,11.693855285644531
airfoil,8,138,10.88117968408685,11.84791374206543
airfoil,8,139,10.691123247146606,12.557480812072754
airfoil,8,140,11.043151491566709,11.747489929199219
airfoil,8,141,10.884115018342671,11.410062789916992
airfoil,8,142,10.82845109387448,11.435510635375977
airfoil,8,143,10.598817536705418,11.710488319396973
airfoil,8,144,10.54334897116611,11.4877290725708
airfoil,8,145,10.65056804606789,11.637617111206055
airfoil,8,146,10.76619741791173,11.1640043258667
airfoil,8,147,10.475425318667764,11.043654441833496
airfoil,8,148,10.20354884549191,11.810946464538574
airfoil,8,149,10.146467510022616,10.730544090270996
airfoil,8,150,9.71676352776979,10.0888090133667
airfoil,8,151,9.25781782677299,10.973037719726562
airfoil,8,152,9.945930989165054,10.057339668273926
airfoil,8,153,9.347929753755269,10.174592971801758
airfoil,8,154,9.257035544044093,9.743278503417969
airfoil,8,155,9.34093337309988,10.260680198669434
airfoil,8,156,8.809007945813631,9.396387100219727
airfoil,8,157,8.94270858639165,9.477849960327148
airfoil,8,158,8.951247215270996,9.4024076461792
airfoil,8,159,8.695807344035098,9.145256996154785
airfoil,8,160,8.623710845646105,9.083961486816406
airfoil,8,161,8.65490248328761,9.005379676818848
airfoil,8,162,8.651554785276714,10.291038513183594
airfoil,8,163,8.510536733426546,8.802409172058105
airfoil,8,164,8.710463743460807,9.245875358581543
airfoil,8,165,8.860357284545898,9.821574211120605
airfoil,8,166,8.496546820590371,9.253857612609863
airfoil,8,167,8.69350400723909,10.224205017089844
airfoil,8,168,8.594173757653488,8.530877113342285
airfoil,8,169,8.184134364128113,8.661399841308594
airfoil,8,170,8.195130687010916,9.03670883178711
airfoil,8,171,8.352013173856234,8.42159652709961
airfoil,8,172,8.384693233590378,8.508320808410645
airfoil,8,173,8.073048579065423,8.418146133422852
airfoil,8,174,8.051392668171934,8.658804893493652
airfoil,8,175,7.9525513272536426,8.436254501342773
airfoil,8,176,8.13630818065844,8.994606971740723
airfoil,8,177,8.21535230937757,8.649927139282227
airfoil,8,178,7.969652000226472,8.557947158813477
airfoil,8,179,7.802949516396773,8.586116790771484
airfoil,8,180,7.972691535949707,8.451247215270996
airfoil,8,181,8.307053634994908,8.556135177612305
airfoil,8,182,7.697720333149559,9.908221244812012
airfoil,8,183,7.760814271475139,8.49923038482666
airfoil,8,184,7.777984813639992,8.515273094177246
airfoil,8,185,7.812747277711567,8.657319068908691
airfoil,8,186,7.703748182246559,8.165474891662598
airfoil,8,187,7.6676774903347615,8.559097290039062
airfoil,8,188,7.5965659618377686,8.310011863708496
airfoil,8,189,7.680340239876195,8.033598899841309
airfoil,8,190,7.678355242076673,8.52929401397705
airfoil,8,191,7.603924010929308,8.305805206298828
airfoil,8,192,7.457389988397297,8.785309791564941
airfoil,8,193,7.859272994493184,8.341567993164062
airfoil,8,194,7.3947897459331315,8.279518127441406
airfoil,8,195,7.479658967570255,7.864665508270264
airfoil,8,196,7.446152379638271,8.217062950134277
airfoil,8,197,7.467322374645033,7.9146223068237305
airfoil,8,198,7.369694697229486,8.022829055786133
airfoil,8,199,7.406548732205441,8.039976119995117
airfoil,8,200,7.2337173286237215,7.806684494018555
airfoil,8,201,7.388931424994218,8.393476486206055
airfoil,8,202,7.434743385565908,7.837752342224121
airfoil,8,203,7.3238208293914795,8.191420555114746
airfoil,8,204,7.404721209877415,8.484309196472168
airfoil,8,205,7.249804898312218,9.442239761352539
airfoil,8,206,7.801942423770302,7.818041801452637
airfoil,8,207,7.242933524282355,8.124126434326172
airfoil,8,208,7.282050270783274,7.88602876663208
airfoil,8,209,7.077824623961198,8.230304718017578
airfoil,8,210,6.923730354560049,7.711422443389893
airfoil,8,211,7.012934057336104,7.964990139007568
airfoil,8,212,7.186180221407037,7.899117946624756
airfoil,8,213,6.946508871881585,7.908392906188965
airfoil,8,214,7.00623093153301,7.599447250366211
airfoil,8,215,7.074706284623397,8.083189010620117
airfoil,8,216,7.281192804637708,7.9465179443359375
airfoil,8,217,6.9783842375403955,7.616090297698975
airfoil,8,218,6.755887508392334,7.393926620483398
airfoil,8,219,6.859394769919546,7.674526214599609
airfoil,8,220,6.854787067363136,7.556591033935547
airfoil,8,221,6.986667319347984,7.784245014190674
airfoil,8,222,6.720065706654599,7.74160623550415
airfoil,8,223,6.715987506665681,8.094834327697754
airfoil,8,224,6.962392173315349,7.580040454864502
airfoil,8,225,7.111909176173963,7.6281633377075195
airfoil,8,226,6.715442920985975,7.470826148986816
airfoil,8,227,6.7170510041086295,7.263357639312744
airfoil,8,228,6.715074765054803,7.3537068367004395
airfoil,8,229,6.920098003588225,7.409420490264893
airfoil,8,230,6.763531747617219,7.578737735748291
airfoil,8,231,6.944606266523662,7.332860469818115
airfoil,8,232,6.5677457483191235,7.600061893463135
airfoil,8,233,6.548635620819895,7.764915466308594
airfoil,8,234,6.659044215553685,7.158718109130859
airfoil,8,235,6.611358617481432,7.6774821281433105
airfoil,8,236,6.622731127237019,7.205683708190918
airfoil,8,237,6.687471904252705,7.472528457641602
airfoil,8,238,6.657518543695149,6.974376678466797
airfoil,8,239,6.443219341729817,7.0043230056762695
airfoil,8,240,6.802362962772972,7.813305854797363
airfoil,8,241,6.608651569015102,6.999493598937988
airfoil,8,242,6.71849344906054,7.433286190032959
airfoil,8,243,6.414428372132151,7.095266819000244
airfoil,8,244,6.53870982245395,7.067000389099121
airfoil,8,245,6.344397093120374,6.992172718048096
airfoil,8,246,6.453822543746547,7.397440433502197
airfoil,8,247,6.442898756579349,7.201257228851318
airfoil,8,248,6.540816100020158,6.7658915519714355
airfoil,8,249,6.218861611265885,6.746342658996582
airfoil,8,250,6.703461358421727,7.219958305358887
airfoil,8,251,6.398215726802223,8.318917274475098
airfoil,8,252,6.521931955688878,6.762779712677002
airfoil,8,253,6.487642827786897,6.871374607086182
airfoil,8,254,6.385781269324453,6.660757064819336
airfoil,8,255,6.541370893779554,6.933120250701904
airfoil,8,256,6.713363697654323,7.075706481933594
airfoil,8,257,6.328773416970906,6.704291820526123
airfoil,8,258,6.203497660787482,6.916364669799805
airfoil,8,259,6.268107727954262,7.019282341003418
airfoil,8,260,6.3079956330751115,6.605759620666504
airfoil,8,261,6.328139267469707,6.90353536605835
airfoil,8,262,6.292800828030235,6.897859573364258
airfoil,8,263,6.1296644399040625,6.737176895141602
airfoil,8,264,6.446260264045314,6.672450542449951
airfoil,8,265,6.421647416917901,6.864086151123047
airfoil,8,266,6.358440869732907,7.747365951538086
airfoil,8,267,6.422950700709694,7.1345977783203125
airfoil,8,268,6.250203452612224,6.497941970825195
airfoil,8,269,6.150624363045943,6.917119026184082
airfoil,8,270,6.245708045206572,6.763265132904053
airfoil,8,271,6.404481323141801,7.121474742889404
airfoil,8,272,6.226286373640361,6.704932689666748
airfoil,8,273,6.373867414499584,6.588801860809326
airfoil,8,274,6.150684444527877,6.936549663543701
airfoil,8,275,6.340822546105636,6.523098945617676
airfoil,8,276,6.357558087298744,6.784853458404541
airfoil,8,277,6.251257821133263,6.536128520965576
airfoil,8,278,6.276368806236668,6.583338737487793
airfoil,8,279,6.140943100577907,6.605334281921387
airfoil,8,280,6.1253103958932975,6.99778413772583
airfoil,8,281,6.104975738023457,6.302602767944336
airfoil,8,282,6.077369840521562,6.502058982849121
airfoil,8,283,6.02741509362271,6.819721221923828
airfoil,8,284,5.952881198180349,6.4595208168029785
airfoil,8,285,5.848010125913118,6.499783515930176
airfoil,8,286,5.9613173258932015,6.439554691314697
airfoil,8,287,5.995205396100094,6.681796073913574
airfoil,8,288,5.913472840660496,6.879194259643555
airfoil,8,289,6.095407925154033,6.396612167358398
airfoil,8,290,5.8855427503585815,7.0336384773254395
airfoil,8,291,6.294216626568844,6.6243977546691895
airfoil,8,292,5.988377012704548,6.862280368804932
airfoil,8,293,6.037512603558992,6.718932151794434
airfoil,8,294,5.895047049773367,7.488780975341797
airfoil,8,295,6.062177764741998,6.69874382019043
airfoil,8,296,6.145238587730809,6.516397476196289
airfoil,8,297,6.1110818197852685,6.434055328369141
airfoil,8,298,6.078270504349156,7.889397621154785
airfoil,8,299,6.214865452364871,6.508662700653076
airfoil,8,300,5.922472150702226,7.081707954406738
airfoil,8,301,6.1600852263601205,6.317131519317627
airfoil,8,302,5.99069881439209,6.645352840423584
airfoil,8,303,5.800852926153886,6.553626537322998
airfoil,8,304,5.825871310736003,6.407890796661377
airfoil,8,305,6.025827069031565,6.992842674255371
airfoil,8,306,5.930760942007366,6.445217132568359
airfoil,8,307,5.8498919072904085,6.541478633880615
airfoil,8,308,6.018002679473476,6.429640293121338
airfoil,8,309,6.067696571350098,6.757472515106201
airfoil,8,310,5.9173455238342285,6.326216220855713
airfoil,8,311,5.991126524774652,6.375614643096924
airfoil,8,312,5.968481879485281,6.168889045715332
airfoil,8,313,5.847836143092105,6.691897392272949
airfoil,8,314,6.171323268037093,6.278964519500732
airfoil,8,315,5.742071873263309,6.41891622543335
airfoil,8,316,5.988772718529952,6.4252824783325195
airfoil,8,317,6.005072869752583,6.396843433380127
airfoil,8,318,5.740217886473003,7.284445762634277
airfoil,8,319,5.854003736847325,6.446320533752441
airfoil,8,320,5.79559936648921,6.391214847564697
airfoil,8,321,5.874842643737793,6.7740654945373535
airfoil,8,322,6.038826773041173,6.69649076461792
airfoil,8,323,5.865457704192714,6.267858028411865
airfoil,8,324,5.682964870804234,7.6525959968566895
airfoil,8,325,5.752158629266839,6.211015701293945
airfoil,8,326,5.866215373340406,6.8815836906433105
airfoil,8,327,5.8502782959687085,6.136941909790039
airfoil,8,328,5.873454558221917,7.317622184753418
airfoil,8,329,5.923208242968509,6.311216831207275
airfoil,8,330,5.81537054400695,6.2352423667907715
airfoil,8,331,5.730165745082655,6.326727867126465
airfoil,8,332,5.752893943535654,6.6076436042785645
airfoil,8,333,5.899209022521973,6.008870601654053
airfoil,8,334,5.913605903324328,6.390429496765137
airfoil,8,335,5.684980034828186,6.761579990386963
airfoil,8,336,5.710714911159716,6.200562000274658
airfoil,8,337,5.78485349604958,6.360175609588623
airfoil,8,338,6.202967348851655,6.069047451019287
airfoil,8,339,5.900111988971108,7.174515724182129
airfoil,8,340,5.89042790312516,5.97408390045166
airfoil,8,341,5.7402012912850635,6.755133628845215
airfoil,8,342,5.6308142385984725,6.149050235748291
airfoil,8,343,5.613143563270569,6.423810958862305
airfoil,8,344,5.701556789247613,6.3985795974731445
airfoil,8,345,5.648781111365871,6.366724491119385
airfoil,8,346,5.660152883906114,6.124746322631836
airfoil,8,347,5.658236001667223,6.37160587310791
airfoil,8,348,5.771820382068031,6.1096930503845215
airfoil,8,349,5.542701332192672,6.232705593109131
airfoil,8,350,5.7335114604548405,5.998781204223633
airfoil,8,351,5.501657956524899,6.167316913604736
airfoil,8,352,5.599405301244635,6.358578205108643
airfoil,8,353,5.728714353159854,6.022400856018066
airfoil,8,354,5.525700462491889,6.554809093475342
airfoil,8,355,5.553269329823945,6.187873363494873
airfoil,8,356,5.786193408464131,6.737555503845215
airfoil,8,357,5.748218862633956,6.021476745605469
airfoil,8,358,5.555331700726559,6.345213413238525
airfoil,8,359,5.460784046273482,5.9768781661987305
airfoil,8,360,5.537036004819368,6.140216827392578
airfoil,8,361,5.451092205549541,6.227822303771973
airfoil,8,362,5.457862188941554,6.250518321990967
airfoil,8,363,5.675721752016168,6.0208740234375
airfoil,8,364,5.5417893246600505,5.856703758239746
airfoil,8,365,5.8354314063724715,6.041964530944824
airfoil,8,366,5.4920163970244555,5.9529218673706055
airfoil,8,367,5.604326649716026,7.472679615020752
airfoil,8,368,6.222134282714443,6.527395248413086
airfoil,8,369,5.750068150068584,6.182502269744873
airfoil,8,370,5.738954475051479,6.144052505493164
airfoil,8,371,5.700608805606239,7.051090717315674
airfoil,8,372,5.536840727454738,6.087673187255859
airfoil,8,373,5.332117821040907,7.001526832580566
airfoil,8,374,5.550848458942614,6.4946370124816895
airfoil,8,375,5.465353357164483,6.742988109588623
airfoil,8,376,5.582498098674574,6.285429000854492
airfoil,8,377,5.650356593884919,5.979415416717529
airfoil,8,378,5.455035843347249,5.800840854644775
airfoil,8,379,5.608993492628398,5.839231967926025
airfoil,8,380,5.441982652011671,6.058673858642578
airfoil,8,381,5.574677818699887,5.7707839012146
airfoil,8,382,5.429815913501539,5.799161434173584
airfoil,8,383,5.378133478917573,6.118010520935059
airfoil,8,384,5.53338162522567,5.9194655418396
airfoil,8,385,5.439411715457314,6.103530406951904
airfoil,8,386,5.648310931105363,6.65643310546875
airfoil,8,387,5.382812154920478,5.8778533935546875
airfoil,8,388,5.773872237456472,5.949134826660156
airfoil,8,389,5.490786803396125,5.8390374183654785
airfoil,8,390,5.383006572723389,6.075325965881348
airfoil,8,391,5.345675022978532,5.820274353027344
airfoil,8,392,5.412032943022878,6.0540618896484375
airfoil,8,393,6.0646894919244865,5.917723178863525
airfoil,8,394,5.293118307465001,6.8016252517700195
airfoil,8,395,5.4193909042759945,5.733813285827637
airfoil,8,396,5.3199693027295565,5.96055269241333
airfoil,8,397,5.211998995981719,5.83766508102417
airfoil,8,398,5.355917039670442,5.877350807189941
airfoil,8,399,5.252269418616044,5.820263862609863
airfoil,8,400,5.330781629211025,5.788410186767578
airfoil,8,401,5.145664208813717,5.817420482635498
airfoil,8,402,5.3062029888755395,6.0203537940979
airfoil,8,403,5.695659963708175,5.877291202545166
airfoil,8,404,5.341063330048009,5.928042411804199
airfoil,8,405,5.469412395828648,6.848659038543701
airfoil,8,406,5.474009193872151,5.810344696044922
airfoil,8,407,5.3656276966396135,6.412866592407227
airfoil,8,408,5.416921113666735,5.9115824699401855
airfoil,8,409,5.427371225858989,5.956350326538086
airfoil,8,410,5.340822966475236,6.124244213104248
airfoil,8,411,5.256307369784305,6.088551998138428
airfoil,8,412,5.202987306996396,6.133216857910156
airfoil,8,413,5.165493030297129,5.799527168273926
airfoil,8,414,5.350488863493267,5.9214019775390625
airfoil,8,415,5.285045818278664,6.161102294921875
airfoil,8,416,5.215282923296878,5.889379501342773
airfoil,8,417,5.123754175085771,5.68251371383667
airfoil,8,418,5.203134053631833,5.826045036315918
airfoil,8,419,5.281266833606519,7.054076194763184
airfoil,8,420,5.386759067836561,5.783265590667725
airfoil,8,421,5.197030468990929,5.734888553619385
airfoil,8,422,5.106625387543126,6.410978317260742
airfoil,8,423,5.1166355139330815,6.346449375152588
airfoil,8,424,5.273917094657295,5.782678127288818
airfoil,8,425,5.185498300351594,5.725934982299805
airfoil,8,426,5.0510039517754,6.0643696784973145
airfoil,8,427,5.080576689619767,6.351330757141113
airfoil,8,428,5.076988458633423,5.857034206390381
airfoil,8,429,5.322376433171724,6.267341136932373
airfoil,8,430,5.143314530974941,5.795115947723389
airfoil,8,431,5.088356658032066,6.003392219543457
airfoil,8,432,5.207042198432119,5.852344512939453
airfoil,8,433,5.254834400980096,5.705582141876221
airfoil,8,434,5.125514168488352,5.939549446105957
airfoil,8,435,5.0864107232344775,5.894924163818359
airfoil,8,436,5.168599605560303,5.955071449279785
airfoil,8,437,5.125008859132466,5.645551681518555
airfoil,8,438,5.242217672498603,6.053712844848633
airfoil,8,439,5.161386678093358,5.751840591430664
airfoil,8,440,5.132111336055555,6.0825934410095215
airfoil,8,441,5.07011710342608,6.198916912078857
airfoil,8,442,5.099512326089959,6.186014175415039
airfoil,8,443,5.0272789691623885,6.392947673797607
airfoil,8,444,5.185798751680474,6.1315999031066895
airfoil,8,445,5.249049331012525,5.588033676147461
airfoil,8,446,5.128822188628347,5.686451435089111
airfoil,8,447,5.278517120762875,5.9551286697387695
airfoil,8,448,5.3097103269476635,5.878654956817627
airfoil,8,449,5.163464138382359,6.697999000549316
airfoil,8,450,4.974595678480048,6.046424388885498
airfoil,8,451,4.964907213261253,6.327784061431885
airfoil,8,452,5.169956997821205,6.827178478240967
airfoil,8,453,5.3692684863743025,5.964734077453613
airfoil,8,454,5.190322336397673,6.01654577255249
airfoil,8,455,5.086782866402676,5.6814961433410645
airfoil,8,456,5.094457453803012,5.887767791748047
airfoil,8,457,5.19351275343644,5.781296253204346
airfoil,8,458,5.049959690947282,5.744338512420654
airfoil,8,459,4.943818942496651,5.852138519287109
airfoil,8,460,4.933278359864888,6.211689472198486
airfoil,8,461,5.273659084972582,6.354875087738037
airfoil,8,462,5.144668510085658,5.857686996459961
airfoil,8,463,5.137802180490996,6.9640984535217285
airfoil,8,464,5.430531570785924,5.843353271484375
airfoil,8,465,5.118119013936896,5.945827007293701
airfoil,8,466,5.289345245612295,5.906586647033691
airfoil,8,467,4.9046386605814885,5.906806945800781
airfoil,8,468,4.925470791364971,6.044849395751953
airfoil,8,469,5.185723925891676,5.935382843017578
airfoil,8,470,4.942357264066997,6.312500953674316
airfoil,8,471,4.9970380318792245,5.8128156661987305
airfoil,8,472,4.999950747740896,5.923302173614502
airfoil,8,473,5.020810572724593,5.902342796325684
airfoil,8,474,5.120006134635524,5.749268531799316
airfoil,8,475,5.079101449564884,5.7344136238098145
airfoil,8,476,4.968052537817704,6.219428539276123
airfoil,8,477,5.0293448347794385,5.747599124908447
airfoil,8,478,5.001450820973045,6.074217319488525
airfoil,8,479,5.039087690805134,5.907892227172852
airfoil,8,480,5.089308098742836,5.780369281768799
airfoil,8,481,5.162339888120952,6.01308012008667
airfoil,8,482,4.921005951730828,5.794792175292969
airfoil,8,483,5.058739386106792,5.890652656555176
airfoil,8,484,4.995610224573236,5.7296342849731445
airfoil,8,485,5.141450543152659,5.9821977615356445
airfoil,8,486,5.079877235387501,6.016644477844238
airfoil,8,487,4.970423045911287,5.938604831695557
airfoil,8,488,4.867364262279711,6.048131942749023
airfoil,8,489,5.099064902255409,6.795623779296875
airfoil,8,490,5.128483238973115,5.685206890106201
airfoil,8,491,5.069543148341932,6.214597225189209
airfoil,8,492,5.125129555401049,6.087143898010254
airfoil,8,493,4.843021110484474,5.739240646362305
airfoil,8,494,5.0243514274296,5.648261547088623
airfoil,8,495,5.020790156565215,6.1710205078125
airfoil,8,496,5.0376056307240535,5.831076145172119
airfoil,8,497,5.046654368701734,5.777427673339844
airfoil,8,498,4.993617666395087,6.470882892608643
airfoil,8,499,4.991526886036522,5.721639633178711
airfoil,8,500,4.905784280676591,6.351763725280762
airfoil,8,501,4.959781132246318,5.847890853881836
airfoil,8,502,4.9348025886636036,5.661466598510742
airfoil,8,503,4.912407448417262,5.655538558959961
airfoil,8,504,4.819678657933285,5.887843132019043
airfoil,8,505,5.190953725262692,5.735533237457275
airfoil,8,506,4.979236721992493,5.620670795440674
airfoil,8,507,4.930534921194377,6.019143581390381
airfoil,8,508,5.09336699310102,5.760477066040039
airfoil,8,509,5.064291853653757,5.908656597137451
airfoil,8,510,4.9063099434501245,5.6710124015808105
airfoil,8,511,4.8216047286987305,5.7025651931762695
airfoil,8,512,4.803722889799821,6.054649829864502
airfoil,8,513,4.980114723506727,6.409796237945557
airfoil,8,514,4.875076475896333,6.552839279174805
airfoil,8,515,5.042855200014617,6.076448440551758
airfoil,8,516,4.962425771512483,6.586257457733154
airfoil,8,517,5.152514118897288,5.95805025100708
airfoil,8,518,4.987168795184085,5.7125935554504395
airfoil,8,519,4.940810674115231,6.016407012939453
airfoil,8,520,4.873975019705923,5.761068820953369
airfoil,8,521,4.875103448566637,5.932843208312988
airfoil,8,522,4.959646272031884,5.728036880493164
airfoil,8,523,5.173557231300755,5.922595977783203
airfoil,8,524,4.818242073059082,5.982458114624023
airfoil,8,525,5.2099084163966936,6.886731147766113
airfoil,8,526,4.889050558993691,5.912968158721924
airfoil,8,527,4.767828527249788,5.755552291870117
airfoil,8,528,5.049820705464012,6.332576751708984
airfoil,8,529,5.193138003349304,6.315053939819336
airfoil,8,530,5.03498909975353,6.00039005279541
airfoil,8,531,4.868144377281792,6.295782566070557
airfoil,8,532,4.986436040777909,5.852743625640869
airfoil,8,533,4.859500696784572,5.820935249328613
airfoil,8,534,4.785107537319786,5.919158458709717
airfoil,8,535,4.940272695139835,5.743023872375488
airfoil,8,536,4.989332757498088,5.644754409790039
airfoil,8,537,4.935208791180661,5.613354206085205
airfoil,8,538,5.051803243787665,6.035538196563721
airfoil,8,539,5.002638459205627,5.762742042541504
airfoil,8,540,4.761098397405524,5.930535316467285
airfoil,8,541,4.819775035506801,5.615354061126709
airfoil,8,542,4.797826127002113,5.939830780029297
airfoil,8,543,4.861605242678993,5.616692543029785
airfoil,8,544,4.931708467634101,5.786411762237549
airfoil,8,545,5.058760617908678,6.119085788726807
airfoil,8,546,4.924742234380622,6.0869011878967285
airfoil,8,547,4.8261837771064355,6.068615913391113
airfoil,8,548,4.814762071559303,6.215029239654541
airfoil,8,549,4.857393101642006,6.097255229949951
airfoil,8,550,5.169017747828835,5.677055358886719
airfoil,8,551,4.8332698972601635,6.1207966804504395
airfoil,8,552,4.7972308867856075,5.643949031829834
airfoil,8,553,5.316101005202846,6.182465076446533
airfoil,8,554,5.06187053103196,5.714200973510742
airfoil,8,555,4.803324451572017,5.683910369873047
airfoil,8,556,4.855985848527205,5.606823921203613
airfoil,8,557,4.915550589561462,6.016722679138184
airfoil,8,558,4.843608856201172,5.602743148803711
airfoil,8,559,4.752753006784539,5.8961029052734375
airfoil,8,560,4.813832226552461,5.56107759475708
airfoil,8,561,4.913214987830112,5.89091682434082
airfoil,8,562,4.698297670013027,5.522073745727539
airfoil,8,563,4.738415705530267,5.581526279449463
airfoil,8,564,4.923330887367851,5.631977558135986
airfoil,8,565,4.981748248401441,5.424283027648926
airfoil,8,566,4.792943929371081,6.2046427726745605
airfoil,8,567,4.790844302428396,5.861963748931885
airfoil,8,568,4.866520784403148,6.298694610595703
airfoil,8,569,4.96050648940237,5.831791400909424
airfoil,8,570,4.80103399879054,6.089606761932373
airfoil,8,571,4.966360863886382,5.784512042999268
airfoil,8,572,4.8954651230259945,5.626262664794922
airfoil,8,573,4.706220504484679,5.424732208251953
airfoil,8,574,4.748715432066667,5.744305610656738
airfoil,8,575,4.935052721123946,5.828414440155029
airfoil,8,576,4.757312806029069,5.71210241317749
airfoil,8,577,4.816502464445014,5.782594680786133
airfoil,8,578,4.886483004218654,5.835716247558594
airfoil,8,579,4.693934886079085,6.180352210998535
airfoil,8,580,4.806684054826436,5.773173809051514
airfoil,8,581,4.756237993114873,5.608421325683594
airfoil,8,582,4.757489094608708,5.873158931732178
airfoil,8,583,4.6169245431297705,5.6399383544921875
airfoil,8,584,4.869302219466159,5.50014066696167
airfoil,8,585,4.870488536985297,6.019786357879639
airfoil,8,586,4.644150166135085,5.631006717681885
airfoil,8,587,4.745556887827422,5.635760307312012
airfoil,8,588,4.711115404179222,5.953097343444824
airfoil,8,589,5.089343792513797,6.027703285217285
airfoil,8,590,4.826953178957889,5.991157054901123
airfoil,8,591,4.769888871594479,5.642115116119385
airfoil,8,592,5.016388284532647,6.018804550170898
airfoil,8,593,4.826712627159922,5.904547691345215
airfoil,8,594,4.916132217959354,5.444360256195068
airfoil,8,595,4.690056355375993,5.711718559265137
airfoil,8,596,4.811450889236049,5.873236656188965
airfoil,8,597,4.744700776903253,5.5407891273498535
airfoil,8,598,4.704957359715512,5.5605854988098145
airfoil,8,599,4.60350878928837,5.590675354003906
airfoil,8,600,4.739663726405094,5.777854919433594
airfoil,8,601,4.643137153826262,5.629658222198486
airfoil,8,602,4.741116824902986,6.099697113037109
airfoil,8,603,4.727616416780572,5.561400890350342
airfoil,8,604,4.597429426092851,5.647674560546875
airfoil,8,605,4.745458041366778,5.476806640625
airfoil,8,606,4.827932288772182,6.261740684509277
airfoil,8,607,4.738897216947455,6.203144073486328
airfoil,8,608,4.778081755889089,5.77688455581665
airfoil,8,609,4.8949327280646875,5.438242435455322
airfoil,8,610,4.763187088464436,5.439933776855469
airfoil,8,611,5.043717735692074,5.773095607757568
airfoil,8,612,4.901280277653744,5.709999084472656
airfoil,8,613,4.591791843113146,5.53559684753418
airfoil,8,614,4.645260120693006,5.57174825668335
airfoil,8,615,4.632402536116149,5.814615726470947
airfoil,8,616,4.641475326136539,5.788756370544434
airfoil,8,617,4.712558602031908,5.589195728302002
airfoil,8,618,4.744345006189849,5.866106986999512
airfoil,8,619,4.962777809092873,6.053493976593018
airfoil,8,620,4.668642426791944,5.492005348205566
airfoil,8,621,4.76969785125632,5.522322177886963
airfoil,8,622,4.79634229760421,5.77804708480835
airfoil,8,623,4.714389204978943,5.4005656242370605
airfoil,8,624,4.952994447005422,6.191590785980225
airfoil,8,625,4.590270688659267,5.711915493011475
airfoil,8,626,4.651013939004195,5.746131420135498
airfoil,8,627,4.604276352807095,5.707556247711182
airfoil,8,628,4.524079303992422,5.449207782745361
airfoil,8,629,4.572448899871425,5.794007778167725
airfoil,8,630,4.80715831329948,6.320411205291748
airfoil,8,631,4.620504542400963,5.558631420135498
airfoil,8,632,4.5687430281388135,5.461994171142578
airfoil,8,633,4.714118976342051,6.295190334320068
airfoil,8,634,4.8487650030537655,5.574134826660156
airfoil,8,635,4.591161385962837,5.823060512542725
airfoil,8,636,4.757188508385106,5.69876766204834
airfoil,8,637,4.619886163033937,5.8949737548828125
airfoil,8,638,4.657441220785442,5.634842872619629
airfoil,8,639,4.527623120107148,5.899345397949219
airfoil,8,640,4.722025476003948,5.847530364990234
airfoil,8,641,4.6900957571832755,5.759729862213135
airfoil,8,642,4.72273840402302,5.867730617523193
airfoil,8,643,4.566630225432546,5.569067478179932
airfoil,8,644,4.57194375364404,5.6467108726501465
airfoil,8,645,4.516801787050147,5.734890937805176
airfoil,8,646,4.555886394099185,5.615634441375732
airfoil,8,647,4.591385521386799,5.63870096206665
airfoil,8,648,4.5422427215074235,5.771285533905029
airfoil,8,649,4.592880355684381,5.414677143096924
airfoil,8,650,4.605711165227388,5.354230880737305
airfoil,8,651,4.572880450047944,5.607804298400879
airfoil,8,652,4.704311157527723,5.939741134643555
airfoil,8,653,4.765902682354576,5.508964538574219
airfoil,8,654,4.757868666397898,5.779495716094971
airfoil,8,655,4.574351818938005,5.44845724105835
airfoil,8,656,4.641390251485925,5.733258247375488
airfoil,8,657,4.639259532878273,5.689174652099609
airfoil,8,658,4.644103489424053,5.734128475189209
airfoil,8,659,4.597269613491862,6.193078517913818
airfoil,8,660,4.579493779885142,5.508935451507568
airfoil,8,661,4.501433209369057,5.610703468322754
airfoil,8,662,4.490038714910808,5.48294734954834
airfoil,8,663,4.565125848117628,5.828656196594238
airfoil,8,664,4.808520699802198,5.61895751953125
airfoil,8,665,4.666146698750947,5.421835899353027
airfoil,8,666,4.497643069217079,5.8570556640625
airfoil,8,667,4.541860517702605,5.72088098526001
airfoil,8,668,4.826836272289879,5.595440864562988
airfoil,8,669,4.495248989055031,5.633944034576416
airfoil,8,670,4.7641702137495345,6.6187849044799805
airfoil,8,671,4.563988654237044,5.64892053604126
airfoil,8,672,4.609672728337739,5.740094184875488
airfoil,8,673,4.5217407502626115,5.524588584899902
airfoil,8,674,4.712873684732537,5.288257598876953
airfoil,8,675,4.489178757918508,5.730754852294922
airfoil,8,676,4.540258357399388,6.030608654022217
airfoil,8,677,4.575645352664747,5.4407734870910645
airfoil,8,678,4.532878718878093,5.497117042541504
airfoil,8,679,4.485740394968736,5.7173662185668945
airfoil,8,680,4.673553730312147,5.488404750823975
airfoil,8,681,4.656247352298937,5.472124099731445
airfoil,8,682,4.635999623097871,5.641815662384033
airfoil,8,683,4.561592221260071,5.543465614318848
airfoil,8,684,4.508421232825832,5.504665851593018
airfoil,8,685,4.771283576363011,5.5416717529296875
airfoil,8,686,4.484386732703761,5.366894721984863
airfoil,8,687,4.49716823979428,5.759494304656982
airfoil,8,688,4.565332459776025,6.369151592254639
airfoil,8,689,4.755424976348877,5.4047346115112305
airfoil,8,690,4.65253978653958,5.542816638946533
airfoil,8,691,4.527103696998797,5.209500312805176
airfoil,8,692,4.43584554446371,5.889308452606201
airfoil,8,693,4.47246021346042,5.408165454864502
airfoil,8,694,4.51883788485276,5.5355658531188965
airfoil,8,695,4.604516895193803,6.401461601257324
airfoil,8,696,4.870725167425055,6.05807638168335
airfoil,8,697,4.444643544523339,5.599008560180664
airfoil,8,698,4.7135959361728865,5.410526275634766
airfoil,8,699,4.572483018824928,5.605942726135254
airfoil,8,700,4.49394963289562,6.109573841094971
airfoil,8,701,4.452397252383985,5.643888473510742
airfoil,8,702,4.465266353205631,5.439879417419434
airfoil,8,703,4.506984340517144,6.091631889343262
airfoil,8,704,4.603928051496807,5.642421245574951
airfoil,8,705,4.751941862859224,5.705119609832764
airfoil,8,706,4.730684499991567,5.6311211585998535
airfoil,8,707,4.608914149434943,6.397753715515137
airfoil,8,708,4.553173228314049,5.792926788330078
airfoil,8,709,4.524532233413897,5.39547061920166
airfoil,8,710,4.4400659987801,5.780289649963379
airfoil,8,711,4.535140715147319,5.283388614654541
airfoil,8,712,4.622050511209588,5.361579418182373
airfoil,8,713,4.485802499871505,5.429401874542236
airfoil,8,714,4.437337938107942,5.4909186363220215
airfoil,8,715,4.4803211124319775,5.845407009124756
airfoil,8,716,4.581345922068546,5.614862442016602
airfoil,8,717,4.412116351880525,5.934208869934082
airfoil,8,718,4.461213695375543,5.572591304779053
airfoil,8,719,4.555271195737939,5.533992767333984
airfoil,8,720,4.573391719868309,5.479560852050781
airfoil,8,721,4.599977656414635,5.7496113777160645
airfoil,8,722,4.4683496324639576,5.431239128112793
airfoil,8,723,4.484928745972483,5.50338888168335
airfoil,8,724,4.616637901255959,5.347989082336426
airfoil,8,725,4.459569874562715,5.857678413391113
airfoil,8,726,4.5694534590369775,6.515542030334473
airfoil,8,727,4.694829231814334,5.5659685134887695
airfoil,8,728,4.529892883802715,5.656338691711426
airfoil,8,729,4.525177403500206,5.608261585235596
airfoil,8,730,4.490951412602475,6.2306413650512695
airfoil,8,731,4.622301453038266,5.68684720993042
airfoil,8,732,4.505158380458229,5.505885601043701
airfoil,8,733,4.459399336262753,5.5412139892578125
airfoil,8,734,4.560372879630641,6.160031318664551
airfoil,8,735,4.596925465684188,5.323049545288086
airfoil,8,736,4.441865481828389,5.423240661621094
airfoil,8,737,4.356415058437147,5.6238226890563965
airfoil,8,738,4.598473555163333,5.483275413513184
airfoil,8,739,4.427024947969537,5.3574042320251465
airfoil,8,740,4.55020977321424,5.486901760101318
airfoil,8,741,4.471623662270997,5.507652282714844
airfoil,8,742,4.5599342584609985,5.542635440826416
airfoil,8,743,4.442570959266863,5.600601673126221
airfoil,8,744,4.5484272492559334,5.535219669342041
airfoil,8,745,4.407725058103862,5.339807033538818
airfoil,8,746,4.557420052980122,5.453929901123047
airfoil,8,747,4.406613494220533,5.312269687652588
airfoil,8,748,4.445140126504396,5.893962860107422
airfoil,8,749,4.435485130862186,5.541519641876221
airfoil,8,750,4.425409389169593,5.450560092926025
airfoil,8,751,4.360806979631123,5.708547592163086
airfoil,8,752,4.4853460976952,5.40407133102417
airfoil,8,753,4.502475475010119,5.745688438415527
airfoil,8,754,4.737034402395549,7.266143321990967
airfoil,8,755,4.844944075534218,5.440408706665039
airfoil,8,756,4.5126181150737565,5.473973751068115
airfoil,8,757,4.532125353813171,5.6329169273376465
airfoil,8,758,4.39793334509197,5.304164886474609
airfoil,8,759,4.417805332886545,5.510326385498047
airfoil,8,760,4.422066864214446,5.342254638671875
airfoil,8,761,4.553598065125315,5.771021842956543
airfoil,8,762,4.482932140952663,5.463535785675049
airfoil,8,763,4.446418297918219,5.327868461608887
airfoil,8,764,4.562368549798665,5.946719646453857
airfoil,8,765,4.607913469013415,5.559264659881592
airfoil,8,766,4.494480340104354,5.433664321899414
airfoil,8,767,4.300121611670444,5.505373954772949
airfoil,8,768,4.56837797164917,5.3769097328186035
airfoil,8,769,4.507384689230668,5.353873252868652
airfoil,8,770,4.409300201817563,5.432344913482666
airfoil,8,771,4.42103666380832,5.50368070602417
airfoil,8,772,4.392559465609099,5.383132457733154
airfoil,8,773,4.478306274665029,5.25455379486084
airfoil,8,774,4.489904428783216,5.297735214233398
airfoil,8,775,4.381372865877654,5.7520270347595215
airfoil,8,776,4.471163567743804,5.505143165588379
airfoil,8,777,4.679280306163587,5.560245990753174
airfoil,8,778,4.377211188015185,5.54786491394043
airfoil,8,779,4.387767302362542,5.616873741149902
airfoil,8,780,4.452464429955733,5.54293966293335
airfoil,8,781,4.56989512318059,5.551429748535156
airfoil,8,782,4.376979338495355,5.266226768493652
airfoil,8,783,4.370795971468875,5.932664394378662
airfoil,8,784,4.271700808876439,5.259281635284424
airfoil,8,785,4.423222736308449,5.358155727386475
airfoil,8,786,4.415851348324826,5.360376358032227
airfoil,8,787,4.510106547882683,5.843601226806641
airfoil,8,788,4.342841851083856,5.3619914054870605
airfoil,8,789,4.360550384772451,5.5703582763671875
airfoil,8,790,4.393143434273569,5.714690208435059
airfoil,8,791,4.669048572841444,5.8386549949646
airfoil,8,792,4.41680223690836,5.698433876037598
airfoil,8,793,4.353243620772111,5.436902046203613
airfoil,8,794,4.4269714543693945,5.33239221572876
airfoil,8,795,4.406318859050148,5.658071994781494
airfoil,8,796,4.4303487664774845,6.151430130004883
airfoil,8,797,4.638233630280745,5.383484840393066
airfoil,8,798,4.321672797203064,5.390190601348877
airfoil,8,799,4.3833100325182865,5.363209247589111
airfoil,8,800,4.471564989340933,5.646757125854492
airfoil,8,801,4.462616079731991,5.519883632659912
airfoil,8,802,4.397358586913661,5.315338611602783
airfoil,8,803,4.296213542160235,5.293639183044434
airfoil,8,804,4.374304432617991,5.27279806137085
airfoil,8,805,4.324238783434818,5.266172885894775
airfoil,8,806,4.421281638898347,5.506755352020264
airfoil,8,807,4.572814257521379,5.486875057220459
airfoil,8,808,4.3210974806233455,5.332880020141602
airfoil,8,809,4.440405939754687,5.724266052246094
airfoil,8,810,4.396735323102851,5.793066501617432
airfoil,8,811,4.488037906194988,5.574143409729004
airfoil,8,812,4.3144362223775765,5.450553894042969
airfoil,8,813,4.894056125691063,5.595180034637451
airfoil,8,814,4.362452629365419,5.763959884643555
airfoil,8,815,4.4432558009499,5.560068130493164
airfoil,8,816,4.355619028994911,5.512983322143555
airfoil,8,817,4.274358184714067,5.655872821807861
airfoil,8,818,4.4420164823532104,5.312853813171387
airfoil,8,819,4.626153368698923,5.376152515411377
airfoil,8,820,4.429134638685929,5.296919822692871
airfoil,8,821,4.284121425528276,5.381083011627197
airfoil,8,822,4.404843317834954,5.557934761047363
airfoil,8,823,4.549915712130697,5.331366062164307
airfoil,8,824,4.4224275915246265,5.979467868804932
airfoil,8,825,4.412951626275715,5.609517574310303
airfoil,8,826,4.422296611886275,5.420306205749512
airfoil,8,827,4.49977161382374,6.032093048095703
airfoil,8,828,4.473398967793114,5.720246315002441
airfoil,8,829,4.422791851194281,5.642180919647217
airfoil,8,830,4.524339214751595,5.569301128387451
airfoil,8,831,4.570183948466652,6.60636568069458
airfoil,8,832,4.429319300149617,5.379219055175781
airfoil,8,833,4.333816954964085,5.255359172821045
airfoil,8,834,4.392922238299721,5.4066925048828125
airfoil,8,835,4.636808589885109,5.7244744300842285
airfoil,8,836,4.349221618551957,5.70243501663208
airfoil,8,837,4.495662466475838,5.4328083992004395
airfoil,8,838,4.778045748409472,5.796854496002197
airfoil,8,839,4.406300720415618,5.45317268371582
airfoil,8,840,4.312529921531677,5.289013385772705
airfoil,8,841,4.333494509521284,5.250014305114746
airfoil,8,842,4.498832991248683,5.506984233856201
airfoil,8,843,4.41877133595316,5.352144718170166
airfoil,8,844,4.396572426745766,5.459144115447998
airfoil,8,845,4.258987476951198,5.635399341583252
airfoil,8,846,4.2823530121853475,5.370362281799316
airfoil,8,847,4.389944983156104,5.584388256072998
airfoil,8,848,4.349201810987372,5.872485160827637
airfoil,8,849,4.677112704829166,5.65512228012085
airfoil,8,850,4.402564927151329,5.5873823165893555
airfoil,8,851,4.4380720602838615,5.890517711639404
airfoil,8,852,4.319082310325221,5.345940589904785
airfoil,8,853,4.3074757268554285,5.720116138458252
airfoil,8,854,4.375613943526619,5.26657247543335
airfoil,8,855,4.389084530504126,5.2201032638549805
airfoil,8,856,4.4701903493780835,5.639777660369873
airfoil,8,857,4.334525836141486,5.51803731918335
airfoil,8,858,4.471277481631229,5.326441287994385
airfoil,8,859,4.391613812823045,5.831902027130127
airfoil,8,860,4.453062590799834,5.458179950714111
airfoil,8,861,4.39736513087624,5.586265563964844
airfoil,8,862,4.602295618308218,6.216482162475586
airfoil,8,863,4.646267219593651,6.219198703765869
airfoil,8,864,4.431523285414043,5.328802585601807
airfoil,8,865,4.224692824639772,5.321964263916016
airfoil,8,866,4.351762555147472,5.434972286224365
airfoil,8,867,4.405910595467216,5.326647758483887
airfoil,8,868,4.483264446258545,5.406742095947266
airfoil,8,869,4.455773115158081,5.368288040161133
airfoil,8,870,4.482317579419989,5.739171028137207
airfoil,8,871,4.511849133591903,6.103494167327881
airfoil,8,872,4.503036530394303,5.359923839569092
airfoil,8,873,4.309511510949386,5.406142234802246
airfoil,8,874,4.1836332647424,5.4436798095703125
airfoil,8,875,4.264071019072282,6.164576530456543
airfoil,8,876,4.276773841757524,5.396516799926758
airfoil,8,877,4.276484445521706,5.469594478607178
airfoil,8,878,4.414984878740813,5.5888519287109375
airfoil,8,879,4.43362736074548,5.561136245727539
airfoil,8,880,4.448906515773974,5.309398651123047
airfoil,8,881,4.374494295371206,5.526116371154785
airfoil,8,882,4.435874669175399,5.58731746673584
airfoil,8,883,4.368952829586832,5.326454162597656
airfoil,8,884,4.326445391303615,5.552547931671143
airfoil,8,885,4.427763289526889,5.512176990509033
airfoil,8,886,4.317565510147496,5.576878070831299
airfoil,8,887,4.374991169101314,5.193018436431885
airfoil,8,888,4.2267954443630416,5.6602935791015625
airfoil,8,889,4.232010163758931,5.264826774597168
airfoil,8,890,4.284454006897776,5.423880100250244
airfoil,8,891,4.295593230347884,5.369895935058594
airfoil,8,892,4.436851764980116,5.764248847961426
airfoil,8,893,4.454948839388396,5.708746433258057
airfoil,8,894,4.282873451709747,5.324084281921387
airfoil,8,895,4.435870211375387,5.381363868713379
airfoil,8,896,4.49482892688952,5.723480701446533
airfoil,8,897,4.250756100604408,5.256134033203125
airfoil,8,898,4.306147763603612,5.488389492034912
airfoil,8,899,4.36948141298796,5.204501628875732
airfoil,8,900,4.2867781300293775,5.392274379730225
airfoil,8,901,4.263575949166951,5.434261798858643
airfoil,8,902,4.311469655287893,5.4697651863098145
airfoil,8,903,4.271413043925636,5.404420375823975
airfoil,8,904,4.472038532558241,5.245815753936768
airfoil,8,905,4.2692524445684334,5.245724201202393
airfoil,8,906,4.423896441334172,5.714017868041992
airfoil,8,907,4.495790450196517,5.520129203796387
airfoil,8,908,4.405856044668901,5.455183982849121
airfoil,8,909,4.345922470092773,5.6173996925354
airfoil,8,910,4.350550174713135,5.3872833251953125
airfoil,8,911,4.443645069473668,5.5757927894592285
airfoil,8,912,4.254496116387217,5.691941261291504
airfoil,8,913,4.662136429234555,5.486919403076172
airfoil,8,914,4.469404455862548,6.152230739593506
airfoil,8,915,4.34513961641412,5.734492778778076
airfoil,8,916,4.330200960761623,5.530128479003906
airfoil,8,917,4.352444642468503,5.446554183959961
airfoil,8,918,4.261227588904531,5.432154178619385
airfoil,8,919,4.296854464631331,5.372786045074463
airfoil,8,920,4.196315009342997,5.531454086303711
airfoil,8,921,4.277181995542426,5.529208183288574
airfoil,8,922,4.439756581657811,5.344067573547363
airfoil,8,923,4.421701365395596,6.505930423736572
airfoil,8,924,4.657177705513804,7.522451400756836
airfoil,8,925,4.600579123747976,5.252739906311035
airfoil,8,926,4.317930478798716,5.8160624504089355
airfoil,8,927,4.304845973065025,5.3053789138793945
airfoil,8,928,4.210185963856547,5.469479560852051
airfoil,8,929,4.382518498521102,5.286500930786133
airfoil,8,930,4.325967964373137,5.935903549194336
airfoil,8,931,4.550957297023974,5.550288677215576
airfoil,8,932,4.399849063471744,5.480578899383545
airfoil,8,933,4.184939578959816,5.357217788696289
airfoil,8,934,4.276026217561019,5.559267044067383
airfoil,8,935,4.278626912518551,5.25070858001709
airfoil,8,936,4.177255831266704,5.289648532867432
airfoil,8,937,4.42443923573745,5.444291591644287
airfoil,8,938,4.322981978717603,5.622025489807129
airfoil,8,939,4.389239530814321,5.959646224975586
airfoil,8,940,4.252698088947096,5.319199085235596
airfoil,8,941,4.331627011299133,5.526102542877197
airfoil,8,942,4.468448093062953,5.615945816040039
airfoil,8,943,4.356988279443038,5.681114673614502
airfoil,8,944,4.23755587402143,5.711538314819336
airfoil,8,945,4.1902033906233935,5.461811542510986
airfoil,8,946,4.312210437498595,5.9990153312683105
airfoil,8,947,4.260084566317107,5.441274166107178
airfoil,8,948,4.396797641327507,5.717957973480225
airfoil,8,949,4.162482594188891,6.016475200653076
airfoil,8,950,4.663645480808459,6.047330379486084
airfoil,8,951,4.344176650047302,5.792468547821045
airfoil,8,952,4.445410960598996,5.370116233825684
airfoil,8,953,4.37912905216217,5.211876392364502
airfoil,8,954,4.277759181825738,5.450478553771973
airfoil,8,955,4.2360115176752995,5.608701705932617
airfoil,8,956,4.44189337052797,5.308811664581299
airfoil,8,957,4.334415523629439,5.585840225219727
airfoil,8,958,4.27477763201061,5.694852352142334
airfoil,8,959,4.272636827669646,5.416757583618164
airfoil,8,960,4.35164223219219,5.650567054748535
airfoil,8,961,4.157059293044241,5.604597568511963
airfoil,8,962,4.300359776145534,5.24179744720459
airfoil,8,963,4.49861478805542,5.350270748138428
airfoil,8,964,4.308173894882202,5.926841735839844
airfoil,8,965,4.455221342413049,5.514533519744873
airfoil,8,966,4.169375469810085,5.4524102210998535
airfoil,8,967,4.247561053225868,6.070633411407471
airfoil,8,968,4.357574086440237,5.525320053100586
airfoil,8,969,4.25997801830894,6.197256088256836
airfoil,8,970,4.505448808795528,5.824348449707031
airfoil,8,971,4.408806317730954,5.558803558349609
airfoil,8,972,4.302042854459662,5.397362232208252
airfoil,8,973,4.280763312389976,5.715368270874023
airfoil,8,974,4.133395370684172,5.238241195678711
airfoil,8,975,4.23711485611765,5.467381477355957
airfoil,8,976,4.128478658826728,5.439343452453613
airfoil,8,977,4.195932774167312,5.360342025756836
airfoil,8,978,4.148156304108469,5.414836883544922
airfoil,8,979,4.1817745974189355,5.448384761810303
airfoil,8,980,4.282859959100422,5.657028675079346
airfoil,8,981,4.420637526010212,5.602156639099121
airfoil,8,982,4.143778581368296,5.209939956665039
airfoil,8,983,4.263421930764851,6.129271507263184
airfoil,8,984,4.46055015137321,5.755864143371582
airfoil,8,985,4.396306931972504,5.728187084197998
airfoil,8,986,4.317947676307277,5.196039199829102
airfoil,8,987,4.197304913872166,5.4847869873046875
airfoil,8,988,4.274470897097337,5.202680587768555
airfoil,8,989,4.205543160438538,5.742530345916748
airfoil,8,990,4.309620562352632,5.7757182121276855
airfoil,8,991,4.418985489167665,5.269153594970703
airfoil,8,992,4.355824915986312,5.5100932121276855
airfoil,8,993,4.153057719531812,5.215664386749268
airfoil,8,994,4.356843145270097,5.473560810089111
airfoil,8,995,4.218518583398116,5.565965175628662
airfoil,8,996,4.17516311218864,5.584412097930908
airfoil,8,997,4.177520403736516,6.690034866333008
airfoil,8,998,4.505589497716803,5.289914131164551
airfoil,8,999,4.214247841584055,5.32451057434082
airfoil,0,0,19.73176404049522,20.925575256347656
airfoil,0,1,19.25354488272416,21.279634475708008
airfoil,0,2,18.446617804075544,20.46112823486328
airfoil,0,3,17.98782403845536,22.902372360229492
airfoil,0,4,18.62506695797569,20.346126556396484
airfoil,0,5,18.13422885694002,21.049741744995117
airfoil,0,6,17.87444988049959,20.048715591430664
airfoil,0,7,17.6599591907702,19.79088020324707
airfoil,0,8,17.268230952714617,19.928163528442383
airfoil,0,9,17.57568565167879,19.595375061035156
airfoil,0,10,17.366353938454075,20.76189613342285
airfoil,0,11,17.34334077333149,19.23894691467285
airfoil,0,12,17.386403711218584,22.56222915649414
airfoil,0,13,18.261620446255332,19.158388137817383
airfoil,0,14,16.654174076883418,19.223350524902344
airfoil,0,15,16.852092165695993,19.876998901367188
airfoil,0,16,17.04831321615922,19.13491439819336
airfoil,0,17,17.436461298089277,20.062883377075195
airfoil,0,18,16.64507067830939,18.793533325195312
airfoil,0,19,16.358267156701338,18.47789192199707
airfoil,0,20,16.59900830921374,19.090492248535156
airfoil,0,21,16.547916914287367,18.599699020385742
airfoil,0,22,16.34602598140114,19.258676528930664
airfoil,0,23,16.198105711685983,18.301462173461914
airfoil,0,24,16.428558148835833,19.524120330810547
airfoil,0,25,16.149045341893245,19.510265350341797
airfoil,0,26,16.60654896184018,19.495698928833008
airfoil,0,27,16.50491069492541,19.521455764770508
airfoil,0,28,16.487864820580732,18.619144439697266
airfoil,0,29,16.359579274528905,20.113548278808594
airfoil,0,30,16.01373547001889,20.026308059692383
airfoil,0,31,16.251695557644492,18.843948364257812
airfoil,0,32,16.251192707764474,19.414690017700195
airfoil,0,33,16.773676759318302,18.919105529785156
airfoil,0,34,16.065870573646144,19.92006492614746
airfoil,0,35,16.017129571814287,19.629558563232422
airfoil,0,36,16.54238540247867,18.224470138549805
airfoil,0,37,16.315164817006963,19.07529067993164
airfoil,0,38,15.996423156637894,18.11942481994629
airfoil,0,39,15.952433460637144,17.930246353149414
airfoil,0,40,16.048467083981162,18.3116397857666
airfoil,0,41,15.4862541399504,18.10201072692871
airfoil,0,42,15.564235210418701,17.9880428314209
airfoil,0,43,15.502980495754041,19.547060012817383
airfoil,0,44,15.616045713424683,18.053970336914062
airfoil,0,45,15.519355447668778,18.093624114990234
airfoil,0,46,15.39637962140535,17.80289649963379
airfoil,0,47,15.754247414438348,18.877899169921875
airfoil,0,48,15.402569607684487,17.73158073425293
airfoil,0,49,15.47587513923645,17.53911781311035
airfoil,0,50,15.195350458747463,17.63036346435547
airfoil,0,51,15.575463646336607,19.09734344482422
airfoil,0,52,15.483781413028115,17.975313186645508
airfoil,0,53,15.414991002333792,17.533796310424805
airfoil,0,54,15.37019978071514,19.563865661621094
airfoil,0,55,15.280395256845575,18.199026107788086
airfoil,0,56,15.3586797337783,18.41026496887207
airfoil,0,57,15.394677990361265,18.05796241760254
airfoil,0,58,14.967913037852236,17.753847122192383
airfoil,0,59,15.40679743415431,17.838924407958984
airfoil,0,60,15.551992792832223,17.419219970703125
airfoil,0,61,15.319329475101672,17.892593383789062
airfoil,0,62,15.086224392840737,17.692426681518555
airfoil,0,63,15.197054649654188,18.834749221801758
airfoil,0,64,15.108694252214933,17.543954849243164
airfoil,0,65,15.12922527915553,17.950132369995117
airfoil,0,66,15.071171948784276,18.23841667175293
airfoil,0,67,15.411130629087749,17.839664459228516
airfoil,0,68,15.292436499344674,18.42739486694336
airfoil,0,69,15.575281996476022,18.387231826782227
airfoil,0,70,15.120428286100688,17.444541931152344
airfoil,0,71,14.981265444504587,19.332555770874023
airfoil,0,72,15.090015361183568,17.856464385986328
airfoil,0,73,15.05634890104595,17.68415069580078
airfoil,0,74,15.299040882210983,21.12503433227539
airfoil,0,75,15.65843341225072,18.25724220275879
airfoil,0,76,15.103523568103189,17.02994155883789
airfoil,0,77,15.04679520506608,17.450063705444336
airfoil,0,78,14.782215519955283,18.21724510192871
airfoil,0,79,14.927821109169408,18.03166961669922
airfoil,0,80,14.895832174702695,18.06731605529785
airfoil,0,81,14.768048763275146,17.310009002685547
airfoil,0,82,15.093785624755057,17.00562286376953
airfoil,0,83,15.224857882449502,18.068693161010742
airfoil,0,84,14.858223325327822,17.666736602783203
airfoil,0,85,14.561935035805954,17.733015060424805
airfoil,0,86,14.667789283551668,17.926288604736328
airfoil,0,87,14.776497414237575,17.423978805541992
airfoil,0,88,15.161277256513896,17.176830291748047
airfoil,0,89,14.39630052917882,18.4549560546875
airfoil,0,90,14.691240912989565,17.853681564331055
airfoil,0,91,14.91137843382986,17.354463577270508
airfoil,0,92,14.99762521292034,17.617965698242188
airfoil,0,93,14.86933199982894,17.55925178527832
airfoil,0,94,15.101037841094168,17.92559814453125
airfoil,0,95,14.702187186793276,17.44426918029785
airfoil,0,96,14.829901569768003,18.181852340698242
airfoil,0,97,14.789862017882498,17.800983428955078
airfoil,0,98,14.703597445237008,17.613384246826172
airfoil,0,99,14.807230209049425,17.920183181762695
airfoil,0,100,15.002144186120285,18.4294490814209
airfoil,0,101,14.740319026143927,17.344926834106445
airfoil,0,102,14.684715107867593,16.984813690185547
airfoil,0,103,14.451752512078537,17.478984832763672
airfoil,0,104,14.668713833156385,18.555456161499023
airfoil,0,105,14.981587824068571,17.46271514892578
airfoil,0,106,15.178540756827907,16.979022979736328
airfoil,0,107,14.756243090880545,17.407018661499023
airfoil,0,108,14.755189243115877,18.488872528076172
airfoil,0,109,14.75279971172935,17.888168334960938
airfoil,0,110,14.466382729379754,17.2712345123291
airfoil,0,111,14.605732679367065,18.530536651611328
airfoil,0,112,14.698617332860044,18.209348678588867
airfoil,0,113,14.447793471185784,16.99350357055664
airfoil,0,114,14.684897083985177,17.800460815429688
airfoil,0,115,14.884924700385646,17.46819496154785
airfoil,0,116,15.055649255451403,17.472448348999023
airfoil,0,117,15.108199119567871,18.436145782470703
airfoil,0,118,14.535068223350926,17.489376068115234
airfoil,0,119,14.796397673456292,18.186689376831055
airfoil,0,120,14.83815094044334,16.99226188659668
airfoil,0,121,14.374396098287482,17.4475154876709
airfoil,0,122,14.626168828261527,17.4226131439209
airfoil,0,123,14.358188277796694,17.841032028198242
airfoil,0,124,14.576926331771048,18.061864852905273
airfoil,0,125,14.77551417601736,18.158552169799805
airfoil,0,126,14.646604010933324,17.29091453552246
airfoil,0,127,14.374248768153944,19.898210525512695
airfoil,0,128,14.63410452792519,17.54764747619629
airfoil,0,129,14.492623078195672,18.13967514038086
airfoil,0,130,14.320411657032214,17.323965072631836
airfoil,0,131,14.33102065638492,17.135854721069336
airfoil,0,132,14.187707913549323,17.63820457458496
airfoil,0,133,14.265589739146986,17.99883460998535
airfoil,0,134,14.462045418588739,17.145341873168945
airfoil,0,135,14.76100354445608,18.03938102722168
airfoil,0,136,14.153706287082873,18.79677963256836
airfoil,0,137,14.066717837986193,17.35811424255371
airfoil,0,138,14.27768087387085,17.658109664916992
airfoil,0,139,14.333714334588302,17.492351531982422
airfoil,0,140,14.214070207194277,17.074827194213867
airfoil,0,141,14.611200332641602,17.507051467895508
airfoil,0,142,14.297129605945788,17.052440643310547
airfoil,0,143,14.305899067928916,17.008596420288086
airfoil,0,144,14.30239392581739,18.603605270385742
airfoil,0,145,14.216930025502256,17.921815872192383
airfoil,0,146,14.480884991194072,17.772754669189453
airfoil,0,147,13.992539983046683,17.909618377685547
airfoil,0,148,13.964206871233488,16.93033218383789
airfoil,0,149,13.887061156724629,17.574886322021484
airfoil,0,150,13.885770320892334,17.0685977935791
airfoil,0,151,14.270096967094823,17.149824142456055
airfoil,0,152,14.186303502634951,17.467424392700195
airfoil,0,153,14.066074120370965,17.080894470214844
airfoil,0,154,14.038778668955752,17.053543090820312
airfoil,0,155,14.3702392578125,18.065885543823242
airfoil,0,156,14.35437486046239,17.250267028808594
airfoil,0,157,14.248422785809165,16.633935928344727
airfoil,0,158,13.990480046523246,17.19141960144043
airfoil,0,159,14.255719561325876,17.040855407714844
airfoil,0,160,14.231055372639707,17.52531623840332
airfoil,0,161,14.08769699146873,17.993186950683594
airfoil,0,162,13.952345308504606,16.947227478027344
airfoil,0,163,14.044645510221782,17.3265380859375
airfoil,0,164,13.925242574591385,17.296337127685547
airfoil,0,165,14.138491304297196,16.78469467163086
airfoil,0,166,14.19077720140156,17.138662338256836
airfoil,0,167,13.950255782980667,17.494110107421875
airfoil,0,168,13.820424519087139,17.16957664489746
airfoil,0,169,13.827657210199456,16.7916316986084
airfoil,0,170,13.973805377357884,16.981813430786133
airfoil,0,171,13.718237864343743,17.778629302978516
airfoil,0,172,13.85043686314633,17.272184371948242
airfoil,0,173,14.011890323538529,16.847543716430664
airfoil,0,174,13.834001779556274,17.22221565246582
airfoil,0,175,13.761028289794922,16.819385528564453
airfoil,0,176,14.201030317105745,16.782255172729492
airfoil,0,177,14.172696904132241,16.926807403564453
airfoil,0,178,14.342497223301939,16.657495498657227
airfoil,0,179,14.028846790916042,16.756017684936523
airfoil,0,180,13.62104730857046,17.541296005249023
airfoil,0,181,13.497483479349237,17.22723388671875
airfoil,0,182,13.932176477030703,16.814067840576172
airfoil,0,183,13.93900085750379,17.945880889892578
airfoil,0,184,14.223155473407946,17.155651092529297
airfoil,0,185,13.978863665932103,16.653526306152344
airfoil,0,186,13.838737939533434,16.844968795776367
airfoil,0,187,13.771097396549425,16.514070510864258
airfoil,0,188,13.523996001795718,16.966646194458008
airfoil,0,189,13.501530095150596,17.22243309020996
airfoil,0,190,13.605840921401978,16.99275779724121
airfoil,0,191,13.770870572642275,16.912811279296875
airfoil,0,192,13.707957192471152,16.9154109954834
airfoil,0,193,14.04749103596336,17.287517547607422
airfoil,0,194,13.989224609575773,16.61475944519043
airfoil,0,195,13.751104379955091,16.519359588623047
airfoil,0,196,13.709648960515073,17.00238609313965
airfoil,0,197,13.684960377843757,18.7954044342041
airfoil,0,198,14.426025716882004,17.668373107910156
airfoil,0,199,14.143841053310194,16.562908172607422
airfoil,0,200,13.789303014152928,17.215620040893555
airfoil,0,201,13.606596419685765,16.91520118713379
airfoil,0,202,13.595057537681178,17.146526336669922
airfoil,0,203,13.707463465238872,16.420612335205078
airfoil,0,204,13.462960017354865,16.582977294921875
airfoil,0,205,13.861449580443534,18.914899826049805
airfoil,0,206,13.57703625528436,16.584152221679688
airfoil,0,207,13.52317664497777,16.705276489257812
airfoil,0,208,13.595777147694639,18.111034393310547
airfoil,0,209,13.568392891632882,16.9777774810791
airfoil,0,210,13.818861183367277,16.726518630981445
airfoil,0,211,13.802173953307303,17.671865463256836
airfoil,0,212,13.364376695532547,16.9805850982666
airfoil,0,213,13.79093633199993,16.45026397705078
airfoil,0,214,14.018936257613333,17.889514923095703
airfoil,0,215,13.37746322782416,17.01468276977539
airfoil,0,216,13.588374727650693,16.860471725463867
airfoil,0,217,13.288303249760679,16.216064453125
airfoil,0,218,13.246944766295584,17.730451583862305
airfoil,0,219,13.665546768590024,16.364707946777344
airfoil,0,220,13.705288184316535,17.760360717773438
airfoil,0,221,13.62636527262236,16.641849517822266
airfoil,0,222,13.34674230374788,16.657320022583008
airfoil,0,223,13.714719433533517,18.530723571777344
airfoil,0,224,13.769388550206235,16.430362701416016
airfoil,0,225,13.54902323923613,16.86290740966797
airfoil,0,226,13.527865936881618,16.427988052368164
airfoil,0,227,13.273906218378167,16.708681106567383
airfoil,0,228,13.622781339444613,17.035703659057617
airfoil,0,229,13.210502837833605,16.62098503112793
airfoil,0,230,13.462913990020752,16.514116287231445
airfoil,0,231,14.052744990900942,18.068565368652344
airfoil,0,232,13.280083317505685,16.535036087036133
airfoil,0,233,13.371070460269326,16.134014129638672
airfoil,0,234,12.979503970397147,16.604793548583984
airfoil,0,235,13.093417606855693,17.27532386779785
airfoil,0,236,13.320577884975233,16.756633758544922
airfoil,0,237,13.29875189379642,15.97680377960205
airfoil,0,238,13.172438107038799,16.23414421081543
airfoil,0,239,13.315975490369295,17.159549713134766
airfoil,0,240,14.086669783843192,15.949244499206543
airfoil,0,241,13.434485084132143,16.506675720214844
airfoil,0,242,13.786349196183053,18.096220016479492
airfoil,0,243,13.441215414749948,16.70170021057129
airfoil,0,244,14.013185651678787,16.4581241607666
airfoil,0,245,13.511349238847432,16.427011489868164
airfoil,0,246,13.169451826497129,17.03485107421875
airfoil,0,247,13.332165969045539,16.766220092773438
airfoil,0,248,13.340620392247251,16.4067325592041
airfoil,0,249,12.962672810805472,16.364639282226562
airfoil,0,250,13.554581278248838,18.95738983154297
airfoil,0,251,13.595472913039359,16.490787506103516
airfoil,0,252,13.086159229278564,16.201087951660156
airfoil,0,253,13.214887606470208,16.640174865722656
airfoil,0,254,13.1688846161491,17.37737274169922
airfoil,0,255,13.669866586986341,16.921239852905273
airfoil,0,256,13.595132576791864,18.265535354614258
airfoil,0,257,12.697481644781012,16.380483627319336
airfoil,0,258,13.128581185089914,15.942763328552246
airfoil,0,259,12.966594997205233,16.092853546142578
airfoil,0,260,13.054016527376676,16.129898071289062
airfoil,0,261,12.757813014482197,16.778553009033203
airfoil,0,262,12.9773623441395,16.8461856842041
airfoil,0,263,13.069109703365125,17.261737823486328
airfoil,0,264,13.11217683239987,18.857616424560547
airfoil,0,265,12.980506495425576,16.28809928894043
airfoil,0,266,12.758488379026714,16.120283126831055
airfoil,0,267,14.272482119108501,16.298494338989258
airfoil,0,268,12.840446660393162,16.130231857299805
airfoil,0,269,12.917443702095433,15.949729919433594
airfoil,0,270,12.889827552594637,17.301496505737305
airfoil,0,271,13.140278640546297,16.422128677368164
airfoil,0,272,12.647115255656995,16.414281845092773
airfoil,0,273,12.845150295056795,17.574811935424805
airfoil,0,274,13.102859221006694,16.36077308654785
airfoil,0,275,13.22326175790084,16.295774459838867
airfoil,0,276,12.849800523958708,15.942750930786133
airfoil,0,277,12.887127851185046,16.20844078063965
airfoil,0,278,12.78915201990228,17.450748443603516
airfoil,0,279,13.019761562347412,17.814552307128906
airfoil,0,280,13.211784300051237,16.097990036010742
airfoil,0,281,13.09945085174159,15.586153984069824
airfoil,0,282,13.16095831519679,16.663454055786133
airfoil,0,283,12.782346888592368,16.55855369567871
airfoil,0,284,12.486909853784661,15.690206527709961
airfoil,0,285,13.64275198233755,17.57130241394043
airfoil,0,286,13.035521030426025,17.228044509887695
airfoil,0,287,12.68011148352372,16.62932014465332
airfoil,0,288,12.650737800096211,16.185766220092773
airfoil,0,289,12.676687177858854,16.31440544128418
airfoil,0,290,12.500051178430256,16.29535675048828
airfoil,0,291,12.451199594296908,16.466413497924805
airfoil,0,292,12.444016920892816,16.05474853515625
airfoil,0,293,12.76985986609208,16.181068420410156
airfoil,0,294,12.529786197762741,15.858320236206055
airfoil,0,295,12.762341260910034,16.880786895751953
airfoil,0,296,12.75892236358241,16.202396392822266
airfoil,0,297,12.70203803714953,16.422733306884766
airfoil,0,298,12.53647272210372,16.018848419189453
airfoil,0,299,12.50146070279573,15.978520393371582
airfoil,0,300,12.499221902144583,16.224733352661133
airfoil,0,301,12.565039747639707,15.718201637268066
airfoil,0,302,12.451139010881123,17.496688842773438
airfoil,0,303,12.619886423412122,15.415380477905273
airfoil,0,304,12.538866268961053,15.352253913879395
airfoil,0,305,12.446936444232339,15.582910537719727
airfoil,0,306,12.714306592941284,16.05120277404785
airfoil,0,307,12.513235506258512,15.801923751831055
airfoil,0,308,12.363472323668631,15.556465148925781
airfoil,0,309,12.365576091565584,15.89136028289795
airfoil,0,310,12.559904901604904,15.389798164367676
airfoil,0,311,12.046655366295262,16.46134376525879
airfoil,0,312,12.26154915910018,15.670880317687988
airfoil,0,313,12.266566276550293,16.213253021240234
airfoil,0,314,12.669110674607126,15.407532691955566
airfoil,0,315,12.074137273587679,15.930511474609375
airfoil,0,316,12.230511941407856,15.727275848388672
airfoil,0,317,12.380302830746299,15.977764129638672
airfoil,0,318,12.229299457449661,16.024328231811523
airfoil,0,319,12.083064054187975,15.783790588378906
airfoil,0,320,12.087601875004015,16.51691436767578
airfoil,0,321,12.905821599458394,15.586773872375488
airfoil,0,322,12.243763779339037,15.888199806213379
airfoil,0,323,12.099111193104795,16.101783752441406
airfoil,0,324,11.90821233548616,15.555152893066406
airfoil,0,325,11.985594774547376,16.084022521972656
airfoil,0,326,12.008019560261777,14.92457389831543
airfoil,0,327,11.985060290286416,16.761436462402344
airfoil,0,328,12.2960253891192,15.639394760131836
airfoil,0,329,12.209396650916652,15.652749061584473
airfoil,0,330,12.199847466067263,15.631656646728516
airfoil,0,331,12.309324063752827,15.242345809936523
airfoil,0,332,11.820047792635465,15.733776092529297
airfoil,0,333,11.872606377852591,14.817304611206055
airfoil,0,334,11.727395045129876,15.343897819519043
airfoil,0,335,11.58608068917927,14.923779487609863
airfoil,0,336,11.722813719197324,15.23762035369873
airfoil,0,337,11.635991924687437,15.177218437194824
airfoil,0,338,11.695011578108135,15.01441764831543
airfoil,0,339,11.783987120578164,15.043191909790039
airfoil,0,340,11.932720799195138,15.346725463867188
airfoil,0,341,11.669517253574572,15.184678077697754
airfoil,0,342,11.323109262867979,15.581683158874512
airfoil,0,343,11.681764759515461,14.9531831741333
airfoil,0,344,11.677971425809359,15.804931640625
airfoil,0,345,12.103760430687352,14.89404010772705
airfoil,0,346,11.724006063059756,15.405911445617676
airfoil,0,347,11.500052916376214,14.835099220275879
airfoil,0,348,11.495497465133667,14.780450820922852
airfoil,0,349,11.327944943779393,15.332256317138672
airfoil,0,350,11.401260915555453,14.970104217529297
airfoil,0,351,11.64633383876399,15.024938583374023
airfoil,0,352,11.41368852163616,14.794530868530273
airfoil,0,353,11.700021116357101,15.474202156066895
airfoil,0,354,11.275597898583664,15.152080535888672
airfoil,0,355,11.026633024215698,15.435406684875488
airfoil,0,356,11.518668362968846,15.175558090209961
airfoil,0,357,11.333403562244616,14.3701810836792
airfoil,0,358,11.329850962287502,14.5708589553833
airfoil,0,359,11.011324669185438,14.671710968017578
airfoil,0,360,11.042236516350194,14.460895538330078
airfoil,0,361,10.973716522517957,14.738617897033691
airfoil,0,362,11.040651070444207,14.749585151672363
airfoil,0,363,10.783061786701804,14.556982040405273
airfoil,0,364,11.127191643965872,14.40377140045166
airfoil,0,365,10.777970188542417,14.20101261138916
airfoil,0,366,11.062083733709235,14.220675468444824
airfoil,0,367,10.890220391122918,14.721214294433594
airfoil,0,368,10.846261752279181,14.47016429901123
airfoil,0,369,10.739977761318809,14.11856460571289
airfoil,0,370,11.026815539912173,14.315683364868164
airfoil,0,371,10.746625787333437,14.512115478515625
airfoil,0,372,10.915532476023623,14.026772499084473
airfoil,0,373,10.763565753635607,14.151811599731445
airfoil,0,374,10.970066773264032,15.196351051330566
airfoil,0,375,10.735729493592915,14.306428909301758
airfoil,0,376,10.705489346855565,14.834671020507812
airfoil,0,377,11.067836598346108,13.463040351867676
airfoil,0,378,11.119994602705303,13.971771240234375
airfoil,0,379,10.648775464610049,13.62401294708252
airfoil,0,380,10.422390260194478,13.929818153381348
airfoil,0,381,10.442532175465635,13.694658279418945
airfoil,0,382,10.425355798319766,14.823598861694336
airfoil,0,383,10.57590705470035,13.537254333496094
airfoil,0,384,10.524632566853574,13.52940845489502
airfoil,0,385,10.399174100474307,14.000896453857422
airfoil,0,386,10.272843448739303,13.448827743530273
airfoil,0,387,10.365327515100178,14.238141059875488
airfoil,0,388,10.366025836844193,14.540600776672363
airfoil,0,389,10.28062169175399,13.514857292175293
airfoil,0,390,10.355520982491342,13.746356010437012
airfoil,0,391,10.282410458514565,13.622414588928223
airfoil,0,392,10.437945315712376,13.886709213256836
airfoil,0,393,10.413827343990928,14.523284912109375
airfoil,0,394,10.401929968281797,14.427988052368164
airfoil,0,395,10.048881329988179,14.240431785583496
airfoil,0,396,10.281878000811526,14.114720344543457
airfoil,0,397,10.051827813449659,13.960418701171875
airfoil,0,398,9.944682485178896,14.302902221679688
airfoil,0,399,10.073999680970845,13.737428665161133
airfoil,0,400,10.266949728915566,13.364291191101074
airfoil,0,401,10.361039927131252,13.440244674682617
airfoil,0,402,10.079128993184943,14.249159812927246
airfoil,0,403,10.279504713259245,13.462503433227539
airfoil,0,404,10.015555068066245,13.621562957763672
airfoil,0,405,9.740690770902132,13.274419784545898
airfoil,0,406,10.27549285637705,13.82584285736084
airfoil,0,407,9.884051586452284,13.398565292358398
airfoil,0,408,10.097875080610576,12.867532730102539
airfoil,0,409,9.797546562395597,13.07282829284668
airfoil,0,410,9.856515771464297,12.917219161987305
airfoil,0,411,9.819765040748997,13.246746063232422
airfoil,0,412,9.640428819154439,12.925629615783691
airfoil,0,413,9.784433967188784,13.680364608764648
airfoil,0,414,9.570531870189466,13.667655944824219
airfoil,0,415,9.747487626577678,13.387965202331543
airfoil,0,416,9.90496069506595,13.312548637390137
airfoil,0,417,9.737558427609896,12.99816608428955
airfoil,0,418,9.60251464341816,13.288912773132324
airfoil,0,419,9.560969189593667,12.743882179260254
airfoil,0,420,9.595080394493905,13.838295936584473
airfoil,0,421,9.707367357454801,13.348405838012695
airfoil,0,422,9.93688608470716,13.121994972229004
airfoil,0,423,9.551622440940456,12.979190826416016
airfoil,0,424,9.511610382481626,13.594371795654297
airfoil,0,425,9.933004341627422,12.77514362335205
airfoil,0,426,9.499421182431673,13.92822551727295
airfoil,0,427,9.514174473913092,13.280333518981934
airfoil,0,428,9.548245342154251,13.024343490600586
airfoil,0,429,9.339672640750283,12.807907104492188
airfoil,0,430,9.32973279451069,13.070291519165039
airfoil,0,431,9.302652936232718,12.693106651306152
airfoil,0,432,9.336501447778,12.72278118133545
airfoil,0,433,9.43771054870204,12.739757537841797
airfoil,0,434,9.179180722487601,13.745612144470215
airfoil,0,435,9.398475847746196,12.492545127868652
airfoil,0,436,9.25122168189601,12.501105308532715
airfoil,0,437,9.177452827754774,12.870808601379395
airfoil,0,438,9.62590722033852,13.1668062210083
airfoil,0,439,9.237034320831299,13.077173233032227
airfoil,0,440,9.105514745963248,12.879190444946289
airfoil,0,441,9.092903250142149,12.709506034851074
airfoil,0,442,8.958768443057412,12.157617568969727
airfoil,0,443,8.999574209514417,13.554998397827148
airfoil,0,444,9.052735767866436,12.06454849243164
airfoil,0,445,9.106126521763048,12.53634262084961
airfoil,0,446,8.932571411132812,12.371529579162598
airfoil,0,447,9.15469785740501,12.699780464172363
airfoil,0,448,9.097386209588302,12.25631046295166
airfoil,0,449,9.229778139214767,13.203094482421875
airfoil,0,450,8.859698320689954,12.6701078414917
airfoil,0,451,9.019890408766898,12.91521167755127
airfoil,0,452,8.6076611343183,12.383752822875977
airfoil,0,453,8.985832735111838,12.841946601867676
airfoil,0,454,8.744727009221128,12.609359741210938
airfoil,0,455,8.757768241982712,12.504632949829102
airfoil,0,456,8.794907519691868,12.873133659362793
airfoil,0,457,8.95545035914371,11.989975929260254
airfoil,0,458,8.710838399435344,12.41332721710205
airfoil,0,459,8.547414905146548,11.856439590454102
airfoil,0,460,8.684828155919126,12.783413887023926
airfoil,0,461,8.828262354198255,11.958292007446289
airfoil,0,462,8.487368320163927,12.394797325134277
airfoil,0,463,8.694683225531326,12.532970428466797
airfoil,0,464,8.764713902222482,13.620591163635254
airfoil,0,465,8.536643643128244,12.613356590270996
airfoil,0,466,8.828721410349795,12.95019817352295
airfoil,0,467,8.59399908467343,11.83248519897461
airfoil,0,468,8.729206336172004,12.689763069152832
airfoil,0,469,8.367874277265448,12.0565824508667
airfoil,0,470,8.714139034873561,12.496196746826172
airfoil,0,471,8.644217516246595,12.002156257629395
airfoil,0,472,8.284089395874425,11.764785766601562
airfoil,0,473,8.386114835739136,11.73202133178711
airfoil,0,474,8.356105340154548,12.10457706451416
airfoil,0,475,8.293043902045802,12.292482376098633
airfoil,0,476,8.312501832058555,11.971858978271484
airfoil,0,477,8.365892937308864,11.858649253845215
airfoil,0,478,8.209862112998962,12.310760498046875
airfoil,0,479,8.4113290309906,11.724405288696289
airfoil,0,480,8.559469524182772,11.83367919921875
airfoil,0,481,8.537816869585138,11.870508193969727
airfoil,0,482,8.22698654626545,11.607464790344238
airfoil,0,483,8.337119504025107,12.317108154296875
airfoil,0,484,8.08799900506672,12.03329086303711
airfoil,0,485,8.16737445404655,11.769399642944336
airfoil,0,486,8.1094550333525,11.884496688842773
airfoil,0,487,8.133919251592536,13.61449909210205
airfoil,0,488,8.202421200902839,11.952531814575195
airfoil,0,489,8.136041534574408,11.547377586364746
airfoil,0,490,7.9576140202974015,11.488898277282715
airfoil,0,491,8.051921204516763,11.583125114440918
airfoil,0,492,8.366540450798837,11.678889274597168
airfoil,0,493,8.261855087782207,12.076671600341797
airfoil,0,494,8.018206357955933,11.24843978881836
airfoil,0,495,7.9451503251728255,11.87049674987793
airfoil,0,496,8.018924951553345,11.372069358825684
airfoil,0,497,8.398312311423453,12.284293174743652
airfoil,0,498,8.17001127569299,11.930034637451172
airfoil,0,499,8.021048596030788,11.532576560974121
airfoil,0,500,8.13588927921496,11.612381935119629
airfoil,0,501,8.263281721817819,11.52190113067627
airfoil,0,502,7.969525506621913,11.838095664978027
airfoil,0,503,8.072144307588276,11.722792625427246
airfoil,0,504,7.943525533927114,11.428719520568848
airfoil,0,505,7.920347778420699,11.74563980102539
airfoil,0,506,7.796342874828138,11.329233169555664
airfoil,0,507,7.832555651664734,11.491475105285645
airfoil,0,508,8.000035386336478,12.285483360290527
airfoil,0,509,7.990311434394435,11.669882774353027
airfoil,0,510,7.847049738231458,11.381150245666504
airfoil,0,511,7.607739015629417,11.932778358459473
airfoil,0,512,7.890398590188277,11.929651260375977
airfoil,0,513,7.844150951034145,11.416730880737305
airfoil,0,514,7.691754792865954,11.977120399475098
airfoil,0,515,7.8975880522477,11.347697257995605
airfoil,0,516,7.690708787817704,11.332980155944824
airfoil,0,517,7.580351484449286,11.47815990447998
airfoil,0,518,7.781009391734474,11.7282133102417
airfoil,0,519,7.637494287992778,12.084283828735352
airfoil,0,520,7.665873000496312,11.870499610900879
airfoil,0,521,7.626553554283945,11.524256706237793
airfoil,0,522,7.623383597323769,11.371502876281738
airfoil,0,523,7.56295256865652,11.892448425292969
airfoil,0,524,7.6603243978399975,11.325526237487793
airfoil,0,525,7.512679677260549,11.283028602600098
airfoil,0,526,7.62512367022665,11.316226959228516
airfoil,0,527,7.4974680511575,11.478235244750977
airfoil,0,528,7.51595739000722,11.544291496276855
airfoil,0,529,7.548998349591305,11.563854217529297
airfoil,0,530,7.762126414399398,11.461129188537598
airfoil,0,531,7.488410391305623,11.300472259521484
airfoil,0,532,7.301670545025876,11.339444160461426
airfoil,0,533,7.458637444596541,11.0950345993042
airfoil,0,534,7.556028968409488,11.719354629516602
airfoil,0,535,7.492356162322195,11.217638969421387
airfoil,0,536,7.585606349141974,11.083831787109375
airfoil,0,537,7.33355010183234,11.427441596984863
airfoil,0,538,7.297596398152803,11.106487274169922
airfoil,0,539,7.542474671414024,11.043914794921875
airfoil,0,540,7.334326292339124,10.950899124145508
airfoil,0,541,7.314285014805041,10.977226257324219
airfoil,0,542,7.288050381760848,11.224053382873535
airfoil,0,543,7.395215222710057,11.73449993133545
airfoil,0,544,7.4028030759409855,10.70117473602295
airfoil,0,545,7.091149292494121,10.762115478515625
airfoil,0,546,7.242239663475438,11.138596534729004
airfoil,0,547,7.179342050301401,10.90783977508545
airfoil,0,548,7.1084127237922266,11.641396522521973
airfoil,0,549,7.2278470742075065,11.642645835876465
airfoil,0,550,7.188837440390336,10.629325866699219
airfoil,0,551,7.38829201146176,10.986418724060059
airfoil,0,552,7.196307954035308,10.921568870544434
airfoil,0,553,7.088139797511854,11.258801460266113
airfoil,0,554,7.367373924506338,10.360573768615723
airfoil,0,555,7.4325366961328605,10.745538711547852
airfoil,0,556,7.0614620509900545,11.911773681640625
airfoil,0,557,7.221144506805821,10.479781150817871
airfoil,0,558,7.164657711982727,10.33383846282959
airfoil,0,559,7.099465552129243,10.62657642364502
airfoil,0,560,6.912145689914101,10.678979873657227
airfoil,0,561,7.0816487387606974,10.834369659423828
airfoil,0,562,7.181981996486061,11.212621688842773
airfoil,0,563,6.945778426371123,10.767719268798828
airfoil,0,564,7.008649085697375,10.644079208374023
airfoil,0,565,7.0610326214840535,10.668935775756836
airfoil,0,566,7.083272137139973,11.289231300354004
airfoil,0,567,7.140964395121524,10.353754043579102
airfoil,0,568,6.798142188473752,10.2566556930542
airfoil,0,569,6.907042377873471,9.975768089294434
airfoil,0,570,6.7358996868133545,10.537323951721191
airfoil,0,571,6.8143576948266285,10.329304695129395
airfoil,0,572,6.918672511452122,10.170578956604004
airfoil,0,573,6.787263042048404,10.838275909423828
airfoil,0,574,6.796963729356465,10.854259490966797
airfoil,0,575,6.802813115872834,10.33213996887207
airfoil,0,576,6.73684110766963,10.297464370727539
airfoil,0,577,7.0740178007828565,11.176515579223633
airfoil,0,578,6.866339451388309,10.48686695098877
airfoil,0,579,6.868670733351457,11.661296844482422
airfoil,0,580,6.823944637649937,9.879500389099121
airfoil,0,581,7.329811761253758,10.285964012145996
airfoil,0,582,6.819922277801915,9.9534330368042
airfoil,0,583,6.76834910166891,10.541187286376953
airfoil,0,584,6.816165779766283,10.437664031982422
airfoil,0,585,6.687504410743713,10.331628799438477
airfoil,0,586,6.7220316121452734,10.551530838012695
airfoil,0,587,6.625838273449948,10.10917854309082
airfoil,0,588,6.644991021407278,9.932764053344727
airfoil,0,589,6.5792556122729655,9.846360206604004
airfoil,0,590,6.798372594933761,9.980981826782227
airfoil,0,591,6.579084973586233,10.1677885055542
airfoil,0,592,6.744753605441043,10.834589958190918
airfoil,0,593,6.639613854257684,10.055575370788574
airfoil,0,594,6.752741474854319,10.116873741149902
airfoil,0,595,6.613603773869966,10.452417373657227
airfoil,0,596,6.689265175869591,10.02648639678955
airfoil,0,597,6.536205793681898,10.760716438293457
airfoil,0,598,6.749546546685068,10.509490966796875
airfoil,0,599,6.571560859680176,10.304426193237305
airfoil,0,600,6.655529743746707,9.6884765625
airfoil,0,601,6.6075929779755445,9.867609024047852
airfoil,0,602,6.501318856289513,9.433926582336426
airfoil,0,603,6.565468405422411,10.291666984558105
airfoil,0,604,6.404366731643677,9.521360397338867
airfoil,0,605,6.697157734318783,10.042137145996094
airfoil,0,606,6.521373190377888,9.73278522491455
airfoil,0,607,6.445743698822825,9.724994659423828
airfoil,0,608,6.326777401723359,9.382390975952148
airfoil,0,609,6.588875086683976,9.696752548217773
airfoil,0,610,6.502854347229004,9.444425582885742
airfoil,0,611,6.765034957935936,9.701139450073242
airfoil,0,612,6.7651183354227165,10.0387544631958
airfoil,0,613,6.283541673108151,9.514008522033691
airfoil,0,614,6.35956104805595,9.453383445739746
airfoil,0,615,6.430896865694146,9.6994047164917
airfoil,0,616,6.809866158585799,10.402115821838379
airfoil,0,617,6.564202986265483,10.005290985107422
airfoil,0,618,6.595836683323509,10.043807029724121
airfoil,0,619,6.461321855846204,10.235953330993652
airfoil,0,620,6.394236941086619,9.920196533203125
airfoil,0,621,6.508903973980954,9.759543418884277
airfoil,0,622,6.836185756482576,9.571455955505371
airfoil,0,623,6.539720309408088,11.425817489624023
airfoil,0,624,6.506698269593088,9.661256790161133
airfoil,0,625,6.319793092577081,9.419185638427734
airfoil,0,626,6.195416437952142,9.620163917541504
airfoil,0,627,6.348632028228359,9.327189445495605
airfoil,0,628,6.3973179679167895,9.72140121459961
airfoil,0,629,6.593311316088626,9.170464515686035
airfoil,0,630,6.630917925583689,8.95709228515625
airfoil,0,631,6.358213725842927,9.022293090820312
airfoil,0,632,6.28123422672874,9.5862398147583
airfoil,0,633,6.2210774421691895,9.29738712310791
airfoil,0,634,6.2075129684649015,9.23336410522461
airfoil,0,635,6.386772231051796,9.54870319366455
airfoil,0,636,6.317158015150773,9.587501525878906
airfoil,0,637,6.354996053796065,9.685827255249023
airfoil,0,638,6.131785373938711,9.564393043518066
airfoil,0,639,6.230053500125282,9.137911796569824
airfoil,0,640,6.30121396089855,9.350447654724121
airfoil,0,641,6.429232904785557,10.701861381530762
airfoil,0,642,6.340263623940317,9.69694995880127
airfoil,0,643,6.184040446030466,9.438179969787598
airfoil,0,644,6.23555062319103,9.491180419921875
airfoil,0,645,6.289061972969456,8.926923751831055
airfoil,0,646,6.085121079495079,9.452790260314941
airfoil,0,647,6.149999781658775,8.981147766113281
airfoil,0,648,6.28122341632843,9.29843521118164
airfoil,0,649,6.257906763177169,9.323665618896484
airfoil,0,650,6.158015194692109,9.138867378234863
airfoil,0,651,6.352886513659828,9.90100383758545
airfoil,0,652,6.18328657275752,8.743703842163086
airfoil,0,653,6.279027022813496,8.904133796691895
airfoil,0,654,6.21196100586339,10.18447208404541
airfoil,0,655,6.130858258197182,9.337660789489746
airfoil,0,656,6.2026513062025375,9.380329132080078
airfoil,0,657,6.249264177523162,9.996583938598633
airfoil,0,658,6.391493841221458,9.656795501708984
airfoil,0,659,6.1802783953516105,9.14013385772705
airfoil,0,660,6.196885667349163,8.674086570739746
airfoil,0,661,5.954282051638553,9.838444709777832
airfoil,0,662,6.0612547397613525,9.532262802124023
airfoil,0,663,6.204296174802278,9.434222221374512
airfoil,0,664,5.985370014843188,8.509160041809082
airfoil,0,665,5.9923918058997705,9.244847297668457
airfoil,0,666,6.2097714700196915,10.30414867401123
airfoil,0,667,6.143029771353069,8.982023239135742
airfoil,0,668,6.050691447759929,9.206972122192383
airfoil,0,669,5.954094024080979,8.715286254882812
airfoil,0,670,6.09483359989367,9.025595664978027
airfoil,0,671,6.0576027318050985,8.842065811157227
airfoil,0,672,6.068939152516816,8.755163192749023
airfoil,0,673,5.901260984571357,8.85273265838623
airfoil,0,674,5.95921013857189,9.09778118133545
airfoil,0,675,6.1127482652664185,8.747221946716309
airfoil,0,676,5.940014669769688,8.475974082946777
airfoil,0,677,5.846573114395142,9.742905616760254
airfoil,0,678,6.4245719784184505,8.402965545654297
airfoil,0,679,6.500916129664371,8.623826026916504
airfoil,0,680,6.060487615434747,8.934979438781738
airfoil,0,681,5.954975730494449,9.525325775146484
airfoil,0,682,6.065593920255962,9.197992324829102
airfoil,0,683,6.058067886452926,8.982695579528809
airfoil,0,684,5.864246635060561,8.582029342651367
airfoil,0,685,6.055081869426527,8.66380500793457
airfoil,0,686,5.890283992415981,10.425735473632812
airfoil,0,687,6.267991574187028,8.579909324645996
airfoil,0,688,5.752938973276239,9.067562103271484
airfoil,0,689,5.850164890289307,8.51673698425293
airfoil,0,690,5.992909149119728,8.668282508850098
airfoil,0,691,5.8223180833615755,8.901033401489258
airfoil,0,692,5.839120180983293,8.479140281677246
airfoil,0,693,5.762608082670915,8.594560623168945
airfoil,0,694,5.910916033544038,8.464632034301758
airfoil,0,695,6.1203176347832935,8.3822603225708
airfoil,0,696,5.808972277139363,9.174545288085938
airfoil,0,697,5.985764804639314,8.453044891357422
airfoil,0,698,5.753049204224034,8.681537628173828
airfoil,0,699,5.753932407027797,9.064586639404297
airfoil,0,700,5.735601111462242,9.015242576599121
airfoil,0,701,6.011191926504436,8.926466941833496
airfoil,0,702,5.8505416041926335,8.44738483428955
airfoil,0,703,5.959686605553878,8.992074012756348
airfoil,0,704,5.773488653333564,8.608628273010254
airfoil,0,705,5.668017638357062,9.202250480651855
airfoil,0,706,5.69158284915121,8.436896324157715
airfoil,0,707,5.77464120638998,8.481440544128418
airfoil,0,708,5.702213808109886,8.816211700439453
airfoil,0,709,5.54091823728461,8.378068923950195
airfoil,0,710,5.72443677877125,8.652729034423828
airfoil,0,711,5.740533973041334,8.380986213684082
airfoil,0,712,5.597203430376555,8.312691688537598
airfoil,0,713,5.787737513843336,8.360998153686523
airfoil,0,714,5.936751754660356,8.816676139831543
airfoil,0,715,5.695020161176982,8.757227897644043
airfoil,0,716,5.7140205973073055,8.234819412231445
airfoil,0,717,5.740182983247857,8.059394836425781
airfoil,0,718,5.823153753029673,8.454142570495605
airfoil,0,719,5.677060682522623,8.96920108795166
airfoil,0,720,5.678075332390635,8.934041023254395
airfoil,0,721,5.6837089563670915,8.609025955200195
airfoil,0,722,5.61682234939776,8.401824951171875
airfoil,0,723,5.616818390394512,8.260818481445312
airfoil,0,724,5.9243095736754565,9.095663070678711
airfoil,0,725,5.492889159604123,8.402547836303711
airfoil,0,726,5.4735758900642395,8.964868545532227
airfoil,0,727,5.631421421703539,8.469352722167969
airfoil,0,728,5.924668782635739,8.769091606140137
airfoil,0,729,5.79023129689066,8.9085111618042
airfoil,0,730,5.61127139392652,8.53941535949707
airfoil,0,731,5.4614490647065015,8.151952743530273
airfoil,0,732,5.6496643957338835,8.237606048583984
airfoil,0,733,5.482080879964326,8.141159057617188
airfoil,0,734,5.546578488851848,8.014862060546875
airfoil,0,735,5.5990459730750635,8.39265251159668
airfoil,0,736,5.6849938160494755,8.835746765136719
airfoil,0,737,5.451443082407901,8.578015327453613
airfoil,0,738,5.287132106329265,8.112530708312988
airfoil,0,739,5.535151155371415,8.57537841796875
airfoil,0,740,5.9031008293754175,8.708369255065918
airfoil,0,741,6.094225544678538,8.665213584899902
airfoil,0,742,5.440184643394069,8.396920204162598
airfoil,0,743,5.458048663641277,7.880275249481201
airfoil,0,744,5.372391700744629,8.082974433898926
airfoil,0,745,5.385472385506881,7.826415061950684
airfoil,0,746,5.462201639225609,8.483628273010254
airfoil,0,747,5.614931319889269,8.134552001953125
airfoil,0,748,5.499554866238644,8.063836097717285
airfoil,0,749,5.4956233124983935,8.085140228271484
airfoil,0,750,5.48216796548743,7.615821361541748
airfoil,0,751,5.453221829313981,8.069725036621094
airfoil,0,752,5.3198916410145,8.159765243530273
airfoil,0,753,5.561040608506453,8.27258586883545
airfoil,0,754,5.578095260419343,7.966061115264893
airfoil,0,755,5.372657336686787,8.0921630859375
airfoil,0,756,5.304255592195611,7.897374629974365
airfoil,0,757,5.574764207789772,8.711130142211914
airfoil,0,758,5.45589312126762,7.945536136627197
airfoil,0,759,5.671005399603593,8.607758522033691
airfoil,0,760,5.244587653561642,8.065475463867188
airfoil,0,761,5.222059168313679,7.808281898498535
airfoil,0,762,5.375004718178197,7.934093475341797
airfoil,0,763,5.329193993618614,7.822169780731201
airfoil,0,764,5.321590266729656,8.16299057006836
airfoil,0,765,5.231184708444696,8.378742218017578
airfoil,0,766,5.357928564673976,9.316486358642578
airfoil,0,767,6.427880776555915,9.228139877319336
airfoil,0,768,5.752809304940073,8.000699996948242
airfoil,0,769,5.331088925662794,8.02875804901123
airfoil,0,770,5.311614613783987,8.359662055969238
airfoil,0,771,5.358504872573049,8.30866527557373
airfoil,0,772,5.3428779652244165,8.641950607299805
airfoil,0,773,5.703435784892032,7.967837810516357
airfoil,0,774,5.118234960656417,7.887916088104248
airfoil,0,775,5.230469854254472,7.419246196746826
airfoil,0,776,5.2483292065168685,8.882145881652832
airfoil,0,777,5.284764986289175,8.06579303741455
airfoil,0,778,5.23636983256591,7.970694065093994
airfoil,0,779,5.660095986567046,8.627697944641113
airfoil,0,780,5.175466644136529,7.8548431396484375
airfoil,0,781,5.036764395864386,7.413518905639648
airfoil,0,782,5.129320376797726,8.263863563537598
airfoil,0,783,5.131268946748031,7.746669769287109
airfoil,0,784,5.046438292453163,7.628322601318359
airfoil,0,785,5.127590493152016,7.462949275970459
airfoil,0,786,5.071497559547424,8.202744483947754
airfoil,0,787,5.231524072195354,7.812322616577148
airfoil,0,788,5.014315147148936,7.995257377624512
airfoil,0,789,5.239840350652996,9.39172649383545
airfoil,0,790,5.368183631646006,7.38784646987915
airfoil,0,791,5.084211299293919,8.035250663757324
airfoil,0,792,4.990224612386603,8.149947166442871
airfoil,0,793,5.123895808270103,7.928865432739258
airfoil,0,794,5.086161933447185,7.50529146194458
airfoil,0,795,5.093815709415235,7.485936641693115
airfoil,0,796,5.033644626015111,8.012259483337402
airfoil,0,797,5.0324006864899085,7.606953144073486
airfoil,0,798,5.012542090917888,7.487596035003662
airfoil,0,799,5.07945275934119,7.391909122467041
airfoil,0,800,4.941357458892622,7.732475757598877
airfoil,0,801,5.686398085794951,7.73065185546875
airfoil,0,802,5.325050247342963,7.551916599273682
airfoil,0,803,5.099843320093657,7.646807670593262
airfoil,0,804,4.9697717020386145,7.595877170562744
airfoil,0,805,4.967669593660455,7.698198318481445
airfoil,0,806,5.064692923897191,7.639200687408447
airfoil,0,807,5.07376305680526,7.201814651489258
airfoil,0,808,5.084097843421133,7.611359119415283
airfoil,0,809,5.054750511520787,7.361285209655762
airfoil,0,810,5.051640410172312,8.026498794555664
airfoil,0,811,4.914655064281664,7.605498790740967
airfoil,0,812,4.900802693868938,7.437305450439453
airfoil,0,813,5.020948695509057,7.6834797859191895
airfoil,0,814,4.914457490569667,7.8561930656433105
airfoil,0,815,5.214787182055022,7.215124607086182
airfoil,0,816,4.995138328326376,7.708227634429932
airfoil,0,817,4.988030697170057,7.702005863189697
airfoil,0,818,4.893977281294371,7.588982582092285
airfoil,0,819,4.9846762983422535,7.148439884185791
airfoil,0,820,5.1559774373707015,7.836920738220215
airfoil,0,821,5.180750501783271,7.195694923400879
airfoil,0,822,5.052714065501564,7.524399280548096
airfoil,0,823,4.856705671862552,7.526010513305664
airfoil,0,824,4.731172423613699,7.4324631690979
airfoil,0,825,4.84006847205915,8.38928508758545
airfoil,0,826,5.090902472797193,8.253637313842773
airfoil,0,827,4.924677020625064,7.338688373565674
airfoil,0,828,4.905153437664635,7.493015766143799
airfoil,0,829,4.989669762159648,7.232795238494873
airfoil,0,830,4.700155703645003,7.023034572601318
airfoil,0,831,4.915231899211281,7.761093616485596
airfoil,0,832,4.953671151085904,7.6888957023620605
airfoil,0,833,4.709634398159228,7.246316909790039
airfoil,0,834,4.805556159270437,7.438839435577393
airfoil,0,835,4.990997521500838,7.143040180206299
airfoil,0,836,4.8727320809113355,7.488593578338623
airfoil,0,837,5.293919080182126,7.278014183044434
airfoil,0,838,4.9193321215479,7.526850700378418
airfoil,0,839,4.80133707272379,7.4818878173828125
airfoil,0,840,4.752117401675174,7.578334331512451
airfoil,0,841,4.701387838313454,8.72213363647461
airfoil,0,842,5.517528408452084,7.400019645690918
airfoil,0,843,5.052544775762056,7.182892322540283
airfoil,0,844,4.693245536402652,7.5541090965271
airfoil,0,845,4.782703060852854,7.319212913513184
airfoil,0,846,4.670403016240973,7.333770275115967
airfoil,0,847,4.673863768577576,8.170166015625
airfoil,0,848,4.741509431286862,7.584596157073975
airfoil,0,849,4.78676742629001,7.002078533172607
airfoil,0,850,4.711573302745819,7.071713924407959
airfoil,0,851,4.916767170554714,7.464224338531494
airfoil,0,852,4.740287021586769,7.289756774902344
airfoil,0,853,4.862084100120946,8.13467788696289
airfoil,0,854,4.856219272864492,7.681791305541992
airfoil,0,855,4.694635297122755,6.880937576293945
airfoil,0,856,4.6837780475616455,6.983893394470215
airfoil,0,857,4.905920649829664,9.411645889282227
airfoil,0,858,4.913312880616439,7.449187755584717
airfoil,0,859,4.862596972992546,7.2464919090271
airfoil,0,860,4.570246658827129,6.832079887390137
airfoil,0,861,4.61620285009083,7.630248069763184
airfoil,0,862,4.746174266463832,7.2483229637146
airfoil,0,863,4.647079091323049,6.831703186035156
airfoil,0,864,4.636126173169989,7.939414024353027
airfoil,0,865,4.685276853410821,8.313756942749023
airfoil,0,866,4.730445441446807,6.777246952056885
airfoil,0,867,4.575314954707497,6.806302547454834
airfoil,0,868,4.659634765825774,8.303411483764648
airfoil,0,869,4.940512180328369,7.64511251449585
airfoil,0,870,4.671587385629353,7.4073805809021
airfoil,0,871,4.73357113411552,6.803162574768066
airfoil,0,872,4.6010332107543945,7.336402416229248
airfoil,0,873,4.530400665182817,6.837586402893066
airfoil,0,874,4.720608773984407,7.503649711608887
airfoil,0,875,4.734504310708297,7.364436626434326
airfoil,0,876,4.389905051181191,6.868318557739258
airfoil,0,877,4.583920312555213,7.309033393859863
airfoil,0,878,4.9726084596232365,6.905224800109863
airfoil,0,879,4.6006966578333,6.722693920135498
airfoil,0,880,4.479424404470544,7.273844242095947
airfoil,0,881,4.595252708384865,7.160452365875244
airfoil,0,882,5.0535551435069035,7.687932014465332
airfoil,0,883,4.966653930513482,7.0698370933532715
airfoil,0,884,4.424295648148186,7.022752285003662
airfoil,0,885,4.648870072866741,7.111917495727539
airfoil,0,886,4.736187163152192,7.071308612823486
airfoil,0,887,4.5258812088715406,7.083390235900879
airfoil,0,888,4.481140594733389,7.069465160369873
airfoil,0,889,4.585865986974616,6.932664394378662
airfoil,0,890,4.505245039337559,6.671409606933594
airfoil,0,891,4.651027271622105,6.8609619140625
airfoil,0,892,4.460376576373451,7.38411283493042
airfoil,0,893,4.538901297669661,6.5897297859191895
airfoil,0,894,4.335878002016168,6.993137359619141
airfoil,0,895,4.5906615320004915,6.9685750007629395
airfoil,0,896,4.471105851625142,7.112585544586182
airfoil,0,897,4.584235191345215,6.569220066070557
airfoil,0,898,4.380521843307896,6.845327854156494
airfoil,0,899,4.366739787553486,6.507838726043701
airfoil,0,900,4.576581961230228,6.7627668380737305
airfoil,0,901,4.65894510557777,7.015665054321289
airfoil,0,902,4.417076945304871,7.03176736831665
airfoil,0,903,4.430173353144997,7.375661849975586
airfoil,0,904,5.108825093821475,7.127886772155762
airfoil,0,905,4.506464625659742,6.801469802856445
airfoil,0,906,4.589036370578565,6.8936662673950195
airfoil,0,907,4.295185255376916,6.825904369354248
airfoil,0,908,4.343592198271501,6.821784019470215
airfoil,0,909,4.51888792765768,7.796141147613525
airfoil,0,910,4.449484266732869,6.464029788970947
airfoil,0,911,4.438205973098152,6.671596527099609
airfoil,0,912,4.456229043634314,7.060635566711426
airfoil,0,913,4.311457153997924,7.520089626312256
airfoil,0,914,4.315027139688793,6.671435356140137
airfoil,0,915,4.247300210751985,6.882325649261475
airfoil,0,916,4.503126313811855,6.652237892150879
airfoil,0,917,4.5655725880673055,6.869753360748291
airfoil,0,918,4.440921394448531,6.4269866943359375
airfoil,0,919,4.326026596521077,6.639211177825928
airfoil,0,920,4.478237136414177,6.818036079406738
airfoil,0,921,4.378073830353586,6.934913635253906
airfoil,0,922,4.495994247888264,7.175239086151123
airfoil,0,923,4.729570555059533,7.25991678237915
airfoil,0,924,4.377140936098601,6.6736931800842285
airfoil,0,925,4.3536232772626375,6.6765899658203125
airfoil,0,926,4.3536164948814795,6.437125205993652
airfoil,0,927,4.358014614958512,7.256019592285156
airfoil,0,928,4.446628307041369,6.843506813049316
airfoil,0,929,4.23179987229799,6.366787433624268
airfoil,0,930,4.344132969253941,6.386758804321289
airfoil,0,931,4.341987051461873,6.693503379821777
airfoil,0,932,4.483332903761613,6.508456230163574
airfoil,0,933,4.222059933762801,6.534750461578369
airfoil,0,934,4.479981234199123,6.928210258483887
airfoil,0,935,4.27096784742255,6.667282581329346
airfoil,0,936,4.335133025520726,6.546515464782715
airfoil,0,937,4.272962576464603,7.198803901672363
airfoil,0,938,4.434344398347955,7.085278511047363
airfoil,0,939,4.399774840003566,7.2802605628967285
airfoil,0,940,4.29096425834455,6.379600524902344
airfoil,0,941,4.560302266949101,7.123283863067627
airfoil,0,942,4.389292340529592,6.761201858520508
airfoil,0,943,4.40777155600096,6.344419002532959
airfoil,0,944,4.298089930885716,6.775541305541992
airfoil,0,945,4.276709280515972,7.168843746185303
airfoil,0,946,4.287676450453307,6.429361820220947
airfoil,0,947,4.241217280689039,6.505103588104248
airfoil,0,948,4.360564049921538,6.65040397644043
airfoil,0,949,4.253634546932421,6.381582736968994
airfoil,0,950,4.250191362280595,7.217043399810791
airfoil,0,951,4.596648708770149,7.0535736083984375
airfoil,0,952,4.179032943750682,6.99461030960083
airfoil,0,953,4.170036522965682,6.429341793060303
airfoil,0,954,4.336977340673146,6.6107892990112305
airfoil,0,955,4.292922986181159,6.409367561340332
airfoil,0,956,4.136715528212096,6.901949882507324
airfoil,0,957,4.421559170672768,6.531929016113281
airfoil,0,958,4.202655760865462,7.322251796722412
airfoil,0,959,4.2316214850074365,6.591256618499756
airfoil,0,960,4.427274114207218,8.106352806091309
airfoil,0,961,4.336035860212226,6.184396266937256
airfoil,0,962,4.196835834729044,6.842657089233398
airfoil,0,963,4.32186716481259,6.604630470275879
airfoil,0,964,4.118073312859786,6.699847221374512
airfoil,0,965,4.14537480316664,6.423751354217529
airfoil,0,966,4.127708171543322,6.5643310546875
airfoil,0,967,4.207372345422444,6.352474689483643
airfoil,0,968,4.078968951576634,6.443556308746338
airfoil,0,969,4.159043879885423,6.404897689819336
airfoil,0,970,4.51021249043314,7.309161186218262
airfoil,0,971,4.303431717973006,6.59743070602417
airfoil,0,972,4.128726764729149,6.595508098602295
airfoil,0,973,4.078219689820942,6.490629196166992
airfoil,0,974,4.192660651708904,6.4930739402771
airfoil,0,975,4.110107290117364,6.547140121459961
airfoil,0,976,4.1449701942895585,6.434344291687012
airfoil,0,977,4.314411050394962,6.271105766296387
airfoil,0,978,4.133573256040874,6.4604172706604
airfoil,0,979,4.200890396770678,6.5810866355896
airfoil,0,980,4.125497184301677,6.571115970611572
airfoil,0,981,4.119985611815202,6.510698318481445
airfoil,0,982,4.0957034104748775,7.043055057525635
airfoil,0,983,4.231165026363573,6.929126739501953
airfoil,0,984,4.248341754863136,6.4579620361328125
airfoil,0,985,4.184695952817013,6.5842156410217285
airfoil,0,986,4.514673703595212,6.432334899902344
airfoil,0,987,4.457604119652196,7.2966766357421875
airfoil,0,988,4.224607662150734,6.236341953277588
airfoil,0,989,4.095677093455666,6.220883369445801
airfoil,0,990,4.064130287421377,6.200162887573242
airfoil,0,991,4.037816800569233,6.882534027099609
airfoil,0,992,4.178519057600122,6.165550231933594
airfoil,0,993,4.149743073864987,6.239844799041748
airfoil,0,994,4.062428803820359,7.494964122772217
airfoil,0,995,4.335047094445479,6.484002113342285
airfoil,0,996,4.171997641262255,6.365904331207275
airfoil,0,997,3.9824099666193913,5.995072364807129
airfoil,0,998,4.033973696984742,5.973296165466309
airfoil,0,999,4.260344530406751,6.7193169593811035
airfoil,5,0,18.466006404475163,23.318645477294922
airfoil,5,1,18.459652147795026,23.035192489624023
airfoil,5,2,17.639485083128278,23.842132568359375
airfoil,5,3,17.786279151314183,26.236711502075195
airfoil,5,4,17.32905746761121,21.772144317626953
airfoil,5,5,16.88210728293971,21.52191162109375
airfoil,5,6,16.867906545337878,21.86358642578125
airfoil,5,7,16.19257852905675,21.372867584228516
airfoil,5,8,16.39786007529811,21.292146682739258
airfoil,5,9,16.06020965074238,21.07706069946289
airfoil,5,10,15.76917146381579,21.621536254882812
airfoil,5,11,15.42143910809567,19.90679168701172
airfoil,5,12,15.302034654115376,20.288671493530273
airfoil,5,13,15.377081569872404,19.717912673950195
airfoil,5,14,15.220185932360197,19.253326416015625
airfoil,5,15,15.072277282413683,19.135114669799805
airfoil,5,16,15.205454788709941,18.69344711303711
airfoil,5,17,14.632824069575259,20.775604248046875
airfoil,5,18,14.646400526950234,18.93405532836914
airfoil,5,19,14.576315967660202,20.289342880249023
airfoil,5,20,14.336567502272757,18.712907791137695
airfoil,5,21,14.342221134587339,19.36454963684082
airfoil,5,22,14.212924141632882,19.826007843017578
airfoil,5,23,14.145916876040006,17.90350341796875
airfoil,5,24,14.048553667570415,18.0775203704834
airfoil,5,25,14.185434266140586,17.486492156982422
airfoil,5,26,13.419490814208984,17.439266204833984
airfoil,5,27,13.231159147463346,18.146045684814453
airfoil,5,28,13.30785830397355,16.950448989868164
airfoil,5,29,13.442704351324783,17.084590911865234
airfoil,5,30,14.096948586012187,17.801197052001953
airfoil,5,31,12.805819247898302,16.95673370361328
airfoil,5,32,12.813444049734818,16.609508514404297
airfoil,5,33,12.458893838681673,16.067310333251953
airfoil,5,34,12.115250323948107,17.22684669494629
airfoil,5,35,13.05344087199161,17.706235885620117
airfoil,5,36,12.224015882140712,16.600189208984375
airfoil,5,37,11.987935329738416,15.907639503479004
airfoil,5,38,11.885223351026836,16.288721084594727
airfoil,5,39,11.880458656110262,16.65052604675293
airfoil,5,40,12.070109266983835,15.620490074157715
airfoil,5,41,11.768291498485365,15.35131549835205
airfoil,5,42,11.615279385918065,16.961658477783203
airfoil,5,43,11.76971923677545,16.5439510345459
airfoil,5,44,11.83026375268635,15.671619415283203
airfoil,5,45,11.188141734976517,15.133453369140625
airfoil,5,46,11.124531068299946,16.17064094543457
airfoil,5,47,11.291089760629754,14.674028396606445
airfoil,5,48,10.805320313102321,14.721297264099121
airfoil,5,49,10.92290415261921,14.472617149353027
airfoil,5,50,10.62158989906311,14.155976295471191
airfoil,5,51,11.024100993808947,14.317032814025879
airfoil,5,52,11.023582496141133,13.956570625305176
airfoil,5,53,10.692305351558485,14.285324096679688
airfoil,5,54,10.346107282136616,15.20512866973877
airfoil,5,55,10.645134047458047,14.857976913452148
airfoil,5,56,10.309556521867451,13.147165298461914
airfoil,5,57,9.740269679772226,14.5948486328125
airfoil,5,58,10.145573854446411,12.826544761657715
airfoil,5,59,9.808909880487542,13.682398796081543
airfoil,5,60,9.662981572904085,12.617582321166992
airfoil,5,61,9.37502700404117,12.63341236114502
airfoil,5,62,9.395817223348116,12.428322792053223
airfoil,5,63,9.33830988407135,13.518608093261719
airfoil,5,64,9.374660517040052,12.062613487243652
airfoil,5,65,9.411713826028924,14.091787338256836
airfoil,5,66,9.172715651361566,13.333661079406738
airfoil,5,67,9.445352868029946,11.466499328613281
airfoil,5,68,8.714963473771748,11.941189765930176
airfoil,5,69,8.898614657552619,11.326332092285156
airfoil,5,70,8.729030671872591,11.80611515045166
airfoil,5,71,8.584252338660392,11.362550735473633
airfoil,5,72,8.391725778579712,11.000365257263184
airfoil,5,73,8.345056621651901,11.341509819030762
airfoil,5,74,8.26094769176684,11.271684646606445
airfoil,5,75,8.33624479645177,11.120712280273438
airfoil,5,76,7.8001542969753865,10.816313743591309
airfoil,5,77,8.048517440494738,10.51398754119873
airfoil,5,78,7.9755922304956535,10.540936470031738
airfoil,5,79,7.913042200239081,10.837299346923828
airfoil,5,80,7.918276573482313,10.104889869689941
airfoil,5,81,8.069730984537225,10.276138305664062
airfoil,5,82,8.227985344435039,10.968582153320312
airfoil,5,83,7.860951160129748,9.958921432495117
airfoil,5,84,7.635641894842449,10.364615440368652
airfoil,5,85,7.698178184659858,10.363755226135254
airfoil,5,86,7.61660749661295,9.886516571044922
airfoil,5,87,7.520940636333666,9.714804649353027
airfoil,5,88,7.3171217002366715,9.689666748046875
airfoil,5,89,7.423926830291748,10.127093315124512
airfoil,5,90,7.4416334189866715,9.933168411254883
airfoil,5,91,7.479973328740973,9.533124923706055
airfoil,5,92,7.180635740882472,9.464540481567383
airfoil,5,93,7.325323192696822,9.580199241638184
airfoil,5,94,7.019813550146003,9.44135856628418
airfoil,5,95,7.050580884280958,10.103947639465332
airfoil,5,96,7.519478214414496,9.420121192932129
airfoil,5,97,7.0047812712819955,9.820096969604492
airfoil,5,98,7.07893066657217,9.114211082458496
airfoil,5,99,6.900060986217699,9.422249794006348
airfoil,5,100,7.124841765353554,9.109228134155273
airfoil,5,101,7.139615504365218,10.145750999450684
airfoil,5,102,7.112730358776293,9.070812225341797
airfoil,5,103,7.128212175871196,9.576264381408691
airfoil,5,104,6.974882587006218,8.940322875976562
airfoil,5,105,6.696247050636693,9.208566665649414
airfoil,5,106,6.653494006709049,8.996537208557129
airfoil,5,107,7.267496767796968,9.771225929260254
airfoil,5,108,6.864408499316165,9.435093879699707
airfoil,5,109,6.705912866090474,9.012316703796387
airfoil,5,110,6.614932769223263,8.603147506713867
airfoil,5,111,6.441630501496165,8.752306938171387
airfoil,5,112,6.455267899914792,8.942497253417969
airfoil,5,113,6.630671595272265,9.221078872680664
airfoil,5,114,6.494514421412819,9.334053993225098
airfoil,5,115,6.870444517386587,9.435477256774902
airfoil,5,116,6.714756695847762,8.408110618591309
airfoil,5,117,6.357859893849022,8.923775672912598
airfoil,5,118,6.51820707321167,10.291670799255371
airfoil,5,119,6.517751103953311,8.317069053649902
airfoil,5,120,6.302303966722991,8.432801246643066
airfoil,5,121,6.424885831381145,8.916296005249023
airfoil,5,122,6.234600211444654,8.378767013549805
airfoil,5,123,6.702537266831649,9.379626274108887
airfoil,5,124,6.478955519826789,8.36465072631836
airfoil,5,125,6.367792518515336,8.8201904296875
airfoil,5,126,6.236224638788324,7.954616069793701
airfoil,5,127,6.287224236287568,8.15986442565918
airfoil,5,128,6.193277603701541,8.038365364074707
airfoil,5,129,6.2770643422478125,10.182906150817871
airfoil,5,130,6.39316001063899,9.719596862792969
airfoil,5,131,6.18208110332489,7.899134159088135
airfoil,5,132,6.098753057028118,8.41670036315918
airfoil,5,133,7.1484184829812305,9.191872596740723
airfoil,5,134,6.373296850606015,7.839785099029541
airfoil,5,135,5.934268857303419,7.661493301391602
airfoil,5,136,6.11966011398717,8.402247428894043
airfoil,5,137,6.145486756374962,8.24548625946045
airfoil,5,138,5.945359123380561,8.655919075012207
airfoil,5,139,6.143631445734124,8.129240989685059
airfoil,5,140,5.987875461578369,8.648430824279785
airfoil,5,141,5.9693742237593,7.611018657684326
airfoil,5,142,6.02624415723901,8.147183418273926
airfoil,5,143,5.899366046253004,7.706355571746826
airfoil,5,144,5.801260891713594,7.826659202575684
airfoil,5,145,5.835942406403391,7.4896345138549805
airfoil,5,146,5.729343972708049,8.191986083984375
airfoil,5,147,5.896950451951278,8.054362297058105
airfoil,5,148,5.867455953045895,7.9230241775512695
airfoil,5,149,5.767663146320142,7.475018501281738
airfoil,5,150,5.72897796254409,7.470072269439697
airfoil,5,151,5.540394105409321,7.568368434906006
airfoil,5,152,5.586068128284655,7.490310192108154
airfoil,5,153,5.533579606758921,7.570900917053223
airfoil,5,154,5.461147596961574,7.596170425415039
airfoil,5,155,5.62079245793192,7.303343772888184
airfoil,5,156,5.804933836585597,7.293809413909912
airfoil,5,157,5.753091410586708,7.843560218811035
airfoil,5,158,5.6224446296691895,7.141623497009277
airfoil,5,159,5.557962643472772,8.087407112121582
airfoil,5,160,5.554949038907101,7.3126726150512695
airfoil,5,161,5.657019207352086,7.809592247009277
airfoil,5,162,5.67268116850602,7.320589065551758
airfoil,5,163,5.372695966770775,6.84832763671875
airfoil,5,164,5.287816317457902,6.982250213623047
airfoil,5,165,5.375444324393022,6.965270042419434
airfoil,5,166,5.4431647689718945,6.98604154586792
airfoil,5,167,5.538777188250893,7.180682182312012
airfoil,5,168,5.127097976835151,6.840033531188965
airfoil,5,169,5.166618152668602,6.817978382110596
airfoil,5,170,5.64371489223681,7.2728962898254395
airfoil,5,171,5.418661199117961,6.827066421508789
airfoil,5,172,5.161669210383766,7.599454879760742
airfoil,5,173,5.428389668464661,6.691545009613037
airfoil,5,174,5.4868796059959815,6.706706523895264
airfoil,5,175,5.12579808109685,7.02163553237915
airfoil,5,176,5.142733203737359,6.434762477874756
airfoil,5,177,5.5337247597543815,7.223238945007324
airfoil,5,178,5.362986715216386,6.6671061515808105
airfoil,5,179,5.097017156450372,7.414374351501465
airfoil,5,180,5.28573813563899,6.421422481536865
airfoil,5,181,5.070211862262926,6.386139392852783
airfoil,5,182,5.027131714318928,7.174361228942871
airfoil,5,183,5.656740389372173,6.438691139221191
airfoil,5,184,4.906499348188701,6.664330005645752
airfoil,5,185,5.011805007332249,6.490646839141846
airfoil,5,186,5.016124737890143,6.355374336242676
airfoil,5,187,5.123515555733128,6.223958492279053
airfoil,5,188,4.911103863465159,6.457309722900391
airfoil,5,189,5.12311567758259,6.1153483390808105
airfoil,5,190,5.15441349933022,6.09665584564209
airfoil,5,191,5.109225539784682,6.072983264923096
airfoil,5,192,4.9043735391215275,6.405865669250488
airfoil,5,193,4.785971123921244,6.6325201988220215
airfoil,5,194,5.046501937665437,6.74948263168335
airfoil,5,195,4.895729002199675,5.866405487060547
airfoil,5,196,4.934085742423409,6.146415710449219
airfoil,5,197,4.805508977488468,5.929071426391602
airfoil,5,198,4.895112432931599,6.074334621429443
airfoil,5,199,4.868351911243639,6.292322635650635
airfoil,5,200,4.8414997427087085,6.071579456329346
airfoil,5,201,4.86199973131481,5.771605968475342
airfoil,5,202,4.740623919587386,6.10065221786499
airfoil,5,203,4.978758209630063,6.284533500671387
airfoil,5,204,4.667816356608742,5.922431468963623
airfoil,5,205,4.562259344678176,5.8796515464782715
airfoil,5,206,4.733565437166314,6.164060115814209
airfoil,5,207,4.843326110588877,7.091533184051514
airfoil,5,208,4.691547870635986,6.371840476989746
airfoil,5,209,4.6333758642798974,5.88004207611084
airfoil,5,210,4.724386692047119,6.074278354644775
airfoil,5,211,4.7020567341854695,5.832852363586426
airfoil,5,212,4.61377971109591,6.143312931060791
airfoil,5,213,4.698604985287315,5.739612102508545
airfoil,5,214,4.467296995614705,5.851078510284424
airfoil,5,215,4.718212824118765,5.746061325073242
airfoil,5,216,4.561543182322853,5.801451206207275
airfoil,5,217,4.456043575939379,5.5925493240356445
airfoil,5,218,4.510666627632944,5.747551441192627
airfoil,5,219,4.634347514102333,5.4740891456604
airfoil,5,220,4.3050804044071,5.513280868530273
airfoil,5,221,4.456682528320112,5.726792335510254
airfoil,5,222,4.533834447986202,5.5609636306762695
airfoil,5,223,4.391356521531155,5.397894859313965
airfoil,5,224,4.3180557583507735,5.807543754577637
airfoil,5,225,4.39524067075629,6.64605712890625
airfoil,5,226,4.549096753722743,5.832745552062988
airfoil,5,227,4.438771360798886,5.5178656578063965
airfoil,5,228,4.469306641503384,5.647527694702148
airfoil,5,229,4.283001680123179,5.318246841430664
airfoil,5,230,4.30280453907816,5.5229811668396
airfoil,5,231,4.518937142271745,6.396862983703613
airfoil,5,232,4.3026159437079174,5.384171962738037
airfoil,5,233,4.273182006258714,5.414340019226074
airfoil,5,234,4.33102033640209,5.51524543762207
airfoil,5,235,4.4845406318965715,5.7767486572265625
airfoil,5,236,4.610133547531931,7.683626174926758
airfoil,5,237,4.847799279187855,5.945720195770264
airfoil,5,238,4.471593467812789,5.8956379890441895
airfoil,5,239,4.386240554483313,5.663743019104004
airfoil,5,240,4.257049990327735,5.205150604248047
airfoil,5,241,4.1491138056704875,5.416879653930664
airfoil,5,242,4.49379363185481,5.212417125701904
airfoil,5,243,4.2305765716653125,5.272428512573242
airfoil,5,244,4.167127113593252,5.271114349365234
airfoil,5,245,4.223954470534074,5.120041847229004
airfoil,5,246,4.068755887056652,5.349603176116943
airfoil,5,247,4.115098244265506,5.51244592666626
airfoil,5,248,4.231002986431122,5.109169006347656
airfoil,5,249,4.261389647659502,5.432474136352539
airfoil,5,250,4.335441413678621,5.381374359130859
airfoil,5,251,4.08204839417809,6.0832133293151855
airfoil,5,252,4.2903451605847005,5.30690336227417
airfoil,5,253,3.960241022862886,5.5402913093566895
airfoil,5,254,4.192943152628447,4.993503570556641
airfoil,5,255,4.453150077870018,5.2503981590271
airfoil,5,256,3.944946668649975,5.344027519226074
airfoil,5,257,4.041356692188664,5.068977355957031
airfoil,5,258,4.09826724152816,4.849024772644043
airfoil,5,259,3.9282633819078145,5.511528491973877
airfoil,5,260,4.015425343262522,4.996870040893555
airfoil,5,261,4.027445667668393,5.626127243041992
airfoil,5,262,4.1687668907014945,5.040307521820068
airfoil,5,263,3.7306922391841284,4.998447895050049
airfoil,5,264,4.1556808572066455,5.510765552520752
airfoil,5,265,4.054561862820073,5.3084635734558105
airfoil,5,266,4.147334832894175,6.046934604644775
airfoil,5,267,3.907538627323351,5.222509860992432
airfoil,5,268,3.7910011755792716,5.161739826202393
airfoil,5,269,3.856643325404117,5.082395553588867
airfoil,5,270,3.869697144157008,4.839090824127197
airfoil,5,271,3.7541683441714238,4.9023566246032715
airfoil,5,272,3.8547171197439494,5.7009382247924805
airfoil,5,273,4.188071100335372,5.2239227294921875
airfoil,5,274,3.9445821046829224,4.948611736297607
airfoil,5,275,3.7280043049862512,4.912725448608398
airfoil,5,276,3.8517952028073763,4.974941253662109
airfoil,5,277,3.790328628138492,5.015714645385742
airfoil,5,278,3.7965658338446366,4.948288440704346
airfoil,5,279,3.6850088395570455,5.279798984527588
airfoil,5,280,3.6894410629021492,5.046485900878906
airfoil,5,281,3.7971971254599723,5.218206405639648
airfoil,5,282,3.7386842275920666,4.904021263122559
airfoil,5,283,3.710482634996113,4.9510908126831055
airfoil,5,284,3.812007248401642,4.736086845397949
airfoil,5,285,3.8319525718688965,5.08116340637207
airfoil,5,286,3.7840237272413155,4.622818946838379
airfoil,5,287,3.707175728521849,5.3350324630737305
airfoil,5,288,3.8002817536655225,4.649954795837402
airfoil,5,289,3.638328382843419,4.6883544921875
airfoil,5,290,3.629187204335865,4.745168209075928
airfoil,5,291,3.5866860135605463,5.07246208190918
airfoil,5,292,3.7618170882526196,4.7487874031066895
airfoil,5,293,3.8117524448194002,5.087950706481934
airfoil,5,294,3.925568301426737,4.980096817016602
airfoil,5,295,3.778795606211612,4.880615234375
airfoil,5,296,3.54905996510857,5.032935619354248
airfoil,5,297,3.735994157038237,4.923608303070068
airfoil,5,298,3.6837029990397,4.733691215515137
airfoil,5,299,3.5831983936460396,4.948670387268066
airfoil,5,300,3.593167929272903,4.737831115722656
airfoil,5,301,3.717989708247938,4.9745001792907715
airfoil,5,302,3.5578381827003076,4.940608024597168
airfoil,5,303,3.6780666865800558,5.393215656280518
airfoil,5,304,3.721809274271915,4.866325855255127
airfoil,5,305,3.5257248062836495,4.489589691162109
airfoil,5,306,3.6542335905526815,4.874951362609863
airfoil,5,307,3.8315679744670263,5.067287445068359
airfoil,5,308,3.400367928178687,4.642791748046875
airfoil,5,309,3.682333629382284,4.659936904907227
airfoil,5,310,3.6372176722476355,4.703494548797607
airfoil,5,311,3.5391233155601904,4.909078598022461
airfoil,5,312,3.6827165421686674,4.765260219573975
airfoil,5,313,3.6777370885798804,4.733929634094238
airfoil,5,314,3.6347667449399044,4.77034854888916
airfoil,5,315,3.4624307783026445,4.640156269073486
airfoil,5,316,3.5916371941566467,5.119505405426025
airfoil,5,317,3.536030797581924,4.664009094238281
airfoil,5,318,3.5633944523961922,4.785841941833496
airfoil,5,319,3.6624668522884973,4.991551876068115
airfoil,5,320,3.391233914776852,4.488171100616455
airfoil,5,321,3.4261609284501326,4.805924892425537
airfoil,5,322,3.4840332206926847,4.781588554382324
airfoil,5,323,3.374360846845727,5.376413345336914
airfoil,5,324,3.7180702905905876,4.728466987609863
airfoil,5,325,3.7495471584169486,4.72213888168335
airfoil,5,326,3.445373070867438,4.6148681640625
airfoil,5,327,3.485003295697664,4.813812255859375
airfoil,5,328,3.5323545368094194,4.668619155883789
airfoil,5,329,3.3766554625410783,4.7601752281188965
airfoil,5,330,3.321918580092882,4.618113994598389
airfoil,5,331,3.3804868616555868,4.752918243408203
airfoil,5,332,3.3267769750795866,4.659642696380615
airfoil,5,333,3.4904258847236633,4.702840805053711
airfoil,5,334,3.3525375441501013,4.624529838562012
airfoil,5,335,3.446578621864319,4.499843597412109
airfoil,5,336,3.39633099656356,4.652797698974609
airfoil,5,337,3.3566859427251314,6.107953071594238
airfoil,5,338,3.577477957073011,4.5923027992248535
airfoil,5,339,3.3169395735389307,4.445051193237305
airfoil,5,340,3.509810943352549,4.986734867095947
airfoil,5,341,3.2870936550592122,4.5464372634887695
airfoil,5,342,3.2636259229559648,4.790770053863525
airfoil,5,343,3.59923129332693,4.659360885620117
airfoil,5,344,3.3331736075250724,4.702225685119629
airfoil,5,345,3.3120561587183097,4.333666801452637
airfoil,5,346,3.533995673844689,4.620985507965088
airfoil,5,347,3.3092881754824988,4.528818607330322
airfoil,5,348,3.7624062770291378,4.977511882781982
airfoil,5,349,3.3031527996063232,4.857090950012207
airfoil,5,350,3.179044827034599,4.699753761291504
airfoil,5,351,3.5135648532917627,4.3708648681640625
airfoil,5,352,3.260916314626995,4.558717727661133
airfoil,5,353,3.368561587835613,4.856683254241943
airfoil,5,354,3.5843896975642755,4.642438888549805
airfoil,5,355,3.228523519478346,4.352878093719482
airfoil,5,356,3.5024423661984896,4.8427839279174805
airfoil,5,357,3.3911954886034916,4.547725677490234
airfoil,5,358,3.3494789380776253,4.300624370574951
airfoil,5,359,3.214531719684601,4.510644435882568
airfoil,5,360,3.1835312121792843,4.223975658416748
airfoil,5,361,3.1830816739483883,4.7359466552734375
airfoil,5,362,3.298876818857695,5.543874263763428
airfoil,5,363,3.6122516581886694,4.769123077392578
airfoil,5,364,3.172118315571233,4.744661331176758
airfoil,5,365,3.461852983424538,4.583125114440918
airfoil,5,366,3.2040734824381376,4.312520503997803
airfoil,5,367,3.287103627857409,4.507409572601318
airfoil,5,368,3.449457563852009,4.516199588775635
airfoil,5,369,3.266183426505641,4.373599052429199
airfoil,5,370,3.6951490170077275,4.961273670196533
airfoil,5,371,3.4171511013256874,4.467795372009277
airfoil,5,372,3.4839350455685665,4.986856937408447
airfoil,5,373,3.5696711979414286,4.728575229644775
airfoil,5,374,3.2356629214788737,4.29194974899292
airfoil,5,375,3.3006641896147477,4.391537189483643
airfoil,5,376,3.7723298041444076,5.105299949645996
airfoil,5,377,3.2990955741781938,4.287745952606201
airfoil,5,378,3.03469496337991,4.231037616729736
airfoil,5,379,3.3236963592077555,4.514949321746826
airfoil,5,380,3.1530688389351496,4.344455242156982
airfoil,5,381,3.156844684952184,4.299844741821289
airfoil,5,382,3.1885649248173364,4.227004528045654
airfoil,5,383,3.1540715067010177,4.224551200866699
airfoil,5,384,3.0178242043444983,4.1357879638671875
airfoil,5,385,3.021404736920407,4.294483661651611
airfoil,5,386,3.287409854562659,4.294878959655762
airfoil,5,387,3.231067469245509,4.503604412078857
airfoil,5,388,3.230153717492756,4.571581840515137
airfoil,5,389,3.2129779771754614,4.204502582550049
airfoil,5,390,3.0961693211605676,4.400979995727539
airfoil,5,391,3.0944424867630005,4.636096954345703
airfoil,5,392,3.148629772035699,4.2783684730529785
airfoil,5,393,3.374843873475727,5.138433456420898
airfoil,5,394,3.2273059895164087,5.179473400115967
airfoil,5,395,3.2114418823468056,4.414859294891357
airfoil,5,396,3.165289028694755,4.274202346801758
airfoil,5,397,3.0649338364601135,4.626833438873291
airfoil,5,398,3.0810601617160596,4.312655925750732
airfoil,5,399,3.01351092991076,4.073790073394775
airfoil,5,400,3.0813986470824792,4.301827907562256
airfoil,5,401,2.9894458306463143,4.113881587982178
airfoil,5,402,3.1059136453427767,4.203096866607666
airfoil,5,403,3.114158768402903,4.160426616668701
airfoil,5,404,3.1347359199272957,4.3144450187683105
airfoil,5,405,3.0599384496086524,4.828220844268799
airfoil,5,406,3.155016961850618,4.078167915344238
airfoil,5,407,2.9492465885061967,4.345407485961914
airfoil,5,408,3.1077132915195667,4.447957515716553
airfoil,5,409,3.3651137195135417,4.0799055099487305
airfoil,5,410,3.157072315090581,4.124207496643066
airfoil,5,411,2.9875926093051306,4.526191711425781
airfoil,5,412,3.132408879305187,4.46459436416626
airfoil,5,413,3.106659421795293,4.319244384765625
airfoil,5,414,2.9856590189431844,4.031097888946533
airfoil,5,415,2.9675240673516927,4.241483688354492
airfoil,5,416,3.0290216332987736,4.308155536651611
airfoil,5,417,3.0266774328131425,4.067686080932617
airfoil,5,418,2.9490886456088017,4.420714378356934
airfoil,5,419,2.9489982410481104,4.088258266448975
airfoil,5,420,3.0349156919278597,4.309452533721924
airfoil,5,421,3.016296148300171,4.469098091125488
airfoil,5,422,3.1466464400291443,4.186901092529297
airfoil,5,423,3.08513637592918,4.4569830894470215
airfoil,5,424,2.981655296526457,4.063119888305664
airfoil,5,425,3.0198076304636503,4.674178123474121
airfoil,5,426,2.9666925982425085,4.1446614265441895
airfoil,5,427,2.9090604248799776,4.232121467590332
airfoil,5,428,2.9826641804293583,4.342238426208496
airfoil,5,429,3.0523682330784045,4.350550651550293
airfoil,5,430,3.0407900339678715,4.363323211669922
airfoil,5,431,3.001379097762861,4.515293121337891
airfoil,5,432,3.1512012481689453,4.384049415588379
airfoil,5,433,2.965913960808202,4.658731460571289
airfoil,5,434,3.119990060203954,4.199390411376953
airfoil,5,435,2.8058976907479134,4.102221488952637
airfoil,5,436,2.84439386192121,4.03684139251709
airfoil,5,437,2.8377627824482166,4.062195777893066
airfoil,5,438,2.8434563530118844,4.045399188995361
airfoil,5,439,2.911585315277702,4.198814868927002
airfoil,5,440,2.8348875798677144,5.028811454772949
airfoil,5,441,3.140627760636179,4.2669782638549805
airfoil,5,442,3.007567054346988,4.175022602081299
airfoil,5,443,2.8172311939691244,4.183000087738037
airfoil,5,444,2.7898174587048983,4.0406012535095215
airfoil,5,445,2.9996092727309778,4.174107551574707
airfoil,5,446,3.013503827546772,4.093570709228516
airfoil,5,447,2.8978387682061446,4.305962085723877
airfoil,5,448,2.887479521726307,4.074209690093994
airfoil,5,449,2.849862393579985,4.048984527587891
airfoil,5,450,2.8003395042921366,4.154326915740967
airfoil,5,451,2.818394820941122,4.071156024932861
airfoil,5,452,2.907278688330399,4.156198501586914
airfoil,5,453,2.802512666112498,4.027116298675537
airfoil,5,454,2.8624840566986487,4.563741207122803
airfoil,5,455,2.9516631396193254,4.322694301605225
airfoil,5,456,3.174604224531274,4.207454204559326
airfoil,5,457,3.246940132818724,4.424867153167725
airfoil,5,458,2.9979539701813147,4.163642406463623
airfoil,5,459,2.782010445469304,4.083947658538818
airfoil,5,460,2.9626104016053048,4.170295238494873
airfoil,5,461,2.943121539919,4.159391403198242
airfoil,5,462,2.825525330869775,5.243326187133789
airfoil,5,463,3.1071235725754187,4.027699947357178
airfoil,5,464,2.8804066306666325,4.086427211761475
airfoil,5,465,2.779386316475115,4.012348651885986
airfoil,5,466,2.7898955596120736,4.098018169403076
airfoil,5,467,2.9114160255381933,4.07891321182251
airfoil,5,468,2.8195815745152926,4.035768032073975
airfoil,5,469,2.895653749767103,4.237987518310547
airfoil,5,470,3.007867461756656,4.484694004058838
airfoil,5,471,3.0523304092256645,4.116408348083496
airfoil,5,472,3.003723762537304,4.005599498748779
airfoil,5,473,3.251208913953681,4.929572105407715
airfoil,5,474,2.9853281504229496,4.418586254119873
airfoil,5,475,2.843152494806992,4.292524337768555
airfoil,5,476,2.7827630764559697,4.021194934844971
airfoil,5,477,2.7786427171606767,4.262670993804932
airfoil,5,478,2.997874466996444,3.965447187423706
airfoil,5,479,2.8038866206219324,4.093477725982666
airfoil,5,480,2.7794732231842842,3.9918367862701416
airfoil,5,481,2.775014751835873,4.119070529937744
airfoil,5,482,2.8186994194984436,3.9483094215393066
airfoil,5,483,2.754542589187622,4.084383487701416
airfoil,5,484,2.864801397449092,4.143527507781982
airfoil,5,485,3.025160601264552,4.322867393493652
airfoil,5,486,2.848893131080427,3.947505235671997
airfoil,5,487,2.829261086489025,3.9007763862609863
airfoil,5,488,2.843989588712391,4.011359214782715
airfoil,5,489,2.8942926086877523,4.763701438903809
airfoil,5,490,2.8878720089008936,4.5379838943481445
airfoil,5,491,2.8676554278323523,4.147425174713135
airfoil,5,492,2.7001721482527885,3.9783480167388916
airfoil,5,493,2.7533262466129504,3.9352734088897705
airfoil,5,494,2.927637467258855,4.224789619445801
airfoil,5,495,2.8801334406200207,4.1865386962890625
airfoil,5,496,2.9151893289465654,4.304397106170654
airfoil,5,497,3.1343177588362443,4.4561848640441895
airfoil,5,498,2.902739603268473,3.9562153816223145
airfoil,5,499,2.727344958405746,3.9095215797424316
airfoil,5,500,2.667102443544488,4.119668960571289
airfoil,5,501,2.860762141252819,4.181496620178223
airfoil,5,502,2.771604967744727,3.8906266689300537
airfoil,5,503,2.677298639949999,4.247740268707275
airfoil,5,504,2.698747659984388,4.022003173828125
airfoil,5,505,2.6333434895465246,4.403594970703125
airfoil,5,506,2.8145874675951505,4.43332052230835
airfoil,5,507,2.68183979548906,3.95377516746521
airfoil,5,508,3.1667317810811495,4.645275115966797
airfoil,5,509,2.945343786164334,5.44627046585083
airfoil,5,510,2.9030017256736755,4.276970863342285
airfoil,5,511,2.823302055660047,3.970999002456665
airfoil,5,512,2.8007132065923592,4.238988876342773
airfoil,5,513,2.789244736495771,3.8933048248291016
airfoil,5,514,2.860908147535826,4.1162519454956055
airfoil,5,515,2.722770581119939,4.235699653625488
airfoil,5,516,2.783366808765813,4.0348944664001465
airfoil,5,517,2.780686406712783,3.944838047027588
airfoil,5,518,2.7896871943222847,4.333036422729492
airfoil,5,519,2.645787377106516,4.265243053436279
airfoil,5,520,2.7587690761214807,3.934241533279419
airfoil,5,521,2.635991887042397,4.56126070022583
airfoil,5,522,2.787177678785826,4.316049098968506
airfoil,5,523,2.748350350480331,4.040550231933594
airfoil,5,524,2.711345854558443,4.089501857757568
airfoil,5,525,2.7770703434944153,4.101244926452637
airfoil,5,526,3.0038533367608724,4.008331298828125
airfoil,5,527,2.7474274321606287,3.986464023590088
airfoil,5,528,2.691604181339866,4.215766429901123
airfoil,5,529,2.746545992399517,4.161543846130371
airfoil,5,530,2.7951968751455607,3.82175612449646
airfoil,5,531,2.661321815691496,3.860823631286621
airfoil,5,532,2.6514850556850433,4.348666667938232
airfoil,5,533,2.7466518753453304,3.9420673847198486
airfoil,5,534,2.5804533989805924,3.884882926940918
airfoil,5,535,2.6837437403829476,3.943679094314575
airfoil,5,536,2.5603034621790837,4.1721577644348145
airfoil,5,537,2.648076446432816,3.884742498397827
airfoil,5,538,2.779193558190998,4.0395002365112305
airfoil,5,539,2.698646710107201,3.918578624725342
airfoil,5,540,2.725110113620758,3.879488945007324
airfoil,5,541,2.689028545429832,4.121703624725342
airfoil,5,542,2.7545180477594076,3.891303777694702
airfoil,5,543,2.7806155116934526,3.9600088596343994
airfoil,5,544,2.775752768704766,4.437822341918945
airfoil,5,545,2.8482373325448287,4.050270080566406
airfoil,5,546,2.8736528158187866,3.965087413787842
airfoil,5,547,2.65842877877386,4.308684825897217
airfoil,5,548,2.8239715475785103,4.055339336395264
airfoil,5,549,2.8749292383068488,3.977778434753418
airfoil,5,550,2.6620095183974817,3.8828978538513184
airfoil,5,551,2.696443463626661,3.924579620361328
airfoil,5,552,2.759269661024997,3.7516722679138184
airfoil,5,553,2.6508143669680546,4.604610919952393
airfoil,5,554,2.763001526656904,3.906635046005249
airfoil,5,555,2.8411403674828377,4.085566997528076
airfoil,5,556,2.6270487841806913,3.8606083393096924
airfoil,5,557,2.626787587216026,4.191804885864258
airfoil,5,558,2.7892649236478304,3.933236837387085
airfoil,5,559,2.6268907377594397,3.9135379791259766
airfoil,5,560,2.6058985245855233,4.031289100646973
airfoil,5,561,2.6890301171102022,4.1087212562561035
airfoil,5,562,2.607104480266571,4.097686767578125
airfoil,5,563,2.5725143238117822,3.815633535385132
airfoil,5,564,2.711871120490526,4.638548851013184
airfoil,5,565,2.8062428486974618,4.318802833557129
airfoil,5,566,2.6184540720362413,3.8549492359161377
airfoil,5,567,2.6404986946206344,4.005448341369629
airfoil,5,568,2.660987427360133,4.23720645904541
airfoil,5,569,2.6589075421032153,3.8250129222869873
airfoil,5,570,2.573392234350506,3.9181103706359863
airfoil,5,571,2.690050209823408,4.145395278930664
airfoil,5,572,2.8157913575046942,4.1240739822387695
airfoil,5,573,2.9129214914221513,4.038872241973877
airfoil,5,574,2.647153295968708,4.016270637512207
airfoil,5,575,2.741596193690049,4.543579578399658
airfoil,5,576,2.727542808181361,4.170806407928467
airfoil,5,577,2.6084999222504464,4.044528961181641
airfoil,5,578,2.658433791838194,3.8532841205596924
airfoil,5,579,2.6445097609570154,4.572960376739502
airfoil,5,580,2.86632587094056,3.8870842456817627
airfoil,5,581,2.6571106785222103,3.8412344455718994
airfoil,5,582,2.735372333150161,4.138277530670166
airfoil,5,583,2.630997723654697,4.5131306648254395
airfoil,5,584,2.6655196422024776,3.9022998809814453
airfoil,5,585,2.6068512358163534,4.07344388961792
airfoil,5,586,2.583694395266081,4.271625518798828
airfoil,5,587,2.6094205504969548,4.433452606201172
airfoil,5,588,2.630083325662111,3.84963059425354
airfoil,5,589,2.546036356373837,4.080575942993164
airfoil,5,590,2.623938899291189,3.793940782546997
airfoil,5,591,2.5430803455804525,3.843607187271118
airfoil,5,592,2.6149693429470062,4.148106098175049
airfoil,5,593,2.5426504894306787,3.90582275390625
airfoil,5,594,2.6235824823379517,3.9669291973114014
airfoil,5,595,2.5875353028899744,4.058719635009766
airfoil,5,596,2.7085975596779273,3.9946675300598145
airfoil,5,597,2.66809659568887,4.150899887084961
airfoil,5,598,2.6723390566675285,3.8828275203704834
airfoil,5,599,2.76664904544228,4.311238765716553
airfoil,5,600,2.5287333789624666,3.892733573913574
airfoil,5,601,2.440947463637904,3.9920601844787598
airfoil,5,602,2.5117746873905786,4.134181499481201
airfoil,5,603,2.634489690002642,3.8626949787139893
airfoil,5,604,2.575083265179082,3.846174716949463
airfoil,5,605,2.5955166879453158,4.167656421661377
airfoil,5,606,2.6152133094637016,3.804293632507324
airfoil,5,607,2.618670403957367,3.9104137420654297
airfoil,5,608,2.7201647680056724,4.226858139038086
airfoil,5,609,2.5275392030414783,3.765286445617676
airfoil,5,610,2.656765754285612,4.162896156311035
airfoil,5,611,2.630405523275074,3.933037519454956
airfoil,5,612,2.634664130838294,3.8706395626068115
airfoil,5,613,2.6262249397604087,4.018610954284668
airfoil,5,614,2.5289021197118258,3.830960988998413
airfoil,5,615,2.522393662678568,3.93876576423645
airfoil,5,616,2.4849860793665837,3.9827775955200195
airfoil,5,617,2.6534493157738135,4.099333763122559
airfoil,5,618,2.679751305203689,3.9545247554779053
airfoil,5,619,2.528517767002708,4.326186180114746
airfoil,5,620,2.65236129572517,3.9191901683807373
airfoil,5,621,2.5575802169348063,4.138174533843994
airfoil,5,622,2.496262246056607,3.9077746868133545
airfoil,5,623,2.5583084633475854,4.146633148193359
airfoil,5,624,2.6435652124254325,3.9219446182250977
airfoil,5,625,2.5907729268074036,3.9869544506073
airfoil,5,626,2.5001882816615857,3.781304121017456
airfoil,5,627,2.431322245221389,4.084903717041016
airfoil,5,628,2.5660853699633948,4.249853610992432
airfoil,5,629,2.742585251205846,4.018479347229004
airfoil,5,630,2.562594915691175,3.9124348163604736
airfoil,5,631,2.4025220023958305,3.834789991378784
airfoil,5,632,2.4849150588637903,4.044588565826416
airfoil,5,633,2.7196389797486757,3.968691825866699
airfoil,5,634,2.696885965372387,4.030502796173096
airfoil,5,635,2.6392121393429604,3.9986941814422607
airfoil,5,636,2.4749997164073743,3.9445018768310547
airfoil,5,637,2.50273112874282,4.087218761444092
airfoil,5,638,2.5380053692742397,3.836453914642334
airfoil,5,639,2.4744042628689815,3.811070442199707
airfoil,5,640,2.5041036668576693,3.972487449645996
airfoil,5,641,2.532345793749157,3.917710065841675
airfoil,5,642,2.7803135890709725,4.370143413543701
airfoil,5,643,2.6563454489958915,3.7442023754119873
airfoil,5,644,2.607710013264104,4.003738880157471
airfoil,5,645,2.529224715734783,4.373176574707031
airfoil,5,646,2.679558110864539,3.7199275493621826
airfoil,5,647,2.3995067461540827,3.811222791671753
airfoil,5,648,2.6287632961022225,3.7199158668518066
airfoil,5,649,2.4240444616267554,3.777200222015381
airfoil,5,650,2.480005110564985,4.275175094604492
airfoil,5,651,2.610856865581713,4.075007438659668
airfoil,5,652,2.7371221153359664,4.041849136352539
airfoil,5,653,2.4297509663983394,3.82692551612854
airfoil,5,654,2.564788601900402,3.8056607246398926
airfoil,5,655,2.432244962767551,3.738656520843506
airfoil,5,656,2.5457755546820793,4.125059604644775
airfoil,5,657,2.647368139342258,4.7112298011779785
airfoil,5,658,2.6382462005866203,3.7254202365875244
airfoil,5,659,2.506367548515922,4.3958740234375
airfoil,5,660,2.5889231750839636,3.959256887435913
airfoil,5,661,2.5010367161349247,4.054556369781494
airfoil,5,662,2.6069933458378443,5.285746097564697
airfoil,5,663,2.5657978089232194,3.9577672481536865
airfoil,5,664,2.3894635156581274,3.6995716094970703
airfoil,5,665,2.610053134591956,4.40176248550415
airfoil,5,666,2.6016463715779152,3.8597655296325684
airfoil,5,667,2.3967310378426,4.0341596603393555
airfoil,5,668,2.405309037158364,3.8631937503814697
airfoil,5,669,2.460100167676022,3.7361483573913574
airfoil,5,670,2.520173844538237,4.058979034423828
airfoil,5,671,2.416810525091071,4.19785213470459
airfoil,5,672,2.5001524357419265,3.6702823638916016
airfoil,5,673,2.608770621450324,3.890976667404175
airfoil,5,674,2.483931408116692,4.027871131896973
airfoil,5,675,2.4449512864414014,3.8725879192352295
airfoil,5,676,2.4617883061107837,3.786038398742676
airfoil,5,677,2.4921658039093018,3.987632989883423
airfoil,5,678,2.442834107499374,4.209910869598389
airfoil,5,679,2.537509886842025,3.9047114849090576
airfoil,5,680,2.4529389550811365,3.9584884643554688
airfoil,5,681,2.448986135031048,4.454090595245361
airfoil,5,682,2.5481710747668616,3.972644090652466
airfoil,5,683,2.530621498823166,4.243658065795898
airfoil,5,684,2.620858172052785,3.866750478744507
airfoil,5,685,2.459967564595373,4.452206611633301
airfoil,5,686,2.614675223827362,3.9942679405212402
airfoil,5,687,2.4804127341822575,4.076643943786621
airfoil,5,688,2.5752112457626746,3.9339818954467773
airfoil,5,689,2.6511904691395007,3.8501217365264893
airfoil,5,690,2.516377248262104,4.070690631866455
airfoil,5,691,2.3844103311237537,3.912395715713501
airfoil,5,692,2.419473055161928,4.008841037750244
airfoil,5,693,2.3955367176156295,4.093320369720459
airfoil,5,694,2.4615701813446846,3.8855090141296387
airfoil,5,695,2.424730288354974,3.7106552124023438
airfoil,5,696,2.5043042584469446,4.052502155303955
airfoil,5,697,2.4602991844478406,3.7820796966552734
airfoil,5,698,2.42441190230219,4.4671630859375
airfoil,5,699,2.540850159369017,3.875821113586426
airfoil,5,700,2.390843728655263,3.9673168659210205
airfoil,5,701,2.5495298536200273,4.932481288909912
airfoil,5,702,2.5018265639480792,4.040729999542236
airfoil,5,703,2.4263961691605416,4.057673931121826
airfoil,5,704,2.400611013174057,3.9266226291656494
airfoil,5,705,2.468859208257575,4.118122100830078
airfoil,5,706,2.3868148248446617,3.797650098800659
airfoil,5,707,2.393364463981829,3.8203787803649902
airfoil,5,708,2.4862965063044897,3.7569189071655273
airfoil,5,709,2.3794265954118026,3.770167589187622
airfoil,5,710,2.5942874739044592,4.442910671234131
airfoil,5,711,2.5424797221233972,4.189105033874512
airfoil,5,712,2.4177463023286117,3.9530375003814697
airfoil,5,713,2.5450754008795085,4.162286758422852
airfoil,5,714,2.4968248480244686,4.453814506530762
airfoil,5,715,2.6225346891503585,3.9974141120910645
airfoil,5,716,2.3920730509256063,3.7617733478546143
airfoil,5,717,2.620122729163421,3.8266193866729736
airfoil,5,718,2.8653327069784464,3.913516044616699
airfoil,5,719,2.584295432818563,4.237717628479004
airfoil,5,720,2.5077372067853023,3.6768407821655273
airfoil,5,721,2.3838388825717725,3.691946506500244
airfoil,5,722,2.312813434161638,4.197643756866455
airfoil,5,723,2.4038253018730567,4.113060474395752
airfoil,5,724,2.493633563581266,4.509603500366211
airfoil,5,725,2.516320583067442,4.037240028381348
airfoil,5,726,2.418524754674811,3.7934277057647705
airfoil,5,727,2.4121575261417187,3.783045768737793
airfoil,5,728,2.4147421498047676,4.367086410522461
airfoil,5,729,2.4915261331357454,4.185783863067627
airfoil,5,730,2.426617614532772,3.8413050174713135
airfoil,5,731,2.315068455118882,4.741435527801514
airfoil,5,732,2.6352755929294385,4.987542152404785
airfoil,5,733,2.669175651512648,4.012009143829346
airfoil,5,734,2.4190383537819513,3.967613458633423
airfoil,5,735,2.5117521631090263,3.830284833908081
airfoil,5,736,2.3298700200883964,4.080780982971191
airfoil,5,737,2.3850338019822774,3.6592857837677
airfoil,5,738,2.4665123287000155,4.259388446807861
airfoil,5,739,2.491209842656788,4.231703281402588
airfoil,5,740,2.5001211982024345,3.7357747554779053
airfoil,5,741,2.4678069886408354,3.8184099197387695
airfoil,5,742,2.3496477070607638,3.849679708480835
airfoil,5,743,2.504959589556644,4.063934803009033
airfoil,5,744,2.5737093467461434,3.817500114440918
airfoil,5,745,2.393225290273365,3.9634363651275635
airfoil,5,746,2.317259942230425,3.960869073867798
airfoil,5,747,2.418876208757099,3.716461181640625
airfoil,5,748,2.297677407139226,3.731841564178467
airfoil,5,749,2.3262022890542684,3.936244249343872
airfoil,5,750,2.4904126807263025,3.8741869926452637
airfoil,5,751,2.4528108835220337,4.498992443084717
airfoil,5,752,2.5275413801795557,4.240355014801025
airfoil,5,753,2.4171482606938013,3.812156915664673
airfoil,5,754,2.365173948438544,3.8304569721221924
airfoil,5,755,2.429531304459823,4.161561012268066
airfoil,5,756,2.386665165424347,4.234642028808594
airfoil,5,757,2.4265322716612565,3.782330274581909
airfoil,5,758,2.5586193454893014,4.0599446296691895
airfoil,5,759,2.319296375701302,4.12490177154541
airfoil,5,760,2.368283372176321,3.7766246795654297
airfoil,5,761,2.4031659082362524,3.9802002906799316
airfoil,5,762,2.3993042864297567,4.00645637512207
airfoil,5,763,2.5036225962011436,4.183235168457031
airfoil,5,764,2.343998869783,3.809654474258423
airfoil,5,765,2.3840901600687125,3.680917978286743
airfoil,5,766,2.4568076384694955,4.003598213195801
airfoil,5,767,2.3817636370658875,3.7946696281433105
airfoil,5,768,2.2947040796279907,3.690333366394043
airfoil,5,769,2.3895726799964905,3.6963050365448
airfoil,5,770,2.4232846969052364,3.873063564300537
airfoil,5,771,2.4462233687701977,3.6135571002960205
airfoil,5,772,2.3650700951877393,4.157033920288086
airfoil,5,773,2.4639280438423157,3.898737907409668
airfoil,5,774,2.375707507133484,3.694049835205078
airfoil,5,775,2.3552932958853874,3.99090576171875
airfoil,5,776,2.3695326698453805,3.7766079902648926
airfoil,5,777,2.344978768574564,4.246196746826172
airfoil,5,778,2.4381541578393233,3.8177547454833984
airfoil,5,779,2.3196968624466345,3.9279894828796387
airfoil,5,780,2.4809140751236365,4.255547523498535
airfoil,5,781,2.40364178230888,3.646353006362915
airfoil,5,782,2.4510080218315125,3.8317086696624756
airfoil,5,783,2.3979017828640186,3.7201077938079834
airfoil,5,784,2.3006253179750944,3.850337266921997
airfoil,5,785,2.4440283398879203,3.8099963665008545
airfoil,5,786,2.2749409095237128,3.6110689640045166
airfoil,5,787,2.306948307313417,4.192439079284668
airfoil,5,788,2.5518010321416353,3.984452724456787
airfoil,5,789,2.4296471382442273,3.9319400787353516
airfoil,5,790,2.4282774391927218,3.704111337661743
airfoil,5,791,2.3449874881066775,3.9405179023742676
airfoil,5,792,2.602038527789869,3.9477198123931885
airfoil,5,793,2.299441083481437,3.777855634689331
airfoil,5,794,2.385092258453369,3.713627576828003
airfoil,5,795,2.2678032674287496,3.754173994064331
airfoil,5,796,2.328060790112144,3.753154993057251
airfoil,5,797,2.266538541567953,3.851698398590088
airfoil,5,798,2.266808105142493,3.8392701148986816
airfoil,5,799,2.3429764101379797,3.79758620262146
airfoil,5,800,2.49919772461841,3.9443628787994385
airfoil,5,801,2.3067190929463037,3.9336190223693848
airfoil,5,802,2.468361547118739,3.9385106563568115
airfoil,5,803,2.4099159444633282,4.164268970489502
airfoil,5,804,2.4574921476213554,4.324882507324219
airfoil,5,805,2.5936980341610156,3.996396064758301
airfoil,5,806,2.4329597385306108,3.7115588188171387
airfoil,5,807,2.4247807609407523,3.6424405574798584
airfoil,5,808,2.3769780805236413,3.792468309402466
airfoil,5,809,2.3579855749481604,3.727536916732788
airfoil,5,810,2.4619838344423393,3.591419219970703
airfoil,5,811,2.2926467876685295,3.798844337463379
airfoil,5,812,2.231630425704153,3.6512882709503174
airfoil,5,813,2.2752764460287596,3.7927331924438477
airfoil,5,814,2.529786787535015,4.268378734588623
airfoil,5,815,2.5294671325307143,3.876469612121582
airfoil,5,816,2.59772411616225,3.7388904094696045
airfoil,5,817,2.4042066398419832,3.735330104827881
airfoil,5,818,2.4142921912042716,4.177618026733398
airfoil,5,819,2.5737692431399695,4.003988265991211
airfoil,5,820,2.392303372684278,3.913874626159668
airfoil,5,821,2.340239744437368,3.7287654876708984
airfoil,5,822,2.3603258258418034,3.7455673217773438
airfoil,5,823,2.4754925244732906,3.7380948066711426
airfoil,5,824,2.334973263113122,3.8459298610687256
airfoil,5,825,2.3445261089425338,3.732767343521118
airfoil,5,826,2.3078903399015727,3.751248836517334
airfoil,5,827,2.3286356706368294,3.724497079849243
airfoil,5,828,2.4864145423236645,4.133918285369873
airfoil,5,829,2.5162094596185183,3.792602062225342
airfoil,5,830,2.2781875855044316,3.735076904296875
airfoil,5,831,2.3024021983146667,3.8016316890716553
airfoil,5,832,2.208061136697468,4.3247294425964355
airfoil,5,833,2.3756965869351436,4.695383548736572
airfoil,5,834,2.8854584223345707,3.8177733421325684
airfoil,5,835,2.2897462405656515,3.9011874198913574
airfoil,5,836,2.3189299420306555,4.972830295562744
airfoil,5,837,2.605439898214842,3.8685412406921387
airfoil,5,838,2.3864077517860816,4.159173965454102
airfoil,5,839,2.2277347712140334,3.6369082927703857
airfoil,5,840,2.2972569716604134,3.730266809463501
airfoil,5,841,2.4618960085668062,3.9920401573181152
airfoil,5,842,2.42928210841982,4.076539516448975
airfoil,5,843,2.5620988858373543,3.6320271492004395
airfoil,5,844,2.5270987780470597,3.9361584186553955
airfoil,5,845,2.3494499294381392,3.6878654956817627
airfoil,5,846,2.502474264094704,3.599804639816284
airfoil,5,847,2.3753976445449028,5.1044182777404785
airfoil,5,848,2.5312395252679525,3.950104236602783
airfoil,5,849,2.22686462339602,3.68125319480896
airfoil,5,850,2.2540601350759206,3.8531501293182373
airfoil,5,851,2.314024784063038,3.928299903869629
airfoil,5,852,2.3455428685012616,4.064134120941162
airfoil,5,853,2.4091884587940418,3.6997342109680176
airfoil,5,854,2.3941306299284886,4.042978286743164
airfoil,5,855,2.347971188394647,4.010869979858398
airfoil,5,856,2.4780384364881014,3.6982767581939697
airfoil,5,857,2.279365123886811,3.782365322113037
airfoil,5,858,2.2653502633697107,3.6478018760681152
airfoil,5,859,2.26585495785663,3.7727251052856445
airfoil,5,860,2.3929336792544316,3.7521121501922607
airfoil,5,861,2.268192055978273,3.8276193141937256
airfoil,5,862,2.2206985683817613,3.831801414489746
airfoil,5,863,2.211644520885066,4.041661739349365
airfoil,5,864,2.7335763824613473,4.606723785400391
airfoil,5,865,2.538810027273078,3.7200145721435547
airfoil,5,866,2.2978475925169493,4.379756450653076
airfoil,5,867,2.560371552643023,4.863892555236816
airfoil,5,868,2.2933403567263952,3.958749294281006
airfoil,5,869,2.173648747958635,3.9700663089752197
airfoil,5,870,2.2149862239235327,3.703298330307007
airfoil,5,871,2.272849534687243,3.702993154525757
airfoil,5,872,2.2487805375927374,3.7931156158447266
airfoil,5,873,2.235633655598289,3.877749443054199
airfoil,5,874,2.3362123840733577,3.870105504989624
airfoil,5,875,2.323746787874322,3.732146739959717
airfoil,5,876,2.2410371727065037,3.672775983810425
airfoil,5,877,2.281104175668014,3.7284719944000244
airfoil,5,878,2.2795315980911255,3.61289381980896
airfoil,5,879,2.330614833455337,3.928004503250122
airfoil,5,880,2.5262439329373207,3.807323694229126
airfoil,5,881,2.5213024773095785,3.8823442459106445
airfoil,5,882,2.2407547470770384,3.737471103668213
airfoil,5,883,2.3529870870866274,3.685335397720337
airfoil,5,884,2.320153904588599,3.627124786376953
airfoil,5,885,2.384117826035148,4.076040267944336
airfoil,5,886,2.2153974347992946,3.627584218978882
airfoil,5,887,2.525329793754377,3.6789517402648926
airfoil,5,888,2.3866618777576245,3.93064284324646
airfoil,5,889,2.4763684774699963,4.004235744476318
airfoil,5,890,2.3276218081775464,3.779188632965088
airfoil,5,891,2.462567389011383,3.722036838531494
airfoil,5,892,2.355338981277064,3.772765636444092
airfoil,5,893,2.274074839918237,3.683074474334717
airfoil,5,894,2.2365044606359383,3.5922224521636963
airfoil,5,895,2.1424149964985095,3.7462422847747803
airfoil,5,896,2.191953055168453,3.789945125579834
airfoil,5,897,2.2438881883495734,4.359665393829346
airfoil,5,898,2.4027276603799117,3.927326202392578
airfoil,5,899,2.257393397782978,4.072930335998535
airfoil,5,900,2.340156824965226,3.8112032413482666
airfoil,5,901,2.2821305080464014,3.9994759559631348
airfoil,5,902,2.374445435247923,3.6665515899658203
airfoil,5,903,2.386844780884291,4.228267192840576
airfoil,5,904,2.289615875796268,3.809619188308716
airfoil,5,905,2.166463858202884,3.879791736602783
airfoil,5,906,2.3250502881250883,3.835745096206665
airfoil,5,907,2.371551535631481,3.6941158771514893
airfoil,5,908,2.2287716489089164,3.710348606109619
airfoil,5,909,2.4716133020426097,3.7217483520507812
airfoil,5,910,2.399493910764393,3.6021687984466553
airfoil,5,911,2.2551200954537642,3.8195087909698486
airfoil,5,912,2.1667687045900443,3.968128204345703
airfoil,5,913,2.3463773209797707,3.755574941635132
airfoil,5,914,2.2366932097234224,3.5311686992645264
airfoil,5,915,2.213722743486103,3.5276143550872803
airfoil,5,916,2.288828310213591,4.0919575691223145
airfoil,5,917,2.499682666439759,3.995075225830078
airfoil,5,918,2.317058889489425,3.5710318088531494
airfoil,5,919,2.2994997626856755,3.7256948947906494
airfoil,5,920,2.154412007645557,3.6535403728485107
airfoil,5,921,2.3240918030864313,3.940531015396118
airfoil,5,922,2.2137740772021446,3.757004737854004
airfoil,5,923,2.159884976713281,3.884671926498413
airfoil,5,924,2.1692676936325275,3.6447482109069824
airfoil,5,925,2.2164009778123153,4.147846221923828
airfoil,5,926,2.2324536991746804,3.7271175384521484
airfoil,5,927,2.3602539081322518,3.729144811630249
airfoil,5,928,2.341638583885996,3.699965476989746
airfoil,5,929,2.2012944739115867,3.8698627948760986
airfoil,5,930,2.293737966763346,3.64129638671875
airfoil,5,931,2.162048463758669,3.696110486984253
airfoil,5,932,2.1941559534323845,3.6324007511138916
airfoil,5,933,2.214604227166427,3.792330026626587
airfoil,5,934,2.2000649696902226,3.5548620223999023
airfoil,5,935,2.141846035656176,3.6753170490264893
airfoil,5,936,2.297476392043264,3.551290988922119
airfoil,5,937,2.2534495874455103,3.5667412281036377
airfoil,5,938,2.1560799636338888,3.645890235900879
airfoil,5,939,2.1547742799708716,4.085331439971924
airfoil,5,940,2.4549596874337447,4.360012054443359
airfoil,5,941,2.3528112675014294,3.7043936252593994
airfoil,5,942,2.2943209409713745,3.780470371246338
airfoil,5,943,2.2455347839154696,3.992131233215332
airfoil,5,944,2.431426134548689,4.754697799682617
airfoil,5,945,2.4911158806399296,3.467373847961426
airfoil,5,946,2.3182893709132544,3.6374447345733643
airfoil,5,947,2.1962916223626388,3.6995389461517334
airfoil,5,948,2.3442028917764364,3.874532461166382
airfoil,5,949,2.2513639722999774,3.925809621810913
airfoil,5,950,2.3327736258506775,4.271015644073486
airfoil,5,951,2.309666683799342,3.5662105083465576
airfoil,5,952,2.27869197883104,3.700484275817871
airfoil,5,953,2.1748025809463702,3.6289892196655273
airfoil,5,954,2.4587608638562655,4.01875638961792
airfoil,5,955,2.4125677017789138,3.5475544929504395
airfoil,5,956,2.273673895158266,3.9090917110443115
airfoil,5,957,2.3267433800195394,3.8820321559906006
airfoil,5,958,2.2825664172047064,3.560486316680908
airfoil,5,959,2.3055642435425208,3.6762590408325195
airfoil,5,960,2.315601565335926,3.593696355819702
airfoil,5,961,2.2890347414895107,3.465627431869507
airfoil,5,962,2.169568563762464,3.7018966674804688
airfoil,5,963,2.157442386213102,3.933807373046875
airfoil,5,964,2.22357356862018,3.778157949447632
airfoil,5,965,2.1592443648137545,3.95588755607605
airfoil,5,966,2.3020640486165096,3.9315478801727295
airfoil,5,967,2.2930779472777716,3.7189462184906006
airfoil,5,968,2.237900446904333,3.679222345352173
airfoil,5,969,2.178179455430884,3.541555881500244
airfoil,5,970,2.1095671198870005,3.525496006011963
airfoil,5,971,2.175675392150879,3.768695831298828
airfoil,5,972,2.1587094099898088,3.5160694122314453
airfoil,5,973,2.107205309365925,3.720532178878784
airfoil,5,974,2.495027868371261,3.632694959640503
airfoil,5,975,2.2694357006173385,3.5714008808135986
airfoil,5,976,2.1304997362588582,3.5558829307556152
airfoil,5,977,2.512524331870832,3.9270052909851074
airfoil,5,978,2.26201994168131,3.510112762451172
airfoil,5,979,2.081083396547719,3.908499002456665
airfoil,5,980,2.310325799803985,3.8424885272979736
airfoil,5,981,2.225040426379756,3.78031849861145
airfoil,5,982,2.2077386504725407,3.5350894927978516
airfoil,5,983,2.3003138303756714,4.024055004119873
airfoil,5,984,2.2646350358661853,4.314522743225098
airfoil,5,985,2.418708799700988,3.9140918254852295
airfoil,5,986,2.2431395806764303,3.6773457527160645
airfoil,5,987,2.2825517591677214,4.373701572418213
airfoil,5,988,2.3430345513318716,3.865471601486206
airfoil,5,989,2.1790211263455843,3.7727890014648438
airfoil,5,990,2.4856577468545815,4.097879409790039
airfoil,5,991,2.1509292909973547,3.630600690841675
airfoil,5,992,2.1765669647016024,3.732522487640381
airfoil,5,993,2.201892702203048,3.5569355487823486
airfoil,5,994,2.2930098583823755,3.6247127056121826
airfoil,5,995,2.1717538833618164,3.9712629318237305
airfoil,5,996,2.2633728824163737,3.814894914627075
airfoil,5,997,2.2058902084827423,3.667536735534668
airfoil,5,998,2.1321927418834283,3.688833475112915
airfoil,5,999,2.1923919100510445,3.759178876876831
airfoil,7,0,20.766353306017425,21.315698623657227
airfoil,7,1,20.151520352614554,21.55995750427246
airfoil,7,2,19.930941180178994,20.530261993408203
airfoil,7,3,19.952395112890947,20.343467712402344
airfoil,7,4,19.462162394272653,20.190736770629883
airfoil,7,5,19.28078483280383,20.54427719116211
airfoil,7,6,19.491204086102936,20.348424911499023
airfoil,7,7,19.316492017946747,19.671695709228516
airfoil,7,8,19.07745639901412,19.679040908813477
airfoil,7,9,19.334522510829725,19.541629791259766
airfoil,7,10,19.283683149438154,20.037311553955078
airfoil,7,11,18.66468841151187,19.71672821044922
airfoil,7,12,19.062033452485736,20.091672897338867
airfoil,7,13,19.16391046423661,19.314830780029297
airfoil,7,14,18.624770566036826,19.026464462280273
airfoil,7,15,18.411971192610892,19.07605743408203
airfoil,7,16,18.160797119140625,18.77417755126953
airfoil,7,17,18.715101467935664,19.542518615722656
airfoil,7,18,18.565259908374987,18.761146545410156
airfoil,7,19,18.113927364349365,18.538965225219727
airfoil,7,20,18.369081848546077,18.892763137817383
airfoil,7,21,18.661460462369416,20.19133949279785
airfoil,7,22,18.654436538093968,19.194522857666016
airfoil,7,23,18.277586460113525,18.713829040527344
airfoil,7,24,18.160360662560713,19.14327621459961
airfoil,7,25,18.399830692692806,18.391067504882812
airfoil,7,26,18.129334851315146,18.66455841064453
airfoil,7,27,17.946415386701887,18.567323684692383
airfoil,7,28,17.936993824808223,18.4794979095459
airfoil,7,29,18.563086484607897,19.157917022705078
airfoil,7,30,18.0147486485933,18.878040313720703
airfoil,7,31,18.0213844901637,19.315269470214844
airfoil,7,32,17.960581829673366,19.194210052490234
airfoil,7,33,18.494716995640804,18.62168312072754
airfoil,7,34,17.883526927546452,19.022573471069336
airfoil,7,35,18.21259405738429,20.360471725463867
airfoil,7,36,18.306524891602365,18.555479049682617
airfoil,7,37,18.12650896373548,18.851152420043945
airfoil,7,38,18.09164557958904,18.238662719726562
airfoil,7,39,17.88208270072937,18.462406158447266
airfoil,7,40,17.857489912133467,18.504304885864258
airfoil,7,41,18.316426001097028,18.908775329589844
airfoil,7,42,17.75824320943732,19.046417236328125
airfoil,7,43,17.590526994905975,18.361543655395508
airfoil,7,44,17.84118692498458,18.266263961791992
airfoil,7,45,17.738292192157946,18.538772583007812
airfoil,7,46,17.2985401028081,18.204456329345703
airfoil,7,47,17.615224813160143,18.135103225708008
airfoil,7,48,17.587884250440094,18.041841506958008
airfoil,7,49,17.587256080225895,18.4742488861084
airfoil,7,50,17.902960814927752,18.41118049621582
airfoil,7,51,17.265261662633794,20.033031463623047
airfoil,7,52,17.527713173314144,17.972627639770508
airfoil,7,53,17.666812796341745,17.858991622924805
airfoil,7,54,17.586961708570783,17.95668601989746
airfoil,7,55,17.410379936820583,18.17809295654297
airfoil,7,56,17.40695285797119,18.3342342376709
airfoil,7,57,17.18539171469839,18.24749755859375
airfoil,7,58,17.429067586597643,17.829843521118164
airfoil,7,59,17.1074060640837,18.695539474487305
airfoil,7,60,17.3053930182206,18.197284698486328
airfoil,7,61,17.567227062426117,18.38017463684082
airfoil,7,62,17.315589302464534,18.00004768371582
airfoil,7,63,17.136292106226872,18.362388610839844
airfoil,7,64,17.491406465831556,17.72196388244629
airfoil,7,65,17.166575155760114,18.18645668029785
airfoil,7,66,16.982308061499346,18.856990814208984
airfoil,7,67,17.115292335811414,17.88025665283203
airfoil,7,68,16.930996593676117,18.02672576904297
airfoil,7,69,17.062178134918213,18.193819046020508
airfoil,7,70,17.09168365127162,17.7064266204834
airfoil,7,71,16.75865404229415,19.28460693359375
airfoil,7,72,17.270241185238486,17.722957611083984
airfoil,7,73,17.080898736652575,17.923381805419922
airfoil,7,74,17.242413997650146,17.939517974853516
airfoil,7,75,16.718284945738944,17.769681930541992
airfoil,7,76,17.072036843550833,17.941200256347656
airfoil,7,77,17.09826677723935,17.588773727416992
airfoil,7,78,16.891946566732305,18.055747985839844
airfoil,7,79,16.918140248248452,17.767683029174805
airfoil,7,80,16.953808784484863,17.441598892211914
airfoil,7,81,16.86225037825735,17.42198944091797
airfoil,7,82,16.77265509806181,17.443340301513672
airfoil,7,83,17.402230438433197,18.550952911376953
airfoil,7,84,17.276686091172067,17.25275421142578
airfoil,7,85,16.714193356664556,18.362213134765625
airfoil,7,86,16.57136449060942,18.363908767700195
airfoil,7,87,16.585803998144048,17.95955467224121
airfoil,7,88,16.48677829692238,19.12601089477539
airfoil,7,89,16.847924483449834,17.587696075439453
airfoil,7,90,16.34331407045063,17.28177833557129
airfoil,7,91,16.57777892915826,18.23519515991211
airfoil,7,92,16.703430778101872,17.352161407470703
airfoil,7,93,16.679925140581634,17.32414436340332
airfoil,7,94,16.706734192998784,17.0804500579834
airfoil,7,95,16.61398082030447,18.258190155029297
airfoil,7,96,16.649552897403115,17.633071899414062
airfoil,7,97,16.55042156420256,17.6978816986084
airfoil,7,98,16.09454287980732,17.409833908081055
airfoil,7,99,16.422407991007756,17.079580307006836
airfoil,7,100,16.141193289505807,17.04463768005371
airfoil,7,101,16.032042327680085,17.224082946777344
airfoil,7,102,16.104330163252982,17.3449764251709
airfoil,7,103,16.263276288383885,17.155366897583008
airfoil,7,104,16.063066344512137,17.115785598754883
airfoil,7,105,16.196328865854365,16.9602108001709
airfoil,7,106,15.945088775534378,17.55155372619629
airfoil,7,107,16.092708587646484,16.841590881347656
airfoil,7,108,15.864021502043071,16.893159866333008
airfoil,7,109,15.873395819413034,16.967525482177734
airfoil,7,110,15.910041457728335,16.96981430053711
airfoil,7,111,15.818569371574803,16.607084274291992
airfoil,7,112,16.0266542058242,16.711544036865234
airfoil,7,113,15.6838910203231,16.5499210357666
airfoil,7,114,15.932601903614245,16.3887996673584
airfoil,7,115,15.811664568750482,17.05047607421875
airfoil,7,116,15.986509900344046,17.16326141357422
airfoil,7,117,16.227273514396266,16.54229736328125
airfoil,7,118,16.006093451851292,16.863861083984375
airfoil,7,119,15.794304082268162,16.767738342285156
airfoil,7,120,15.951970890948648,16.34403419494629
airfoil,7,121,15.598059679332533,16.311012268066406
airfoil,7,122,15.367817012887253,16.676063537597656
airfoil,7,123,15.578530637841476,16.366905212402344
airfoil,7,124,15.637410515233091,16.295425415039062
airfoil,7,125,15.203360557556152,16.74247169494629
airfoil,7,126,15.475361761293913,16.06302833557129
airfoil,7,127,15.38276891959341,17.189537048339844
airfoil,7,128,15.488929710890117,16.582181930541992
airfoil,7,129,15.143238669947573,16.297712326049805
airfoil,7,130,15.395894427048532,16.156038284301758
airfoil,7,131,15.1555394373442,16.204408645629883
airfoil,7,132,15.131644888928061,15.851847648620605
airfoil,7,133,15.254120776527806,15.916482925415039
airfoil,7,134,15.311623824270148,16.254098892211914
airfoil,7,135,15.038536536066156,15.693476676940918
airfoil,7,136,15.422186449954385,16.277420043945312
airfoil,7,137,15.191661433169717,16.331167221069336
airfoil,7,138,15.261168818724784,15.909046173095703
airfoil,7,139,14.884292928796066,15.973858833312988
airfoil,7,140,14.924873690856131,15.557877540588379
airfoil,7,141,15.274658303511771,16.283863067626953
airfoil,7,142,14.848325980337043,15.571910858154297
airfoil,7,143,14.725509580812956,15.517273902893066
airfoil,7,144,14.833074644992227,15.718676567077637
airfoil,7,145,14.688056619543778,15.56387996673584
airfoil,7,146,14.95567031910545,15.568967819213867
airfoil,7,147,14.895509606913516,15.681083679199219
airfoil,7,148,14.722021165647005,15.351306915283203
airfoil,7,149,14.471808747241372,15.69412899017334
airfoil,7,150,14.766552372982627,16.13848876953125
airfoil,7,151,14.791714768660697,15.651309967041016
airfoil,7,152,14.801486115706595,15.383398056030273
airfoil,7,153,14.453342111487137,16.098705291748047
airfoil,7,154,15.073674929769416,15.466877937316895
airfoil,7,155,14.409904894075895,15.249134063720703
airfoil,7,156,14.535203369040238,15.056303977966309
airfoil,7,157,14.417663787540636,16.077070236206055
airfoil,7,158,14.604128473683408,15.237903594970703
airfoil,7,159,14.260724607266878,15.162323951721191
airfoil,7,160,14.55150802511918,15.211243629455566
airfoil,7,161,14.331409291217202,15.428271293640137
airfoil,7,162,14.383426139229222,14.953709602355957
airfoil,7,163,14.61180349400169,15.0276460647583
airfoil,7,164,14.277015861712004,15.138969421386719
airfoil,7,165,14.602242683109484,15.929632186889648
airfoil,7,166,14.105226479078594,15.125497817993164
airfoil,7,167,14.202268700850638,14.855260848999023
airfoil,7,168,14.106153513255872,15.103655815124512
airfoil,7,169,14.173156512411017,15.1332426071167
airfoil,7,170,14.277763743149606,15.288496017456055
airfoil,7,171,14.535354877773084,15.176822662353516
airfoil,7,172,14.044790895361649,14.873309135437012
airfoil,7,173,13.995021368327894,14.943211555480957
airfoil,7,174,14.27904876909758,14.774959564208984
airfoil,7,175,13.907410056967484,15.680005073547363
airfoil,7,176,14.10057356483058,14.789177894592285
airfoil,7,177,14.00962559800399,14.684534072875977
airfoil,7,178,13.84002779659472,14.751745223999023
airfoil,7,179,14.226508981303164,15.248167037963867
airfoil,7,180,13.968770980834961,15.945893287658691
airfoil,7,181,14.083559626027158,14.643308639526367
airfoil,7,182,13.889301714144255,14.847615242004395
airfoil,7,183,13.845860431068822,15.033349990844727
airfoil,7,184,14.075425173106947,15.78142261505127
airfoil,7,185,14.163540614278693,14.76082706451416
airfoil,7,186,13.843964764946385,16.062158584594727
airfoil,7,187,13.813507280851665,14.590638160705566
airfoil,7,188,13.837873320830496,14.571056365966797
airfoil,7,189,13.80121249901621,14.61242389678955
airfoil,7,190,13.79269666420786,14.877890586853027
airfoil,7,191,13.894508173591213,14.601131439208984
airfoil,7,192,14.217338034981175,14.533592224121094
airfoil,7,193,13.75385930663661,14.480310440063477
airfoil,7,194,13.700837110218249,14.840569496154785
airfoil,7,195,13.757578674115633,14.936225891113281
airfoil,7,196,13.714927999596847,15.126025199890137
airfoil,7,197,13.591702273017482,14.528559684753418
airfoil,7,198,13.601934119274741,14.555304527282715
airfoil,7,199,13.720116891359028,14.785211563110352
airfoil,7,200,13.38758595366227,14.521368980407715
airfoil,7,201,13.375657847053127,15.030904769897461
airfoil,7,202,13.55526479921843,14.339391708374023
airfoil,7,203,13.507006218558864,14.705255508422852
airfoil,7,204,13.315317831541362,14.440791130065918
airfoil,7,205,13.27518976362128,14.631972312927246
airfoil,7,206,13.702680587768555,14.454140663146973
airfoil,7,207,13.635696461326198,14.292226791381836
airfoil,7,208,13.599397320496408,15.519068717956543
airfoil,7,209,13.530704636322824,14.832860946655273
airfoil,7,210,13.637727574298257,14.778217315673828
airfoil,7,211,13.453206037220202,14.642353057861328
airfoil,7,212,13.474015800576462,14.221440315246582
airfoil,7,213,13.389248559349461,14.83019733428955
airfoil,7,214,13.45807873575311,14.162675857543945
airfoil,7,215,13.711335182189941,14.768356323242188
airfoil,7,216,13.165135471444382,14.062773704528809
airfoil,7,217,13.127046214906793,14.054070472717285
airfoil,7,218,13.151135519931191,14.070171356201172
airfoil,7,219,13.423375606536865,14.74817180633545
airfoil,7,220,13.30382960721066,14.275232315063477
airfoil,7,221,13.11586218131216,14.95262336730957
airfoil,7,222,13.665597325877139,13.982379913330078
airfoil,7,223,13.160132659109015,14.343839645385742
airfoil,7,224,13.44285293629295,13.887531280517578
airfoil,7,225,13.191135268462332,14.158555030822754
airfoil,7,226,13.182264202519468,14.015588760375977
airfoil,7,227,13.42378064205772,13.976583480834961
airfoil,7,228,13.275203152706748,13.94276237487793
airfoil,7,229,12.961213827133179,14.044219017028809
airfoil,7,230,13.039149648264834,14.192479133605957
airfoil,7,231,12.898273857016312,13.790389060974121
airfoil,7,232,12.90639743052031,13.941489219665527
airfoil,7,233,12.941107611907157,14.069433212280273
airfoil,7,234,13.032934063359312,13.984360694885254
airfoil,7,235,12.7818637145193,14.018784523010254
airfoil,7,236,12.845056621651901,13.813239097595215
airfoil,7,237,12.74549170544273,14.778787612915039
airfoil,7,238,12.875682128103156,14.146505355834961
airfoil,7,239,12.891496319519845,14.047876358032227
airfoil,7,240,12.95959042247973,13.955126762390137
airfoil,7,241,12.764686935826353,13.614266395568848
airfoil,7,242,12.761957959124917,14.163910865783691
airfoil,7,243,13.15524074905797,14.222517967224121
airfoil,7,244,12.880231920041536,13.87398910522461
airfoil,7,245,12.864190666299118,13.951141357421875
airfoil,7,246,12.709751078957005,13.621173858642578
airfoil,7,247,12.737925077739515,13.802538871765137
airfoil,7,248,12.621879778410259,13.793927192687988
airfoil,7,249,12.740676428142347,14.547989845275879
airfoil,7,250,12.748071206243415,13.467548370361328
airfoil,7,251,12.883307532260293,13.444005966186523
airfoil,7,252,13.142284142343621,13.428410530090332
airfoil,7,253,12.867985537177638,14.067679405212402
airfoil,7,254,12.849192832645617,14.05447769165039
airfoil,7,255,12.567417445935702,13.397181510925293
airfoil,7,256,12.712699626621447,13.676557540893555
airfoil,7,257,12.390591922559237,13.354134559631348
airfoil,7,258,12.474355032569484,13.551528930664062
airfoil,7,259,12.694826402162251,13.251635551452637
airfoil,7,260,12.699697155701486,13.388113021850586
airfoil,7,261,12.641953782031411,13.34456729888916
airfoil,7,262,12.470356702804565,14.087312698364258
airfoil,7,263,12.467756409394113,14.031963348388672
airfoil,7,264,12.932502319938258,13.228550910949707
airfoil,7,265,12.349246432906703,14.150275230407715
airfoil,7,266,12.748965275915046,13.658244132995605
airfoil,7,267,12.620403139214767,14.247597694396973
airfoil,7,268,12.424115921321668,13.368961334228516
airfoil,7,269,12.652066004903693,13.45380687713623
airfoil,7,270,12.32026784043563,13.324535369873047
airfoil,7,271,12.450840272401509,13.282493591308594
airfoil,7,272,12.651182651519775,13.884244918823242
airfoil,7,273,12.2610848577399,13.895416259765625
airfoil,7,274,12.904585097965441,13.958878517150879
airfoil,7,275,12.871469071036891,13.740165710449219
airfoil,7,276,12.319936953092876,13.25120735168457
airfoil,7,277,12.282610278380545,13.266138076782227
airfoil,7,278,12.29551352952656,12.960168838500977
airfoil,7,279,12.244556351711875,12.922893524169922
airfoil,7,280,12.441578990534731,13.084112167358398
airfoil,7,281,12.20690857736688,13.129117012023926
airfoil,7,282,12.549721128062197,13.799044609069824
airfoil,7,283,12.24642068461368,13.027140617370605
airfoil,7,284,12.296871574301468,13.3473539352417
airfoil,7,285,12.517699128703066,13.22799015045166
airfoil,7,286,12.273618534991616,12.849738121032715
airfoil,7,287,12.356604726690994,12.999372482299805
airfoil,7,288,12.148049919228805,13.447986602783203
airfoil,7,289,12.31171178817749,12.986309051513672
airfoil,7,290,12.295042439510947,13.143875122070312
airfoil,7,291,12.111857577374106,13.143512725830078
airfoil,7,292,12.05880628134075,13.114498138427734
airfoil,7,293,12.322992713827835,12.721768379211426
airfoil,7,294,12.846833329451712,13.973766326904297
airfoil,7,295,12.240548836557489,13.150833129882812
airfoil,7,296,12.158850255765413,13.19238567352295
airfoil,7,297,12.087476015090942,13.22887134552002
airfoil,7,298,12.013028220126504,13.408271789550781
airfoil,7,299,12.36552586053547,12.915000915527344
airfoil,7,300,12.239601900703029,12.895962715148926
airfoil,7,301,12.319629543705991,13.29420280456543
airfoil,7,302,11.962994186501755,12.815255165100098
airfoil,7,303,12.03685790614078,12.889516830444336
airfoil,7,304,11.739409697683234,12.984508514404297
airfoil,7,305,12.129705629850688,13.910320281982422
airfoil,7,306,12.352909000296341,13.354223251342773
airfoil,7,307,11.979204893112183,13.467643737792969
airfoil,7,308,12.170644584454989,13.771230697631836
airfoil,7,309,12.023147821426392,12.807000160217285
airfoil,7,310,12.00199233858209,12.653351783752441
airfoil,7,311,12.056348148145174,13.037595748901367
airfoil,7,312,11.993321757567557,13.235299110412598
airfoil,7,313,11.815142405660529,13.635129928588867
airfoil,7,314,12.096572486977829,12.891650199890137
airfoil,7,315,11.891789248115138,14.00048828125
airfoil,7,316,12.014910045423006,13.242537498474121
airfoil,7,317,12.038189586840177,12.683155059814453
airfoil,7,318,11.855855828837344,12.730782508850098
airfoil,7,319,12.147308387254414,12.70785140991211
airfoil,7,320,11.933971329739219,12.529168128967285
airfoil,7,321,11.96307618994462,12.675057411193848
airfoil,7,322,11.74034571647644,12.804779052734375
airfoil,7,323,11.726034854587756,12.605020523071289
airfoil,7,324,11.654970081228958,12.944089889526367
airfoil,7,325,11.814499880138197,12.659687042236328
airfoil,7,326,11.463919087460166,13.164840698242188
airfoil,7,327,11.814638087623997,13.52450942993164
airfoil,7,328,11.584862043983058,13.189251899719238
airfoil,7,329,11.740433542351974,13.013707160949707
airfoil,7,330,11.510833476719103,12.60619831085205
airfoil,7,331,11.534488100754587,12.895745277404785
airfoil,7,332,11.628668960772062,12.666272163391113
airfoil,7,333,11.373643699445223,12.820963859558105
airfoil,7,334,11.804130830262837,12.646639823913574
airfoil,7,335,11.31186662849627,12.382368087768555
airfoil,7,336,11.498386320314909,12.522440910339355
airfoil,7,337,11.371344302829943,12.660325050354004
airfoil,7,338,11.599512702540347,12.810853958129883
airfoil,7,339,11.617695293928447,13.36244010925293
airfoil,7,340,11.58894910310444,12.545674324035645
airfoil,7,341,11.528015262202212,12.627737998962402
airfoil,7,342,11.483447187825254,12.725378036499023
airfoil,7,343,11.643548325488442,12.965046882629395
airfoil,7,344,11.262756109237671,12.447389602661133
airfoil,7,345,11.201907044962832,12.333720207214355
airfoil,7,346,11.43477487564087,12.412110328674316
airfoil,7,347,11.660417318344116,12.542112350463867
airfoil,7,348,11.47500302917079,12.530303001403809
airfoil,7,349,11.25704090218795,12.714130401611328
airfoil,7,350,11.307083870235243,12.33764934539795
airfoil,7,351,11.362611569856343,12.665312767028809
airfoil,7,352,11.331641322688052,12.912477493286133
airfoil,7,353,11.374970636869731,12.950239181518555
airfoil,7,354,11.169160930733932,12.33925724029541
airfoil,7,355,11.118634612936722,12.348791122436523
airfoil,7,356,11.157963501779657,12.876025199890137
airfoil,7,357,11.083794167167262,12.31495475769043
airfoil,7,358,11.224917700416164,13.236591339111328
airfoil,7,359,11.418034779398065,12.553135871887207
airfoil,7,360,11.356734802848415,12.416393280029297
airfoil,7,361,12.286449382179661,12.194355010986328
airfoil,7,362,11.072948217391968,12.575925827026367
airfoil,7,363,10.947668213593332,12.733988761901855
airfoil,7,364,11.221109766709176,12.70097827911377
airfoil,7,365,11.03753914331135,12.176312446594238
airfoil,7,366,10.893218598867717,12.184666633605957
airfoil,7,367,11.020318570889925,12.378920555114746
airfoil,7,368,10.958662171112863,12.118778228759766
airfoil,7,369,10.997004402311225,12.813806533813477
airfoil,7,370,11.086280709818789,12.255784034729004
airfoil,7,371,11.040245319667616,12.270277976989746
airfoil,7,372,11.099547888103285,12.192357063293457
airfoil,7,373,10.908706351330405,12.725505828857422
airfoil,7,374,10.995282085318314,12.359572410583496
airfoil,7,375,10.831004054922806,12.271773338317871
airfoil,7,376,10.738685331846538,12.5802583694458
airfoil,7,377,10.99126492675982,12.345377922058105
airfoil,7,378,11.197555830604152,11.901013374328613
airfoil,7,379,10.851519697590879,12.363201141357422
airfoil,7,380,10.738364941195437,12.652936935424805
airfoil,7,381,10.843117136704294,12.366376876831055
airfoil,7,382,10.87269221481524,12.042984962463379
airfoil,7,383,10.708733495913053,12.103618621826172
airfoil,7,384,10.708439437966598,12.970273971557617
airfoil,7,385,10.965717943091141,12.780379295349121
airfoil,7,386,10.94052337345324,12.369976997375488
airfoil,7,387,10.94181005578292,11.901642799377441
airfoil,7,388,10.745138883590698,12.057549476623535
airfoil,7,389,10.749478842082777,12.756667137145996
airfoil,7,390,10.66332597481577,11.78378963470459
airfoil,7,391,10.903197577125148,12.05061149597168
airfoil,7,392,10.650748666964079,11.96716022491455
airfoil,7,393,11.018732685791818,12.1304931640625
airfoil,7,394,10.860504501744321,11.797042846679688
airfoil,7,395,10.769825107172915,14.131414413452148
airfoil,7,396,11.065598425112272,12.414592742919922
airfoil,7,397,11.441787506404676,12.581818580627441
airfoil,7,398,10.805186773601331,12.117583274841309
airfoil,7,399,10.632905759309468,12.002105712890625
airfoil,7,400,10.717789361351414,11.74878978729248
airfoil,7,401,10.558754538234911,12.629191398620605
airfoil,7,402,10.871706824553641,11.99997329711914
airfoil,7,403,10.674928175775628,11.705307960510254
airfoil,7,404,10.558397845218057,11.896133422851562
airfoil,7,405,11.0813872688695,12.81134033203125
airfoil,7,406,10.423865983360692,12.12435531616211
airfoil,7,407,10.462967006783737,11.966458320617676
airfoil,7,408,10.481997527574238,12.153783798217773
airfoil,7,409,10.494809213437533,11.577147483825684
airfoil,7,410,10.644676948848524,12.047524452209473
airfoil,7,411,10.650229454040527,11.666674613952637
airfoil,7,412,10.569730018314562,11.573030471801758
airfoil,7,413,10.536168870173002,11.806559562683105
airfoil,7,414,10.52403564202158,11.919452667236328
airfoil,7,415,10.47996483351055,11.754708290100098
airfoil,7,416,10.439410975104884,11.913056373596191
airfoil,7,417,10.24296023971156,12.164416313171387
airfoil,7,418,10.569618400774504,11.687896728515625
airfoil,7,419,10.413409095061454,11.822957038879395
airfoil,7,420,10.717672423312539,11.50011920928955
airfoil,7,421,10.567727816732306,11.706535339355469
airfoil,7,422,10.560748890826577,11.603023529052734
airfoil,7,423,10.70211346525895,11.485898971557617
airfoil,7,424,10.464975043347007,11.624691009521484
airfoil,7,425,10.689724326133728,11.991313934326172
airfoil,7,426,10.563908401288485,11.418471336364746
airfoil,7,427,10.341847871479235,11.60372543334961
airfoil,7,428,10.394672770249215,11.443737983703613
airfoil,7,429,10.230382141314054,11.871679306030273
airfoil,7,430,10.154471221723055,12.211099624633789
airfoil,7,431,10.417176020772834,11.344152450561523
airfoil,7,432,10.459469531711779,11.314827919006348
airfoil,7,433,10.279652833938599,11.599600791931152
airfoil,7,434,10.433148095482274,11.417217254638672
airfoil,7,435,10.29189231521205,11.293638229370117
airfoil,7,436,10.506568350289998,11.605624198913574
airfoil,7,437,10.05428213194797,11.479694366455078
airfoil,7,438,10.15603904975088,11.423187255859375
airfoil,7,439,10.127405706204867,11.285005569458008
airfoil,7,440,10.167734296698319,11.522706985473633
airfoil,7,441,10.101293971664028,11.411352157592773
airfoil,7,442,10.124284167038766,11.138742446899414
airfoil,7,443,10.237043041931955,11.667972564697266
airfoil,7,444,10.192603424975747,11.243316650390625
airfoil,7,445,10.186384125759727,11.119800567626953
airfoil,7,446,10.146303653717041,12.452892303466797
airfoil,7,447,10.567532012337132,11.266678810119629
airfoil,7,448,10.162063297472502,11.26323127746582
airfoil,7,449,10.080701614681043,11.268108367919922
airfoil,7,450,10.095269767861618,11.190299034118652
airfoil,7,451,9.954012519434878,11.776603698730469
airfoil,7,452,10.18707295467979,11.281908988952637
airfoil,7,453,10.065817663544102,11.248276710510254
airfoil,7,454,10.24895295343901,10.949175834655762
airfoil,7,455,10.155332941758004,11.011816024780273
airfoil,7,456,10.070926584695515,11.335485458374023
airfoil,7,457,9.95066696091702,11.363053321838379
airfoil,7,458,9.870774469877544,11.86646842956543
airfoil,7,459,9.98327456649981,10.92317008972168
airfoil,7,460,10.426997473365383,11.216632843017578
airfoil,7,461,10.068288363908467,11.429891586303711
airfoil,7,462,9.902892213118704,10.951050758361816
airfoil,7,463,9.84404767187018,11.098240852355957
airfoil,7,464,10.133256799296328,11.133840560913086
airfoil,7,465,9.68870378795423,11.128653526306152
airfoil,7,466,10.041925191879272,11.195343017578125
airfoil,7,467,9.927348231014452,11.152510643005371
airfoil,7,468,9.648636021112141,11.4631929397583
airfoil,7,469,9.911881484483418,11.247709274291992
airfoil,7,470,9.9700709142183,11.575178146362305
airfoil,7,471,9.80658971635919,11.349949836730957
airfoil,7,472,9.715845020193802,11.061568260192871
airfoil,7,473,9.652516452889694,11.305663108825684
airfoil,7,474,9.905398017481753,10.9935884475708
airfoil,7,475,10.023181476091084,11.37834644317627
airfoil,7,476,9.985020135578356,11.332870483398438
airfoil,7,477,9.695825978329307,10.898789405822754
airfoil,7,478,9.585968205803319,10.905367851257324
airfoil,7,479,9.93090275714272,11.1538724899292
airfoil,7,480,9.6821018394671,10.964168548583984
airfoil,7,481,9.681275480671934,11.017205238342285
airfoil,7,482,9.571202328330592,11.33405876159668
airfoil,7,483,9.897754807221261,10.814927101135254
airfoil,7,484,9.747442534095363,10.986536026000977
airfoil,7,485,9.46942851417943,11.039836883544922
airfoil,7,486,9.69490455326281,10.952495574951172
airfoil,7,487,9.680712047376131,11.543655395507812
airfoil,7,488,9.693201127805208,11.51608657836914
airfoil,7,489,9.389880117617155,11.810275077819824
airfoil,7,490,10.201100675683273,11.638938903808594
airfoil,7,491,9.614854235398141,11.274466514587402
airfoil,7,492,9.572272539138794,10.777108192443848
airfoil,7,493,9.603869620122408,10.846813201904297
airfoil,7,494,9.484991562993903,10.771845817565918
airfoil,7,495,9.464429729863218,10.605484962463379
airfoil,7,496,9.579228024733695,11.54012393951416
airfoil,7,497,9.523269690965352,11.144224166870117
airfoil,7,498,9.49332594871521,10.760351181030273
airfoil,7,499,9.413140434967843,10.900629997253418
airfoil,7,500,9.804577896469517,10.997274398803711
airfoil,7,501,9.64585488720944,11.182297706604004
airfoil,7,502,9.559947816949142,10.644250869750977
airfoil,7,503,10.185926224056043,10.883672714233398
airfoil,7,504,9.47135359362552,10.916399955749512
airfoil,7,505,9.458872958233481,10.910778045654297
airfoil,7,506,9.321088176024588,10.759615898132324
airfoil,7,507,9.409441835001894,10.74567985534668
airfoil,7,508,9.555785957135653,11.371227264404297
airfoil,7,509,9.443361520767212,10.984522819519043
airfoil,7,510,9.836042636319211,10.905174255371094
airfoil,7,511,9.526221218862032,10.74312686920166
airfoil,7,512,9.448659859205547,11.163052558898926
airfoil,7,513,9.402597006998564,11.441997528076172
airfoil,7,514,9.478705243060464,11.761404037475586
airfoil,7,515,9.35953194216678,10.55382251739502
airfoil,7,516,9.370575133122896,11.167323112487793
airfoil,7,517,9.388593322352358,10.63571548461914
airfoil,7,518,9.615684666131672,10.7099027633667
airfoil,7,519,9.231336668918008,10.864594459533691
airfoil,7,520,9.392940207531577,10.623309135437012
airfoil,7,521,9.272201287119012,10.609274864196777
airfoil,7,522,9.624886839013351,10.810826301574707
airfoil,7,523,9.156883603648135,11.247416496276855
airfoil,7,524,9.465527158034476,10.555198669433594
airfoil,7,525,9.115008843572516,10.62404727935791
airfoil,7,526,9.298415246762728,10.871960639953613
airfoil,7,527,9.139821127841348,10.52084732055664
airfoil,7,528,9.292899018839785,10.762313842773438
airfoil,7,529,9.372185393383628,10.724077224731445
airfoil,7,530,9.382427435172232,10.663230895996094
airfoil,7,531,9.112197512074522,10.675386428833008
airfoil,7,532,9.301755566346017,10.570531845092773
airfoil,7,533,9.297816514968872,11.93903923034668
airfoil,7,534,9.42123796437916,11.116003036499023
airfoil,7,535,9.67377023320449,10.439807891845703
airfoil,7,536,9.423950898019891,10.652624130249023
airfoil,7,537,9.247808945806403,11.394936561584473
airfoil,7,538,9.120959056051154,10.410443305969238
airfoil,7,539,9.15590268687198,10.56081485748291
airfoil,7,540,9.205530091335898,10.554030418395996
airfoil,7,541,9.18392805049294,10.474328994750977
airfoil,7,542,9.206766078346654,10.265539169311523
airfoil,7,543,9.154550357868796,10.247262001037598
airfoil,7,544,9.365136221835488,10.273969650268555
airfoil,7,545,9.20703972013373,10.246162414550781
airfoil,7,546,9.222770270548368,10.184527397155762
airfoil,7,547,9.108613629090158,10.38732624053955
airfoil,7,548,9.053349545127467,10.25902271270752
airfoil,7,549,9.124260927501478,10.397664070129395
airfoil,7,550,9.069291365774054,10.211784362792969
airfoil,7,551,9.050609833315798,10.328783988952637
airfoil,7,552,8.929853847152309,11.038503646850586
airfoil,7,553,9.177226581071553,10.332286834716797
airfoil,7,554,9.117209585089432,10.423959732055664
airfoil,7,555,9.157976169335214,10.262859344482422
airfoil,7,556,8.955431655833596,10.258151054382324
airfoil,7,557,9.258525522131668,10.530986785888672
airfoil,7,558,9.107670564400522,9.99718189239502
airfoil,7,559,9.1164996373026,10.103462219238281
airfoil,7,560,8.844814953051115,10.22554874420166
airfoil,7,561,9.052221599378084,10.743945121765137
airfoil,7,562,9.202112059844168,10.645082473754883
airfoil,7,563,9.563423351237649,10.506328582763672
airfoil,7,564,9.566360097182425,10.459967613220215
airfoil,7,565,9.227021756925081,10.33220100402832
airfoil,7,566,8.807656488920513,10.401152610778809
airfoil,7,567,9.078210893430208,10.330597877502441
airfoil,7,568,9.356647253036499,11.075499534606934
airfoil,7,569,8.961845247369064,10.116747856140137
airfoil,7,570,9.169433142009535,10.000401496887207
airfoil,7,571,8.857910457410311,10.409141540527344
airfoil,7,572,8.996885331053482,10.234806060791016
airfoil,7,573,9.24555025602642,10.207033157348633
airfoil,7,574,8.873926376041613,10.115859031677246
airfoil,7,575,9.103371306469565,10.88965129852295
airfoil,7,576,8.932239877550225,9.92113971710205
airfoil,7,577,8.74872146154705,10.031152725219727
airfoil,7,578,9.032586819247195,10.357919692993164
airfoil,7,579,8.740108477441888,10.651728630065918
airfoil,7,580,9.29141694621036,10.006232261657715
airfoil,7,581,8.814401984214783,10.205742835998535
airfoil,7,582,8.812692792792069,10.003201484680176
airfoil,7,583,8.663215750142149,9.870551109313965
airfoil,7,584,8.818016108713651,10.12746524810791
airfoil,7,585,8.946643754055625,10.16218376159668
airfoil,7,586,8.960963487625122,10.138230323791504
airfoil,7,587,8.655794469933761,10.06640911102295
airfoil,7,588,8.935855031013489,9.837322235107422
airfoil,7,589,8.851889340501083,9.9426908493042
airfoil,7,590,9.044552056412948,9.930325508117676
airfoil,7,591,9.151244044303894,9.994641304016113
airfoil,7,592,8.831086616767081,9.819427490234375
airfoil,7,593,8.855567530581826,10.10130500793457
airfoil,7,594,8.693610931697645,9.794677734375
airfoil,7,595,8.684793026823746,9.811636924743652
airfoil,7,596,8.656710863113403,10.169256210327148
airfoil,7,597,8.69941292311016,9.85684585571289
airfoil,7,598,8.782051469150343,10.050436973571777
airfoil,7,599,9.195984438845986,10.446264266967773
airfoil,7,600,8.952844569557591,10.107458114624023
airfoil,7,601,8.834274706087614,9.811287879943848
airfoil,7,602,8.865850097254702,10.929079055786133
airfoil,7,603,8.837002076600728,10.118711471557617
airfoil,7,604,8.775862762802525,9.887554168701172
airfoil,7,605,8.687546102624191,9.677775382995605
airfoil,7,606,8.632648468017578,9.848573684692383
airfoil,7,607,8.570993360720182,10.308917045593262
airfoil,7,608,8.763714840537624,9.757223129272461
airfoil,7,609,8.795290357188174,10.109543800354004
airfoil,7,610,8.69272988720944,9.966828346252441
airfoil,7,611,8.81864207041891,9.670413970947266
airfoil,7,612,8.877420168173941,10.11443042755127
airfoil,7,613,8.885147483725296,9.90597152709961
airfoil,7,614,8.57905187732295,9.69375228881836
airfoil,7,615,8.6753102039036,9.575891494750977
airfoil,7,616,8.652267587812323,10.036348342895508
airfoil,7,617,8.698498744713632,9.799236297607422
airfoil,7,618,8.713473865860387,9.60901165008545
airfoil,7,619,8.608039015217832,9.457892417907715
airfoil,7,620,8.759309260468735,10.190471649169922
airfoil,7,621,8.785710083810907,9.684606552124023
airfoil,7,622,8.38143835569683,9.701111793518066
airfoil,7,623,8.534692732911362,10.195206642150879
airfoil,7,624,8.57260869678698,9.78812313079834
airfoil,7,625,8.550162723189906,10.104351997375488
airfoil,7,626,8.507649867158188,9.557124137878418
airfoil,7,627,8.475489114460192,9.703208923339844
airfoil,7,628,8.508336581681904,9.638445854187012
airfoil,7,629,8.54292721497385,9.43280029296875
airfoil,7,630,9.20708199551231,9.667152404785156
airfoil,7,631,8.477811531016702,9.450469970703125
airfoil,7,632,8.503785735682436,9.907018661499023
airfoil,7,633,8.551002226377788,9.750006675720215
airfoil,7,634,8.607437196530794,9.520453453063965
airfoil,7,635,8.626620549904672,9.554096221923828
airfoil,7,636,8.483692250753704,9.647566795349121
airfoil,7,637,8.707534181444268,9.51395034790039
airfoil,7,638,8.573514775225991,9.533797264099121
airfoil,7,639,8.649769519504748,9.858195304870605
airfoil,7,640,8.56188742738021,9.654799461364746
airfoil,7,641,8.364885850956565,9.666891098022461
airfoil,7,642,8.637588908797817,9.789451599121094
airfoil,7,643,8.527038473831979,9.59871768951416
airfoil,7,644,8.507495647982546,9.369232177734375
airfoil,7,645,8.236044996663145,10.241822242736816
airfoil,7,646,8.437138080596924,9.635936737060547
airfoil,7,647,8.50589330572831,9.636248588562012
airfoil,7,648,8.690154552459717,9.507798194885254
airfoil,7,649,8.496653751323098,9.533084869384766
airfoil,7,650,8.451133489608765,9.404168128967285
airfoil,7,651,8.446231032672681,9.585060119628906
airfoil,7,652,8.531877831408853,9.4537935256958
airfoil,7,653,8.234056259456434,9.466487884521484
airfoil,7,654,8.330476748315911,9.379914283752441
airfoil,7,655,8.601077939334669,9.307802200317383
airfoil,7,656,8.339202937326933,9.227072715759277
airfoil,7,657,8.38700967085989,9.209285736083984
airfoil,7,658,8.455781604114332,9.450349807739258
airfoil,7,659,8.385293841362,9.516112327575684
airfoil,7,660,8.513547295018247,9.48693561553955
airfoil,7,661,8.337027210938302,9.166269302368164
airfoil,7,662,8.364470682646099,9.321062088012695
airfoil,7,663,8.371537101896186,9.192842483520508
airfoil,7,664,8.571682666477404,9.475037574768066
airfoil,7,665,8.983082256819072,9.545211791992188
airfoil,7,666,8.250176078394839,9.422575950622559
airfoil,7,667,8.305554308389363,9.467706680297852
airfoil,7,668,8.361787024297213,10.490758895874023
airfoil,7,669,8.483956939295718,9.294379234313965
airfoil,7,670,8.2787606716156,9.45339298248291
airfoil,7,671,8.274057915336208,9.302165031433105
airfoil,7,672,8.15338397026062,9.35619831085205
airfoil,7,673,8.369991258571023,9.273426055908203
airfoil,7,674,8.183103611594753,9.491158485412598
airfoil,7,675,8.502788186073303,9.287190437316895
airfoil,7,676,8.270201105820504,9.172089576721191
airfoil,7,677,8.264703355337444,9.124919891357422
airfoil,7,678,8.230914329227648,9.543072700500488
airfoil,7,679,8.081876823776646,9.271523475646973
airfoil,7,680,8.215256929397583,9.178272247314453
airfoil,7,681,8.388915049402337,10.461623191833496
airfoil,7,682,8.665007252442209,9.52354621887207
airfoil,7,683,8.77035645434731,9.668282508850098
airfoil,7,684,8.567265498010736,9.60846996307373
airfoil,7,685,8.469484191191825,10.411767959594727
airfoil,7,686,8.25432498831498,9.125418663024902
airfoil,7,687,8.396501955233122,9.111444473266602
airfoil,7,688,8.457148940939652,9.313423156738281
airfoil,7,689,8.278286457061768,9.156973838806152
airfoil,7,690,8.161094791010806,9.727255821228027
airfoil,7,691,8.266019363152353,9.28942584991455
airfoil,7,692,8.988484031275698,9.76805591583252
airfoil,7,693,8.16685460115734,9.1107816696167
airfoil,7,694,8.124421251447577,9.357379913330078
airfoil,7,695,8.344142637754741,9.153244972229004
airfoil,7,696,8.26518440246582,9.52016830444336
airfoil,7,697,8.08122898402967,9.280057907104492
airfoil,7,698,8.071297689488059,9.166156768798828
airfoil,7,699,8.146164938023215,8.96265983581543
airfoil,7,700,8.201277086609288,9.08842945098877
airfoil,7,701,8.277266998040048,9.30517292022705
airfoil,7,702,8.19295038675007,9.013333320617676
airfoil,7,703,8.191984910713998,9.059016227722168
airfoil,7,704,8.360608107165286,9.309258460998535
airfoil,7,705,8.12513481943231,9.033563613891602
airfoil,7,706,8.069157826273065,9.170740127563477
airfoil,7,707,8.06855465236463,9.392292976379395
airfoil,7,708,8.366921010770296,9.496590614318848
airfoil,7,709,8.174176191028796,9.201038360595703
airfoil,7,710,8.277412439647474,9.237271308898926
airfoil,7,711,8.154640731058622,9.1284818649292
airfoil,7,712,8.27278925243177,10.063373565673828
airfoil,7,713,8.189582674126877,8.966204643249512
airfoil,7,714,8.169738418177554,8.912550926208496
airfoil,7,715,7.932438110050402,9.185480117797852
airfoil,7,716,7.893987392124377,9.282020568847656
airfoil,7,717,8.158081029590807,8.909749031066895
airfoil,7,718,7.911404088923805,9.07136058807373
airfoil,7,719,7.970843101802625,9.228839874267578
airfoil,7,720,8.24281442792792,10.169360160827637
airfoil,7,721,8.107195120108756,8.903281211853027
airfoil,7,722,7.826069317365947,9.02457046508789
airfoil,7,723,8.090455990088614,9.431955337524414
airfoil,7,724,7.881332479025188,9.007713317871094
airfoil,7,725,8.045617599236337,8.945448875427246
airfoil,7,726,8.07985846619857,9.194941520690918
airfoil,7,727,7.965631560275429,8.856740951538086
airfoil,7,728,7.766879658950002,9.075663566589355
airfoil,7,729,7.87780079088713,8.971200942993164
airfoil,7,730,7.884297847747803,9.031070709228516
airfoil,7,731,7.936322300057662,9.179678916931152
airfoil,7,732,8.18589010364131,10.181903839111328
airfoil,7,733,8.775319168442174,9.8697509765625
airfoil,7,734,8.270233317425376,9.332609176635742
airfoil,7,735,7.90358777422654,9.090435028076172
airfoil,7,736,7.955995007565147,9.238853454589844
airfoil,7,737,7.844884608921252,9.128997802734375
airfoil,7,738,8.165949514037685,9.14333724975586
airfoil,7,739,7.91986778535341,8.862641334533691
airfoil,7,740,7.905208462163022,8.921077728271484
airfoil,7,741,7.948287210966411,10.283824920654297
airfoil,7,742,8.19061643826334,9.420931816101074
airfoil,7,743,8.222217942539015,8.764501571655273
airfoil,7,744,8.050023129111842,9.276168823242188
airfoil,7,745,8.092369205073306,9.109936714172363
airfoil,7,746,7.941128222565902,9.411787033081055
airfoil,7,747,8.174749600259881,9.481758117675781
airfoil,7,748,7.976642709029348,9.319583892822266
airfoil,7,749,7.866286597753826,8.907155990600586
airfoil,7,750,7.881193248849166,8.859536170959473
airfoil,7,751,7.853131426008124,9.191442489624023
airfoil,7,752,7.908940459552564,8.910892486572266
airfoil,7,753,7.807878306037502,9.498311042785645
airfoil,7,754,8.080400090468558,8.707999229431152
airfoil,7,755,8.027053588315061,8.935111999511719
airfoil,7,756,7.867911476837961,9.20651626586914
airfoil,7,757,7.839229207289846,9.143820762634277
airfoil,7,758,7.840710821904634,8.989811897277832
airfoil,7,759,7.731902059755828,9.214861869812012
airfoil,7,760,7.889806709791484,8.842876434326172
airfoil,7,761,7.671247501122324,9.058902740478516
airfoil,7,762,8.094533656772814,9.276402473449707
airfoil,7,763,7.7359220793372705,8.958634376525879
airfoil,7,764,7.827356586330815,9.366253852844238
airfoil,7,765,7.8997494045056795,8.962231636047363
airfoil,7,766,7.634714816745959,9.003581047058105
airfoil,7,767,7.82441813067386,8.832697868347168
airfoil,7,768,7.824778073712399,8.930594444274902
airfoil,7,769,7.8193869528017546,8.930444717407227
airfoil,7,770,7.774831508335314,9.110182762145996
airfoil,7,771,7.857582832637586,8.967133522033691
airfoil,7,772,7.790671241910834,8.790928840637207
airfoil,7,773,7.809434646054318,8.721040725708008
airfoil,7,774,8.086173823005275,8.818045616149902
airfoil,7,775,8.012402703887538,9.193183898925781
airfoil,7,776,8.01803217436138,8.918702125549316
airfoil,7,777,7.609993344859073,9.031103134155273
airfoil,7,778,7.638755867355748,8.722981452941895
airfoil,7,779,7.813661042012666,8.652063369750977
airfoil,7,780,7.651309446284645,9.1922607421875
airfoil,7,781,7.84633545499099,9.417272567749023
airfoil,7,782,7.805560595110843,9.574137687683105
airfoil,7,783,8.04466241911838,8.938852310180664
airfoil,7,784,7.604359093465303,9.13914680480957
airfoil,7,785,7.774549766590721,8.738852500915527
airfoil,7,786,8.007119461109763,9.101140975952148
airfoil,7,787,7.854003322751899,9.193297386169434
airfoil,7,788,7.7740064733906795,8.741413116455078
airfoil,7,789,7.716537042667992,9.068408966064453
airfoil,7,790,7.570400112553647,8.915063858032227
airfoil,7,791,7.67511689035516,8.655325889587402
airfoil,7,792,7.778228006864849,8.590204238891602
airfoil,7,793,7.813395324506257,8.6863431930542
airfoil,7,794,7.628660634944313,8.681370735168457
airfoil,7,795,7.657777529013784,8.830402374267578
airfoil,7,796,7.907934621760719,9.362488746643066
airfoil,7,797,7.73709323531703,8.648307800292969
airfoil,7,798,7.849602950246711,9.056010246276855
airfoil,7,799,7.87094585519088,9.044468879699707
airfoil,7,800,7.875254806719329,8.622550010681152
airfoil,7,801,7.736992710515072,8.948938369750977
airfoil,7,802,7.818584002946553,8.841200828552246
airfoil,7,803,7.68888375006224,9.047415733337402
airfoil,7,804,7.833452770584508,9.539093017578125
airfoil,7,805,7.5984970268450285,8.643596649169922
airfoil,7,806,7.6925567012084155,8.6141939163208
airfoil,7,807,7.644919746800473,8.827301025390625
airfoil,7,808,7.714909616269563,9.54126262664795
airfoil,7,809,7.756906597237838,9.141260147094727
airfoil,7,810,7.473630039315474,9.032567024230957
airfoil,7,811,7.565233694879632,8.581488609313965
airfoil,7,812,7.493229119401229,8.934209823608398
airfoil,7,813,7.666996842936466,8.565857887268066
airfoil,7,814,7.529008959469042,8.633403778076172
airfoil,7,815,7.568128190542522,9.064303398132324
airfoil,7,816,7.8946299364692285,8.746172904968262
airfoil,7,817,7.548503844361556,8.789751052856445
airfoil,7,818,7.446778153118334,8.577184677124023
airfoil,7,819,7.643691897392273,9.431902885437012
airfoil,7,820,7.541822439745853,8.9647798538208
airfoil,7,821,7.560442372372276,8.525242805480957
airfoil,7,822,7.290452411300258,8.769930839538574
airfoil,7,823,7.674070289260463,8.795828819274902
airfoil,7,824,7.488713590722335,8.652618408203125
airfoil,7,825,7.5335699570806405,8.558846473693848
airfoil,7,826,7.421782681816502,8.564913749694824
airfoil,7,827,7.424331771700006,8.44831371307373
airfoil,7,828,7.350175637947886,8.863401412963867
airfoil,7,829,7.634370076028924,8.79431438446045
airfoil,7,830,7.481852293014526,8.706377983093262
airfoil,7,831,7.465161787836175,8.516226768493652
airfoil,7,832,7.444598511645668,8.828474044799805
airfoil,7,833,7.551445283387837,8.461254119873047
airfoil,7,834,7.644156223849246,9.053146362304688
airfoil,7,835,7.7624772096935075,8.959866523742676
airfoil,7,836,7.396108671238548,8.610960006713867
airfoil,7,837,7.53174268571954,8.489164352416992
airfoil,7,838,7.685923670467577,8.489116668701172
airfoil,7,839,7.414254677923102,8.811396598815918
airfoil,7,840,7.713100546284726,9.272734642028809
airfoil,7,841,7.437986838190179,8.57603645324707
airfoil,7,842,7.406310420287283,8.7008638381958
airfoil,7,843,7.528620299540068,8.91608715057373
airfoil,7,844,7.490622394963315,8.532527923583984
airfoil,7,845,7.572232415801601,8.593291282653809
airfoil,7,846,7.411192090887773,8.501317977905273
airfoil,7,847,7.41212901316191,9.318318367004395
airfoil,7,848,7.756907889717503,8.888134956359863
airfoil,7,849,7.677869639898601,8.950183868408203
airfoil,7,850,7.418833694959941,8.362038612365723
airfoil,7,851,7.398195580432289,8.830194473266602
airfoil,7,852,7.802554695229781,8.904731750488281
airfoil,7,853,7.344914693581431,8.748044967651367
airfoil,7,854,7.557914514290659,9.312482833862305
airfoil,7,855,7.490481916226838,8.716879844665527
airfoil,7,856,7.8653814071103145,8.54647159576416
airfoil,7,857,7.38676485262419,8.388360977172852
airfoil,7,858,7.4441659074080615,8.693559646606445
airfoil,7,859,7.4951055865538745,8.849406242370605
airfoil,7,860,7.413907515375238,8.416778564453125
airfoil,7,861,7.601665089004918,9.385461807250977
airfoil,7,862,7.356916314677188,8.386608123779297
airfoil,7,863,7.363663867900246,8.373276710510254
airfoil,7,864,7.248041636065433,8.294601440429688
airfoil,7,865,7.479754849484093,8.533868789672852
airfoil,7,866,7.374883658007572,8.368029594421387
airfoil,7,867,7.3017694134461255,8.725022315979004
airfoil,7,868,7.441607067459508,8.814803123474121
airfoil,7,869,7.318635068441692,8.412328720092773
airfoil,7,870,7.402342099892466,8.689563751220703
airfoil,7,871,7.261427804043419,8.698956489562988
airfoil,7,872,7.654744888606825,8.807465553283691
airfoil,7,873,7.422467012154429,8.577170372009277
airfoil,7,874,7.370317879476045,8.3062105178833
airfoil,7,875,7.31816125543494,8.522061347961426
airfoil,7,876,7.263052149822838,8.294398307800293
airfoil,7,877,7.1550056432422835,8.354679107666016
airfoil,7,878,7.325669639988949,8.387633323669434
airfoil,7,879,7.536704458688435,9.217028617858887
airfoil,7,880,7.276734057225679,8.321070671081543
airfoil,7,881,7.2663456515262,8.480676651000977
airfoil,7,882,7.465640708019859,8.233596801757812
airfoil,7,883,7.321107569493745,8.634413719177246
airfoil,7,884,7.554228857943886,8.769362449645996
airfoil,7,885,7.278139653958772,8.377626419067383
airfoil,7,886,7.2643534509759204,8.505311012268066
airfoil,7,887,7.433919166263781,8.253973960876465
airfoil,7,888,7.5944213678962305,9.197670936584473
airfoil,7,889,7.532581159943028,8.31442642211914
airfoil,7,890,7.174723713021529,8.685442924499512
airfoil,7,891,7.167989498690555,9.122097969055176
airfoil,7,892,7.41702381560677,9.121487617492676
airfoil,7,893,7.3281396188234025,8.38581371307373
airfoil,7,894,7.178260684013367,8.832030296325684
airfoil,7,895,7.47743577078769,8.277307510375977
airfoil,7,896,7.238694517236007,8.33862018585205
airfoil,7,897,7.201205316342805,8.19359302520752
airfoil,7,898,7.182143249009785,8.613531112670898
airfoil,7,899,7.040094068175868,8.370989799499512
airfoil,7,900,7.330496712734825,8.72922420501709
airfoil,7,901,7.234778906169691,8.476621627807617
airfoil,7,902,7.1359620031557585,8.336816787719727
airfoil,7,903,7.199495811211436,8.41540813446045
airfoil,7,904,7.399106878983347,8.40229320526123
airfoil,7,905,7.4690451182817155,8.812087059020996
airfoil,7,906,7.440695750085931,8.13025188446045
airfoil,7,907,7.248528882076866,8.690096855163574
airfoil,7,908,7.276985657842536,8.730338096618652
airfoil,7,909,7.34065464295839,8.3296480178833
airfoil,7,910,7.25477261292307,8.643714904785156
airfoil,7,911,7.309537718170567,8.555615425109863
airfoil,7,912,7.395799097261931,8.523780822753906
airfoil,7,913,7.280347108840942,8.317194938659668
airfoil,7,914,7.507846411905791,8.32380199432373
airfoil,7,915,7.122665982497366,8.115402221679688
airfoil,7,916,7.090591010294463,8.276580810546875
airfoil,7,917,7.167435828008149,8.323982238769531
airfoil,7,918,7.17550454014226,8.488408088684082
airfoil,7,919,7.090491370150917,8.240079879760742
airfoil,7,920,6.9821002671593115,8.131415367126465
airfoil,7,921,7.1082973668449805,8.479005813598633
airfoil,7,922,7.15406344438854,8.25589370727539
airfoil,7,923,7.209387503172222,8.168396949768066
airfoil,7,924,6.98616455730639,8.184477806091309
airfoil,7,925,7.066439697616978,8.273479461669922
airfoil,7,926,7.165522851442036,8.151580810546875
airfoil,7,927,7.158853618722213,8.268266677856445
airfoil,7,928,7.240874817496852,8.852522850036621
airfoil,7,929,7.405980825424194,8.315089225769043
airfoil,7,930,7.131462285393162,8.266672134399414
airfoil,7,931,7.209314885892366,8.283485412597656
airfoil,7,932,7.02956023341731,8.087955474853516
airfoil,7,933,7.062137785710786,8.191125869750977
airfoil,7,934,7.20782028373919,8.182991981506348
airfoil,7,935,7.347194527324877,8.102673530578613
airfoil,7,936,6.95503024051064,8.056081771850586
airfoil,7,937,6.927304857655575,7.920135021209717
airfoil,7,938,7.099377569399382,7.901461601257324
airfoil,7,939,7.0949569877825285,8.784139633178711
airfoil,7,940,7.4215704453618905,8.153302192687988
airfoil,7,941,7.095815997374685,8.32344913482666
airfoil,7,942,7.090739827407034,8.346713066101074
airfoil,7,943,7.076909485616182,8.191031455993652
airfoil,7,944,7.246833349529066,7.953279495239258
airfoil,7,945,7.064832474056043,8.055333137512207
airfoil,7,946,7.283522361203244,8.132221221923828
airfoil,7,947,7.442428011643259,8.224921226501465
airfoil,7,948,6.924350067188866,8.073820114135742
airfoil,7,949,7.015335942569532,8.338987350463867
airfoil,7,950,7.0437322102094955,7.976043224334717
airfoil,7,951,6.977881776659112,7.865755081176758
airfoil,7,952,6.935949275368138,7.995119571685791
airfoil,7,953,7.065353970778616,8.29670524597168
airfoil,7,954,7.24115891205637,8.471087455749512
airfoil,7,955,7.210797742793434,7.982690334320068
airfoil,7,956,6.993770975815623,8.485400199890137
airfoil,7,957,7.189716859867699,7.970802307128906
airfoil,7,958,7.154626018122623,7.972464084625244
airfoil,7,959,7.227444554630079,8.078902244567871
airfoil,7,960,6.863096425407811,8.661629676818848
airfoil,7,961,6.8912489665182015,8.90872573852539
airfoil,7,962,7.4421593390013046,8.527734756469727
airfoil,7,963,7.080340598758898,8.218708038330078
airfoil,7,964,7.159498089238217,8.098639488220215
airfoil,7,965,6.96263377290023,7.972799301147461
airfoil,7,966,7.349435505114104,8.570806503295898
airfoil,7,967,7.107114722854213,8.346617698669434
airfoil,7,968,7.01475097003736,8.48885726928711
airfoil,7,969,7.0585170858784725,8.279011726379395
airfoil,7,970,6.867271040615282,8.1492338180542
airfoil,7,971,6.8727704537542245,7.921085834503174
airfoil,7,972,6.900705732797322,8.118700981140137
airfoil,7,973,6.988657003954837,8.235844612121582
airfoil,7,974,6.90412806209765,7.789527416229248
airfoil,7,975,6.892372074880098,7.870503902435303
airfoil,7,976,6.79030053866537,8.217329025268555
airfoil,7,977,7.243805973153365,8.098258972167969
airfoil,7,978,7.06091036294636,8.043532371520996
airfoil,7,979,7.1179416932557755,8.040888786315918
airfoil,7,980,6.984802804495159,7.827437400817871
airfoil,7,981,6.867654700028269,8.044271469116211
airfoil,7,982,6.7818209874002555,7.66404390335083
airfoil,7,983,6.942848469081678,8.197272300720215
airfoil,7,984,7.085131783234446,7.868917465209961
airfoil,7,985,7.003858032979463,8.050033569335938
airfoil,7,986,6.969352213959945,8.005509376525879
airfoil,7,987,7.042402386665344,8.002486228942871
airfoil,7,988,7.141860246658325,8.100362777709961
airfoil,7,989,6.846316375230488,7.8325958251953125
airfoil,7,990,6.930829217559413,8.42994213104248
airfoil,7,991,6.906579456831279,8.018817901611328
airfoil,7,992,7.0703230908042505,7.822001934051514
airfoil,7,993,7.015341426196851,8.312932014465332
airfoil,7,994,7.011205353234944,8.342270851135254
airfoil,7,995,7.030200381028025,8.0065336227417
airfoil,7,996,6.980786612159328,8.807686805725098
airfoil,7,997,6.977088658433211,7.832132339477539
airfoil,7,998,6.943536808616237,8.416259765625
airfoil,7,999,6.90662483792556,7.832794666290283
airfoil,4,0,19.467758254001016,18.47593116760254
airfoil,4,1,18.795082493832236,16.79145622253418
airfoil,4,2,18.46707682860525,17.2452335357666
airfoil,4,3,18.032116011569375,16.964134216308594
airfoil,4,4,17.57145969491256,16.047773361206055
airfoil,4,5,17.37850274537739,16.083837509155273
airfoil,4,6,17.438618697618182,16.9693603515625
airfoil,4,7,17.4315605916475,16.270206451416016
airfoil,4,8,16.787123880888288,16.569896697998047
airfoil,4,9,16.482951666179456,15.717656135559082
airfoil,4,10,16.755070334986637,16.623064041137695
airfoil,4,11,16.445598627391615,16.129430770874023
airfoil,4,12,16.344443233389605,16.25032615661621
airfoil,4,13,16.01953313225194,15.784446716308594
airfoil,4,14,16.236788674404746,15.77457046508789
airfoil,4,15,15.756593641481901,15.56270980834961
airfoil,4,16,15.38671004144769,15.906003952026367
airfoil,4,17,15.351670491067987,15.271295547485352
airfoil,4,18,15.746779843380576,15.460421562194824
airfoil,4,19,15.23658729854383,14.807796478271484
airfoil,4,20,14.89941292060049,14.963295936584473
airfoil,4,21,14.853041899831672,16.491605758666992
airfoil,4,22,14.904604158903423,14.489156723022461
airfoil,4,23,15.240406839471115,14.836487770080566
airfoil,4,24,14.879784860109028,14.254728317260742
airfoil,4,25,14.343659526423403,14.360503196716309
airfoil,4,26,14.125541912881951,14.178893089294434
airfoil,4,27,14.404280813116776,15.53878402709961
airfoil,4,28,13.943889969273618,13.940940856933594
airfoil,4,29,13.580614303287707,13.687418937683105
airfoil,4,30,13.955282512464022,13.871213912963867
airfoil,4,31,13.614451634256463,13.379180908203125
airfoil,4,32,13.397596283962852,14.02730655670166
airfoil,4,33,13.290623940919575,13.660833358764648
airfoil,4,34,13.356888030704699,13.525045394897461
airfoil,4,35,13.051443903069748,12.996978759765625
airfoil,4,36,12.763059816862407,13.314126968383789
airfoil,4,37,12.697652979900962,12.86414623260498
airfoil,4,38,12.553253336956626,13.051326751708984
airfoil,4,39,12.485201986212479,12.426456451416016
airfoil,4,40,12.515761927554482,13.232099533081055
airfoil,4,41,12.333820995531584,12.460015296936035
airfoil,4,42,12.17530692251105,12.047167778015137
airfoil,4,43,11.840968809629741,12.720396995544434
airfoil,4,44,11.665507316589355,11.976659774780273
airfoil,4,45,11.815855239567004,12.16625690460205
airfoil,4,46,11.991686783338848,11.780631065368652
airfoil,4,47,11.376426219940186,11.642550468444824
airfoil,4,48,11.604466400648418,11.577848434448242
airfoil,4,49,11.254625546304803,11.286412239074707
airfoil,4,50,10.931330831427323,11.638476371765137
airfoil,4,51,10.971278730191683,11.485616683959961
airfoil,4,52,10.629535348791824,11.41140079498291
airfoil,4,53,10.746518461327804,10.932812690734863
airfoil,4,54,10.761779854172154,11.167753219604492
airfoil,4,55,10.670552554883455,10.971641540527344
airfoil,4,56,10.423484237570511,10.889059066772461
airfoil,4,57,10.578308619950947,11.227815628051758
airfoil,4,58,10.299678601716694,11.291271209716797
airfoil,4,59,10.321299803884406,10.719209671020508
airfoil,4,60,9.972142708928962,10.331707000732422
airfoil,4,61,10.176311003534417,11.087976455688477
airfoil,4,62,9.857765774977835,10.373754501342773
airfoil,4,63,9.700536564776773,10.286490440368652
airfoil,4,64,9.618770436236733,10.276022911071777
airfoil,4,65,9.541416218406276,10.586677551269531
airfoil,4,66,9.631726992757697,10.056504249572754
airfoil,4,67,9.498391540426956,10.143617630004883
airfoil,4,68,9.477418008603548,10.597360610961914
airfoil,4,69,9.291249651657907,9.977383613586426
airfoil,4,70,9.367750644683838,10.081891059875488
airfoil,4,71,9.434154999883551,10.808817863464355
airfoil,4,72,9.670660508306403,9.456772804260254
airfoil,4,73,9.205117075066818,9.80334186553955
airfoil,4,74,9.28721943654512,9.597175598144531
airfoil,4,75,8.893362578592802,9.624591827392578
airfoil,4,76,8.707970569008275,9.46841049194336
airfoil,4,77,9.194581583926553,9.700870513916016
airfoil,4,78,8.947847956105283,9.204777717590332
airfoil,4,79,8.77485956643757,9.974306106567383
airfoil,4,80,8.578286058024355,9.759286880493164
airfoil,4,81,9.074240653138412,9.8239164352417
airfoil,4,82,9.207069020522269,8.967204093933105
airfoil,4,83,8.576231467096429,9.195503234863281
airfoil,4,84,8.688546908529181,9.107933044433594
airfoil,4,85,8.57469613928544,9.266569137573242
airfoil,4,86,8.909133528408251,9.527298927307129
airfoil,4,87,8.161181851437217,9.023344993591309
airfoil,4,88,8.626414380575481,8.827895164489746
airfoil,4,89,8.34162257847033,8.918113708496094
airfoil,4,90,8.19291849512803,9.37691879272461
airfoil,4,91,8.293135530070254,8.832740783691406
airfoil,4,92,8.137664581599989,8.418498992919922
airfoil,4,93,8.11278318103991,8.920788764953613
airfoil,4,94,8.19320727649488,8.993209838867188
airfoil,4,95,8.062691123862015,9.137614250183105
airfoil,4,96,8.246103487516704,8.853196144104004
airfoil,4,97,8.47744597886738,8.82384967803955
airfoil,4,98,8.129935528102674,8.815521240234375
airfoil,4,99,8.069539082677741,8.218101501464844
airfoil,4,100,7.810742503718326,8.754907608032227
airfoil,4,101,8.011321739146585,8.487665176391602
airfoil,4,102,8.029597934923673,8.70275592803955
airfoil,4,103,8.008566159951059,8.854618072509766
airfoil,4,104,8.024369434306497,8.911179542541504
airfoil,4,105,7.629921411213122,8.421614646911621
airfoil,4,106,8.002941922137612,8.33349895477295
airfoil,4,107,7.8020654226604265,8.60397720336914
airfoil,4,108,7.711097673365944,8.227004051208496
airfoil,4,109,7.668333693554527,8.620100021362305
airfoil,4,110,7.761844804412441,8.109210014343262
airfoil,4,111,7.882915459181133,9.694713592529297
airfoil,4,112,8.253728615610223,8.04025650024414
airfoil,4,113,7.636168599128723,8.939233779907227
airfoil,4,114,7.9307260889756055,8.346780776977539
airfoil,4,115,7.349311069438332,8.16319751739502
airfoil,4,116,7.487498716304176,8.804762840270996
airfoil,4,117,7.58034592553189,8.444376945495605
airfoil,4,118,7.433030850008914,8.281970024108887
airfoil,4,119,7.363605524364271,8.72898006439209
airfoil,4,120,7.321632677002957,7.647936820983887
airfoil,4,121,7.439795933271709,8.2443265914917
airfoil,4,122,7.536110363508525,8.375758171081543
airfoil,4,123,7.633446216583252,8.298973083496094
airfoil,4,124,7.288328635065179,8.42014217376709
airfoil,4,125,7.520872266669023,8.048872947692871
airfoil,4,126,7.396616960826673,8.022294044494629
airfoil,4,127,7.253483584052638,8.157708168029785
airfoil,4,128,7.142345227693257,7.729516506195068
airfoil,4,129,7.364397061498542,7.907610893249512
airfoil,4,130,7.298933989123294,7.907387733459473
airfoil,4,131,7.348538819112275,7.805366039276123
airfoil,4,132,7.429993830229106,7.797892093658447
airfoil,4,133,7.126917243003845,7.9966936111450195
airfoil,4,134,7.204961908491034,7.652031421661377
airfoil,4,135,7.1359765404149105,7.619884490966797
airfoil,4,136,7.373987982147618,8.717904090881348
airfoil,4,137,7.5205777946271395,7.4498186111450195
airfoil,4,138,7.388595568506341,7.527226448059082
airfoil,4,139,7.080779188557675,7.413137912750244
airfoil,4,140,7.179757475852966,7.509049415588379
airfoil,4,141,6.965824811082137,7.573787212371826
airfoil,4,142,7.205084844639427,7.686052322387695
airfoil,4,143,7.249009766076741,7.915536403656006
airfoil,4,144,6.929529384562843,7.694681644439697
airfoil,4,145,7.258572377656636,7.455626010894775
airfoil,4,146,6.9382748039145214,7.33334493637085
airfoil,4,147,6.842297742241307,7.728222846984863
airfoil,4,148,6.846467720834832,8.405593872070312
airfoil,4,149,6.861093577585723,7.378815174102783
airfoil,4,150,6.95439738976328,7.5074920654296875
airfoil,4,151,6.946883709807145,7.223137855529785
airfoil,4,152,6.709126710891724,7.687061309814453
airfoil,4,153,6.944434849839461,7.311857223510742
airfoil,4,154,6.936713827283759,7.406686782836914
airfoil,4,155,6.886398346800553,7.325997829437256
airfoil,4,156,6.820525915999162,7.5617218017578125
airfoil,4,157,6.87606942653656,7.33657693862915
airfoil,4,158,6.756245092341774,7.806128978729248
airfoil,4,159,6.894318731207597,7.735559940338135
airfoil,4,160,6.859877341671994,7.060179233551025
airfoil,4,161,6.786623954772949,7.2388410568237305
airfoil,4,162,6.919984309296859,7.648369789123535
airfoil,4,163,6.729059699334596,7.393985271453857
airfoil,4,164,6.872742270168505,7.154821872711182
airfoil,4,165,6.677080512046814,7.412793159484863
airfoil,4,166,6.637684345245361,7.289507865905762
airfoil,4,167,6.591026613586827,7.410390853881836
airfoil,4,168,6.584762962240922,7.033936977386475
airfoil,4,169,7.003880155713935,7.420107364654541
airfoil,4,170,6.559714198112488,6.947567462921143
airfoil,4,171,6.927281718505056,7.161333084106445
airfoil,4,172,6.851871220689071,7.267120838165283
airfoil,4,173,6.643077091166847,6.943766117095947
airfoil,4,174,6.7117502438394645,7.382840156555176
airfoil,4,175,6.596735345689874,7.174075603485107
airfoil,4,176,6.716892932590685,6.937093257904053
airfoil,4,177,6.511463491540206,7.176242828369141
airfoil,4,178,6.619513850463064,6.883261680603027
airfoil,4,179,6.421335728544938,7.014667987823486
airfoil,4,180,6.291304707527161,7.086543560028076
airfoil,4,181,6.447722334610789,6.895655155181885
airfoil,4,182,6.5037635502062345,6.888522148132324
airfoil,4,183,6.2999683367578605,7.215610980987549
airfoil,4,184,6.294831194375691,6.8875813484191895
airfoil,4,185,6.364604749177632,7.483086585998535
airfoil,4,186,6.592057039863185,7.337915897369385
airfoil,4,187,6.885253962717559,7.553829669952393
airfoil,4,188,6.732169320708827,7.025486469268799
airfoil,4,189,6.409154741387618,6.606166362762451
airfoil,4,190,6.164305762240761,6.805464744567871
airfoil,4,191,6.211268688503065,6.532322406768799
airfoil,4,192,6.427149107581691,6.572579860687256
airfoil,4,193,6.34471847509083,7.204190254211426
airfoil,4,194,6.40088236959357,6.620820999145508
airfoil,4,195,6.246729336286846,6.940496444702148
airfoil,4,196,6.203828592049448,6.779762268066406
airfoil,4,197,6.191677407214516,6.7356181144714355
airfoil,4,198,6.323924930472123,6.785545825958252
airfoil,4,199,6.215299267517893,7.097381114959717
airfoil,4,200,6.396646807068272,6.918843746185303
airfoil,4,201,6.241486699957597,7.014235019683838
airfoil,4,202,6.199558446281834,6.350100994110107
airfoil,4,203,6.10178258858229,6.556985855102539
airfoil,4,204,6.023801113429823,6.444310665130615
airfoil,4,205,6.004594482873616,6.861505508422852
airfoil,4,206,6.5557111815402385,6.8749260902404785
airfoil,4,207,6.169850500006425,6.991868495941162
airfoil,4,208,6.144450369634126,6.857722759246826
airfoil,4,209,5.979279342450593,6.851263046264648
airfoil,4,210,5.983461555681731,6.378301620483398
airfoil,4,211,6.035141825675964,6.6996564865112305
airfoil,4,212,6.043704346606606,6.395039081573486
airfoil,4,213,6.124713019320839,6.528069019317627
airfoil,4,214,6.021123158304315,6.514758586883545
airfoil,4,215,6.390516701497529,6.6447672843933105
airfoil,4,216,6.120184214491593,6.6120924949646
airfoil,4,217,6.038632838349593,6.454700469970703
airfoil,4,218,6.064806856607136,6.250999927520752
airfoil,4,219,5.93333311457383,6.458045482635498
airfoil,4,220,5.903148883267453,7.326155662536621
airfoil,4,221,6.143843173980713,6.924456596374512
airfoil,4,222,6.297278611283553,6.480011940002441
airfoil,4,223,6.132692173907631,6.555972576141357
airfoil,4,224,6.075213852681611,7.9860920906066895
airfoil,4,225,6.1239415689518575,6.220612049102783
airfoil,4,226,6.155707591458371,6.499406814575195
airfoil,4,227,5.9751073749441845,6.697397708892822
airfoil,4,228,5.946659163424843,6.366898536682129
airfoil,4,229,6.003349090877332,6.584909915924072
airfoil,4,230,5.974730272042124,6.5226731300354
airfoil,4,231,5.720564697918139,6.357873916625977
airfoil,4,232,5.683209340823324,6.171926498413086
airfoil,4,233,5.726188835344817,6.580331802368164
airfoil,4,234,5.828145711045516,6.725378513336182
airfoil,4,235,5.748791173884743,6.303683280944824
airfoil,4,236,5.710897633903905,6.642069339752197
airfoil,4,237,5.807185988677175,6.081080913543701
airfoil,4,238,5.945542580203006,6.3922343254089355
airfoil,4,239,5.8429789856860515,6.735133171081543
airfoil,4,240,5.854721746946636,6.245117664337158
airfoil,4,241,5.634784616922078,6.747466087341309
airfoil,4,242,5.764413093265734,6.661162376403809
airfoil,4,243,5.706176412732978,6.184619903564453
airfoil,4,244,5.774025132781581,6.104043483734131
airfoil,4,245,5.819964873163324,6.853510856628418
airfoil,4,246,5.8567860251978825,6.3919548988342285
airfoil,4,247,5.8195582189058,6.154969692230225
airfoil,4,248,5.775657189519782,6.767782211303711
airfoil,4,249,5.665038460179379,6.623589515686035
airfoil,4,250,5.9446816507138704,5.935407638549805
airfoil,4,251,5.674571401194522,6.548546314239502
airfoil,4,252,5.795593801297639,5.918232440948486
airfoil,4,253,5.655484814392893,6.5456390380859375
airfoil,4,254,5.7293526436153215,6.029498100280762
airfoil,4,255,5.763532745210748,6.408247470855713
airfoil,4,256,5.820539330181322,6.114585876464844
airfoil,4,257,5.5450030031957125,5.978946208953857
airfoil,4,258,5.5390830290944955,6.265120506286621
airfoil,4,259,5.849496565367046,6.518451690673828
airfoil,4,260,5.6094394420322615,6.2489237785339355
airfoil,4,261,5.759324512983623,6.179053783416748
airfoil,4,262,5.741420438415126,6.312465667724609
airfoil,4,263,5.658796486101653,6.262664794921875
airfoil,4,264,5.58987830187145,6.040407180786133
airfoil,4,265,5.6562717400099105,6.086906909942627
airfoil,4,266,5.5575260865060905,6.669360160827637
airfoil,4,267,5.836608397333245,6.1002516746521
airfoil,4,268,5.530003340620744,6.707789897918701
airfoil,4,269,5.467449953681545,6.195201396942139
airfoil,4,270,5.569334839519701,6.240907192230225
airfoil,4,271,5.520721811997263,5.926767349243164
airfoil,4,272,5.421750990968001,6.2822747230529785
airfoil,4,273,5.760159944233141,6.302396774291992
airfoil,4,274,5.393392173867476,6.059582710266113
airfoil,4,275,5.399138554146416,6.04921293258667
airfoil,4,276,5.537073273407786,5.901026248931885
airfoil,4,277,5.291707572184111,6.228704452514648
airfoil,4,278,5.307094238306346,5.819690227508545
airfoil,4,279,5.669200778007507,7.021782398223877
airfoil,4,280,5.7878895872517635,6.071428298950195
airfoil,4,281,5.352460240062914,6.034412384033203
airfoil,4,282,5.712411704816316,6.121644020080566
airfoil,4,283,5.632170344653883,5.972423076629639
airfoil,4,284,5.296189085433357,6.12172269821167
airfoil,4,285,5.397023508423253,5.954587459564209
airfoil,4,286,5.408317741594817,5.868859767913818
airfoil,4,287,5.462928235530853,6.0543060302734375
airfoil,4,288,5.46543738716527,5.838540077209473
airfoil,4,289,5.319710405249345,5.890157699584961
airfoil,4,290,5.195767710083409,6.050532817840576
airfoil,4,291,5.15880708945425,5.768049240112305
airfoil,4,292,5.578946251618235,6.729184627532959
airfoil,4,293,5.25417235023097,5.709592342376709
airfoil,4,294,5.290024694643523,5.780928134918213
airfoil,4,295,5.291521737450047,5.752377033233643
airfoil,4,296,5.140938118884438,5.706305027008057
airfoil,4,297,5.2635458958776375,6.233428478240967
airfoil,4,298,5.154475014460714,6.187814712524414
airfoil,4,299,5.535214399036608,6.099856853485107
airfoil,4,300,5.363127206501208,5.855441093444824
airfoil,4,301,5.269286406667609,5.724365234375
airfoil,4,302,5.414125505246614,5.829102993011475
airfoil,4,303,5.382770394024096,6.484357833862305
airfoil,4,304,5.575146637464824,7.587141990661621
airfoil,4,305,5.488972218413102,5.777167797088623
airfoil,4,306,5.214545042891252,5.948479175567627
airfoil,4,307,5.176467381025615,5.792874336242676
airfoil,4,308,5.0022905468940735,5.953050136566162
airfoil,4,309,5.286653581418489,7.567249298095703
airfoil,4,310,5.534206434300072,5.824023246765137
airfoil,4,311,5.064031833096554,6.191333770751953
airfoil,4,312,5.189523759641145,5.769434452056885
airfoil,4,313,5.464119547291806,5.962110996246338
airfoil,4,314,5.192992580564399,5.982577323913574
airfoil,4,315,5.211368617258574,5.781744003295898
airfoil,4,316,5.308435170274032,6.918658256530762
airfoil,4,317,5.284866784748278,5.7007575035095215
airfoil,4,318,5.102293234122427,6.559274196624756
airfoil,4,319,5.395474954655296,5.757701873779297
airfoil,4,320,5.129485600873044,5.756587505340576
airfoil,4,321,5.0155399096639535,6.297852516174316
airfoil,4,322,5.143880066118743,5.925469398498535
airfoil,4,323,5.0341204844023055,5.911366939544678
airfoil,4,324,5.311207846591347,6.510625839233398
airfoil,4,325,5.220034624400892,5.578873157501221
airfoil,4,326,5.0472993097807235,5.562124252319336
airfoil,4,327,4.992138473611129,5.642879486083984
airfoil,4,328,5.160508318951256,6.582745552062988
airfoil,4,329,5.1501866202605395,5.648655414581299
airfoil,4,330,5.171164763601203,5.743024826049805
airfoil,4,331,4.953548349832234,5.444937705993652
airfoil,4,332,4.943433353775426,6.136072635650635
airfoil,4,333,5.1894012062173145,5.82248067855835
airfoil,4,334,5.051973010364332,5.5682148933410645
airfoil,4,335,5.182292630797939,5.880346775054932
airfoil,4,336,5.027158787376003,5.629537582397461
airfoil,4,337,4.947077268048337,5.838383674621582
airfoil,4,338,4.943930779632769,5.857451438903809
airfoil,4,339,5.027650237083435,5.812786102294922
airfoil,4,340,4.93814199849179,5.683512210845947
airfoil,4,341,4.990671659770765,5.527262210845947
airfoil,4,342,5.009127924316807,5.458510875701904
airfoil,4,343,4.9769054964969035,5.626369953155518
airfoil,4,344,4.908110329979344,5.523395538330078
airfoil,4,345,5.135918598426016,5.573065757751465
airfoil,4,346,5.241571840487029,5.597140312194824
airfoil,4,347,4.945433622912357,5.822256088256836
airfoil,4,348,5.085598076644697,5.421366214752197
airfoil,4,349,4.908540060645656,5.713528633117676
airfoil,4,350,4.949489941722469,5.707030296325684
airfoil,4,351,4.923354807652925,5.827845573425293
airfoil,4,352,4.841365657354656,5.476565837860107
airfoil,4,353,5.019181558960362,5.523199081420898
airfoil,4,354,4.970651105830544,5.555312633514404
airfoil,4,355,4.880685693339298,7.137852191925049
airfoil,4,356,4.850206086510106,5.434726715087891
airfoil,4,357,5.009336998588161,5.776148319244385
airfoil,4,358,5.186076327374107,5.9902472496032715
airfoil,4,359,5.003577740568864,5.461254596710205
airfoil,4,360,4.785470617444892,5.732911586761475
airfoil,4,361,4.994903589549818,5.725247859954834
airfoil,4,362,4.819488857921801,5.492016792297363
airfoil,4,363,5.097881517912212,6.888929843902588
airfoil,4,364,4.842483043670654,5.651872158050537
airfoil,4,365,4.875466400071194,5.499194145202637
airfoil,4,366,4.80624174444299,5.359391689300537
airfoil,4,367,4.819486470598924,5.448843479156494
airfoil,4,368,5.048318015901666,6.055920124053955
airfoil,4,369,4.779974178264015,5.451635837554932
airfoil,4,370,4.745786503741615,5.625396251678467
airfoil,4,371,4.929663927931535,5.508561134338379
airfoil,4,372,4.876566071259348,5.6497015953063965
airfoil,4,373,4.951764897296303,6.162920951843262
airfoil,4,374,5.125469571665714,5.453338146209717
airfoil,4,375,4.847520495715894,5.502160549163818
airfoil,4,376,4.794607018169604,5.510122299194336
airfoil,4,377,4.613252815447356,5.412025451660156
airfoil,4,378,4.71375939093138,5.266650199890137
airfoil,4,379,4.7744184105019825,5.3718719482421875
airfoil,4,380,4.731764994169536,5.532661437988281
airfoil,4,381,4.675266786625511,5.6175923347473145
airfoil,4,382,4.702679850553212,5.408198833465576
airfoil,4,383,4.668042026068035,5.422266960144043
airfoil,4,384,4.564408465435631,5.488278865814209
airfoil,4,385,4.711192695718062,5.452310562133789
airfoil,4,386,4.60921553561562,5.215527534484863
airfoil,4,387,4.729827943601106,5.372605323791504
airfoil,4,388,4.683937267253273,5.68279504776001
airfoil,4,389,4.804861664772034,5.510810852050781
airfoil,4,390,4.76654495063581,5.509157657623291
airfoil,4,391,4.591368725425319,5.53727388381958
airfoil,4,392,4.668574013208088,5.427196979522705
airfoil,4,393,4.593193926309285,5.766195774078369
airfoil,4,394,4.670524327378524,5.383594512939453
airfoil,4,395,4.659397965983341,5.857158660888672
airfoil,4,396,4.741117088418258,5.466747283935547
airfoil,4,397,4.628307191949141,5.3187336921691895
airfoil,4,398,4.597274868111861,5.474336624145508
airfoil,4,399,4.66215485648105,5.471415042877197
airfoil,4,400,4.753095746040344,5.811311721801758
airfoil,4,401,4.693906438978095,5.355861186981201
airfoil,4,402,4.551155592265882,5.4173903465271
airfoil,4,403,4.617887832616505,5.464566230773926
airfoil,4,404,4.6801107996388485,5.487274169921875
airfoil,4,405,4.489261310351522,5.449136734008789
airfoil,4,406,4.594964262686278,5.554168224334717
airfoil,4,407,4.448806310954847,5.270991325378418
airfoil,4,408,4.532393330021908,5.557485580444336
airfoil,4,409,4.454117367142125,5.363542556762695
airfoil,4,410,4.564578370044106,5.560232162475586
airfoil,4,411,4.61366323420876,5.507132053375244
airfoil,4,412,4.446874913416411,5.284501075744629
airfoil,4,413,4.4653665015572,5.265765190124512
airfoil,4,414,4.4269613466764755,5.266178607940674
airfoil,4,415,4.59182418961274,5.430623531341553
airfoil,4,416,4.441608303471615,5.254134654998779
airfoil,4,417,4.351035049087123,5.4319281578063965
airfoil,4,418,4.5041717949666475,5.716671943664551
airfoil,4,419,4.630588017011943,5.665525436401367
airfoil,4,420,4.552612743879619,5.604303359985352
airfoil,4,421,4.606152882701473,5.156452655792236
airfoil,4,422,4.445924206783897,5.14358377456665
airfoil,4,423,4.610476016998291,5.4436798095703125
airfoil,4,424,4.4420112120477775,5.454193592071533
airfoil,4,425,4.593777518523367,5.918003082275391
airfoil,4,426,4.651412085482948,6.145215034484863
airfoil,4,427,4.669938928202579,5.292334079742432
airfoil,4,428,4.5899270271000105,5.176823139190674
airfoil,4,429,4.466226922838311,5.45180606842041
airfoil,4,430,4.4154277475256665,5.158429145812988
airfoil,4,431,4.402588455300582,5.478364944458008
airfoil,4,432,4.459150358250267,5.632332801818848
airfoil,4,433,4.348710493037575,5.301999568939209
airfoil,4,434,4.555314525177605,5.732635021209717
airfoil,4,435,4.444216853693912,5.046227931976318
airfoil,4,436,4.365564967456617,5.256115913391113
airfoil,4,437,4.379373776285272,5.169710636138916
airfoil,4,438,4.7429159126783675,5.453509330749512
airfoil,4,439,4.3880817513716845,5.494478225708008
airfoil,4,440,4.352114407639754,5.030519008636475
airfoil,4,441,4.3204601689388875,5.4469075202941895
airfoil,4,442,4.283135407849362,5.556586265563965
airfoil,4,443,4.3686527641196,5.470097541809082
airfoil,4,444,4.367845761148553,4.993288040161133
airfoil,4,445,4.335308300821405,4.966977596282959
airfoil,4,446,4.42114163699903,5.489161014556885
airfoil,4,447,4.491625330950084,5.212367534637451
airfoil,4,448,4.349803215578983,5.614732265472412
airfoil,4,449,4.40463430003116,5.4955668449401855
airfoil,4,450,4.363575408333226,5.013523101806641
airfoil,4,451,4.315333165620503,5.22177791595459
airfoil,4,452,4.477547313037672,5.227491855621338
airfoil,4,453,4.345677959291558,5.315386772155762
airfoil,4,454,4.401570407967818,5.330689907073975
airfoil,4,455,4.371507227420807,5.127364635467529
airfoil,4,456,4.5433440082951595,5.3657145500183105
airfoil,4,457,4.412292053824977,5.323730945587158
airfoil,4,458,4.520132767526727,5.1494622230529785
airfoil,4,459,4.438099346662822,5.09303617477417
airfoil,4,460,4.257795873441194,5.137547016143799
airfoil,4,461,4.275963748756208,5.706592559814453
airfoil,4,462,4.342975942712081,5.0389204025268555
airfoil,4,463,4.345222633135946,5.163001537322998
airfoil,4,464,4.373078647412751,5.091187477111816
airfoil,4,465,4.440451515348334,5.211285591125488
airfoil,4,466,4.3474650759446,5.165274620056152
airfoil,4,467,4.272338835816634,5.165597915649414
airfoil,4,468,4.240553793154265,5.093605041503906
airfoil,4,469,4.3098205453471135,5.097736835479736
airfoil,4,470,4.378533758615193,5.173856735229492
airfoil,4,471,4.3042020546762565,5.078332901000977
airfoil,4,472,4.356047645995491,5.38308572769165
airfoil,4,473,4.280917970757735,4.967144012451172
airfoil,4,474,4.20770367823149,5.216503143310547
airfoil,4,475,4.325738800199408,5.221511363983154
airfoil,4,476,4.371035983687953,5.280466079711914
airfoil,4,477,4.372327710452833,5.41292142868042
airfoil,4,478,4.206936986822831,5.642520427703857
airfoil,4,479,4.265409566854176,4.989931583404541
airfoil,4,480,4.265930069120307,5.019206523895264
airfoil,4,481,4.307805544451663,4.985222816467285
airfoil,4,482,4.440121481293126,5.658754825592041
airfoil,4,483,4.226427191182187,4.9976277351379395
airfoil,4,484,4.399435206463463,5.068379878997803
airfoil,4,485,4.163982328615691,4.914538383483887
airfoil,4,486,4.329075232932442,5.590169906616211
airfoil,4,487,4.383442063080637,5.375847816467285
airfoil,4,488,4.140040083935387,5.219383239746094
airfoil,4,489,4.1200870212755705,4.933345794677734
airfoil,4,490,4.244553625583649,5.473362445831299
airfoil,4,491,4.212425896995946,5.085738182067871
airfoil,4,492,4.2330081713827035,5.321187973022461
airfoil,4,493,4.2436090456812,5.115306377410889
airfoil,4,494,4.372739609919097,4.947634696960449
airfoil,4,495,4.163537022314574,5.619838237762451
airfoil,4,496,4.294910380714818,5.3339762687683105
airfoil,4,497,4.342454653037222,5.405874252319336
airfoil,4,498,4.093219443371422,5.064036846160889
airfoil,4,499,4.347992856251566,5.185845851898193
airfoil,4,500,4.151926555131611,5.215762615203857
airfoil,4,501,4.172246964354264,5.478946208953857
airfoil,4,502,4.130704986421685,5.117311000823975
airfoil,4,503,4.196176936751918,5.140509605407715
airfoil,4,504,4.070294706444991,4.971096515655518
airfoil,4,505,4.220936517966421,5.217164516448975
airfoil,4,506,4.094896705527055,4.911630630493164
airfoil,4,507,4.1770670664937875,5.499854564666748
airfoil,4,508,4.225956386641452,4.877681732177734
airfoil,4,509,4.245472983310097,5.251293182373047
airfoil,4,510,4.25470599375273,4.885328769683838
airfoil,4,511,4.178475467782271,5.152210235595703
airfoil,4,512,4.189457767888119,5.259068012237549
airfoil,4,513,4.224391849417436,5.077397346496582
airfoil,4,514,4.477622850945122,5.056774616241455
airfoil,4,515,4.278428385132237,4.982393741607666
airfoil,4,516,4.387189105937355,4.904295444488525
airfoil,4,517,4.141178046402178,4.975717544555664
airfoil,4,518,4.517399129114653,5.323700904846191
airfoil,4,519,4.409935204606307,4.841082572937012
airfoil,4,520,4.139589410079153,4.933271884918213
airfoil,4,521,4.248667710705807,5.655487537384033
airfoil,4,522,4.151428479897349,5.05031681060791
airfoil,4,523,4.019761295695054,5.053623676300049
airfoil,4,524,4.1086421263845345,4.8325700759887695
airfoil,4,525,4.0653821982835465,4.841425895690918
airfoil,4,526,4.106415177646436,4.90704870223999
airfoil,4,527,4.08365241477364,4.8859076499938965
airfoil,4,528,3.998988233114544,4.909567356109619
airfoil,4,529,4.118488569008677,5.146479606628418
airfoil,4,530,4.1776682201184725,4.891577243804932
airfoil,4,531,4.070527923734565,4.879767894744873
airfoil,4,532,4.251926632303941,5.015783786773682
airfoil,4,533,4.037375167796486,4.9498467445373535
airfoil,4,534,4.128716989567406,4.972978591918945
airfoil,4,535,4.1225546472950985,5.134337902069092
airfoil,4,536,4.149116547484147,4.968870639801025
airfoil,4,537,4.102212203176398,4.828252792358398
airfoil,4,538,3.9201285368517826,5.000266075134277
airfoil,4,539,4.088310348360162,5.207218647003174
airfoil,4,540,4.275237968093471,4.993860244750977
airfoil,4,541,4.00704993072309,4.917613983154297
airfoil,4,542,4.206464798826921,5.225623607635498
airfoil,4,543,4.421551249529186,5.251137733459473
airfoil,4,544,4.137224900095086,4.852071762084961
airfoil,4,545,4.028562269712749,5.538493633270264
airfoil,4,546,4.115837567730954,4.822422981262207
airfoil,4,547,4.023153951293544,5.265541076660156
airfoil,4,548,4.126630996402941,4.867694854736328
airfoil,4,549,4.125105343366924,4.960178852081299
airfoil,4,550,4.217476509119335,5.1722846031188965
airfoil,4,551,4.097526581663835,5.135951995849609
airfoil,4,552,3.9990821010188053,5.020471572875977
airfoil,4,553,4.010365492419193,4.963242530822754
airfoil,4,554,4.020983476387827,5.084105014801025
airfoil,4,555,3.987337965714304,5.049356937408447
airfoil,4,556,4.24833271377965,5.108295917510986
airfoil,4,557,4.026932019936411,4.736991882324219
airfoil,4,558,4.094686414066114,4.785003185272217
airfoil,4,559,4.050506805118761,4.721714496612549
airfoil,4,560,4.020495769224669,4.757931709289551
airfoil,4,561,4.026107474377281,4.702995777130127
airfoil,4,562,4.022987328077617,4.735980987548828
airfoil,4,563,4.09443125599309,4.911264419555664
airfoil,4,564,3.9983748511264197,4.813205718994141
airfoil,4,565,4.164502463842693,4.964520454406738
airfoil,4,566,4.022024167211432,4.68605899810791
airfoil,4,567,3.93188068113829,4.731838226318359
airfoil,4,568,4.040592438296268,5.1814446449279785
airfoil,4,569,4.048326084488316,5.247922897338867
airfoil,4,570,4.123071990515056,4.659327030181885
airfoil,4,571,4.0436403876856755,5.04416036605835
airfoil,4,572,4.15613169419138,4.65667724609375
airfoil,4,573,3.993561292949476,4.689478397369385
airfoil,4,574,4.074700593948364,5.541104316711426
airfoil,4,575,4.038900274979441,4.885901927947998
airfoil,4,576,4.042253713858755,4.681266784667969
airfoil,4,577,4.009813374594638,4.799663543701172
airfoil,4,578,4.151173026938188,4.917384147644043
airfoil,4,579,3.991433545162803,5.503615856170654
airfoil,4,580,3.9263025584973787,4.979281902313232
airfoil,4,581,4.141977692905225,5.006735324859619
airfoil,4,582,3.9750437642398633,4.682250022888184
airfoil,4,583,4.031548518883555,4.845452308654785
airfoil,4,584,4.014266233695181,4.713420391082764
airfoil,4,585,3.9884394658239266,5.254547595977783
airfoil,4,586,4.28088020650964,5.05509090423584
airfoil,4,587,4.486066397867705,4.96408224105835
airfoil,4,588,4.202717517551623,4.741461277008057
airfoil,4,589,4.030555245123412,4.843761444091797
airfoil,4,590,3.9222529059962223,4.645434379577637
airfoil,4,591,3.88797978037282,4.716219425201416
airfoil,4,592,3.9811205801210905,5.025506973266602
airfoil,4,593,4.020050378222215,4.612827301025391
airfoil,4,594,4.0284104347229,4.864626884460449
airfoil,4,595,4.192733036844354,4.877562522888184
airfoil,4,596,4.076243413122077,4.990266799926758
airfoil,4,597,3.9860613314728988,4.657865047454834
airfoil,4,598,3.9426440941660026,5.097265243530273
airfoil,4,599,3.8830042544164156,4.852016925811768
airfoil,4,600,3.995747873657628,4.921662330627441
airfoil,4,601,4.136755814677791,4.779085636138916
airfoil,4,602,4.080761363631801,4.845068454742432
airfoil,4,603,4.0050104731007625,4.808683395385742
airfoil,4,604,3.8983817226008366,4.885180473327637
airfoil,4,605,4.225984014962849,4.822680473327637
airfoil,4,606,3.90126013128381,4.646417140960693
airfoil,4,607,3.856389691955165,4.696725368499756
airfoil,4,608,3.919736915513089,4.82375955581665
airfoil,4,609,3.912261508013073,5.242963790893555
airfoil,4,610,4.042572799481843,4.792548179626465
airfoil,4,611,4.057660654971474,4.863526821136475
airfoil,4,612,4.104149250607741,5.041446208953857
airfoil,4,613,3.988856663829402,4.716453552246094
airfoil,4,614,3.8918945883449756,4.824368476867676
airfoil,4,615,4.178771310730984,4.770729064941406
airfoil,4,616,3.984941099819384,4.594878673553467
airfoil,4,617,4.113439108196058,4.8602986335754395
airfoil,4,618,4.232155410866988,5.113276958465576
airfoil,4,619,3.8421556259456433,5.011265277862549
airfoil,4,620,3.920652969887382,4.904811382293701
airfoil,4,621,4.0117505631948776,4.6850972175598145
airfoil,4,622,3.909326101604261,4.698967456817627
airfoil,4,623,4.073190111862986,4.679224967956543
airfoil,4,624,3.9480141965966475,4.6204376220703125
airfoil,4,625,3.9228080040530156,4.572865962982178
airfoil,4,626,3.8532945827433935,4.864875793457031
airfoil,4,627,3.912496811465213,4.727093696594238
airfoil,4,628,3.8191134114014473,4.939548492431641
airfoil,4,629,3.9464250238318193,4.6180901527404785
airfoil,4,630,3.8459288697493705,5.0294647216796875
airfoil,4,631,4.145769382777967,4.548192501068115
airfoil,4,632,3.7817477050580477,4.745366096496582
airfoil,4,633,3.9413380591492904,4.704766273498535
airfoil,4,634,3.804746389389038,4.884618759155273
airfoil,4,635,4.059613190199199,4.944222450256348
airfoil,4,636,3.972402001682081,4.611775875091553
airfoil,4,637,3.838988944103843,4.582507133483887
airfoil,4,638,3.771926440690693,4.503655433654785
airfoil,4,639,4.056606048031857,4.697686672210693
airfoil,4,640,4.03445513624894,5.354349613189697
airfoil,4,641,3.9609006517811824,4.609523296356201
airfoil,4,642,3.8707472054581893,4.706756591796875
airfoil,4,643,3.774286383076718,4.808286190032959
airfoil,4,644,3.8110277903707406,4.664083003997803
airfoil,4,645,3.8281807585766443,4.862146854400635
airfoil,4,646,3.9927366093585364,4.610102653503418
airfoil,4,647,3.875104439885993,4.670506954193115
airfoil,4,648,3.9663716335045662,4.762485504150391
airfoil,4,649,3.9003673885997974,4.616176128387451
airfoil,4,650,4.008584449165745,4.612430095672607
airfoil,4,651,3.849759456358458,4.596449375152588
airfoil,4,652,3.9462364284615767,4.625982284545898
airfoil,4,653,3.8220092058181763,4.542790412902832
airfoil,4,654,3.8762110032533346,4.967928886413574
airfoil,4,655,3.970415008695502,4.615087032318115
airfoil,4,656,3.837171981209203,4.61514139175415
airfoil,4,657,4.0412523652377885,5.390960216522217
airfoil,4,658,4.041668951511383,4.531893730163574
airfoil,4,659,3.852654444543939,4.570642948150635
airfoil,4,660,3.8328884745899,4.639363765716553
airfoil,4,661,3.8770617779932524,4.497498512268066
airfoil,4,662,3.848707493982817,4.527120113372803
airfoil,4,663,3.79893831516567,4.443399906158447
airfoil,4,664,3.893299689418391,4.981990337371826
airfoil,4,665,3.976414768319381,4.6355438232421875
airfoil,4,666,3.9089323188129224,4.749162673950195
airfoil,4,667,4.3931084557583455,5.038262367248535
airfoil,4,668,3.9416470778615853,5.322452545166016
airfoil,4,669,3.827801974196183,4.727719306945801
airfoil,4,670,3.816940527213247,4.550883769989014
airfoil,4,671,3.8404145930942737,4.894538879394531
airfoil,4,672,4.033738606854489,5.294581890106201
airfoil,4,673,3.883189756619303,4.474006175994873
airfoil,4,674,3.8842292741725317,4.473203182220459
airfoil,4,675,3.7729554615522685,4.5002288818359375
airfoil,4,676,3.809036446245093,4.577787399291992
airfoil,4,677,3.954175613428417,4.7259745597839355
airfoil,4,678,3.7878658771514893,4.450843811035156
airfoil,4,679,3.816162645816803,4.523560047149658
airfoil,4,680,3.880687029738175,4.6364030838012695
airfoil,4,681,3.8693300109160575,4.724887847900391
airfoil,4,682,3.84120437973424,4.6043500900268555
airfoil,4,683,3.84901592919701,4.4120354652404785
airfoil,4,684,3.8873941772862484,4.834700584411621
airfoil,4,685,3.830240924107401,4.437971115112305
airfoil,4,686,3.8947721594258358,4.530840873718262
airfoil,4,687,3.7584139359624764,4.712584495544434
airfoil,4,688,3.960250183155662,4.626410484313965
airfoil,4,689,3.6735088448775444,4.658898830413818
airfoil,4,690,3.9138268640166833,4.874863624572754
airfoil,4,691,3.886407023981998,4.384068012237549
airfoil,4,692,3.7374048013436165,4.510926723480225
airfoil,4,693,3.680437815816779,4.423737525939941
airfoil,4,694,3.77386023182618,4.400763511657715
airfoil,4,695,3.766177453492817,4.581744194030762
airfoil,4,696,3.843228553470812,4.892668724060059
airfoil,4,697,3.8408361673355103,4.660806655883789
airfoil,4,698,3.847837426160511,4.962658405303955
airfoil,4,699,4.0116230500371834,4.449141979217529
airfoil,4,700,3.7409792291490653,4.341640472412109
airfoil,4,701,3.8570316653502617,4.521418571472168
airfoil,4,702,3.7383811724813363,4.681268692016602
airfoil,4,703,3.8656054390104195,4.627606391906738
airfoil,4,704,3.7721469308200635,4.423784255981445
airfoil,4,705,3.6734436781782853,4.416341781616211
airfoil,4,706,3.708926947493302,4.391241073608398
airfoil,4,707,3.717658347205112,5.21069860458374
airfoil,4,708,3.918013522499486,4.331521034240723
airfoil,4,709,3.776392993174101,4.460981369018555
airfoil,4,710,3.7040442855734574,4.301458358764648
airfoil,4,711,3.682880251031173,4.60176420211792
airfoil,4,712,4.020419509787309,4.955496788024902
airfoil,4,713,3.7833188709459806,4.660111427307129
airfoil,4,714,3.7386685045141923,5.0168538093566895
airfoil,4,715,3.749915279840168,4.474942684173584
airfoil,4,716,3.810014335732711,4.562049388885498
airfoil,4,717,3.723545745799416,4.5241007804870605
airfoil,4,718,3.670018644709336,4.511800765991211
airfoil,4,719,4.034056098837602,4.238173007965088
airfoil,4,720,3.7326016269232096,4.369619369506836
airfoil,4,721,3.6933450887077734,4.542503833770752
airfoil,4,722,3.742642358729714,4.409091472625732
airfoil,4,723,3.7238056659698486,4.617929935455322
airfoil,4,724,3.763454760375776,4.388928413391113
airfoil,4,725,3.6906985734638416,4.646166801452637
airfoil,4,726,3.6737956310573376,4.364393711090088
airfoil,4,727,3.731787894901476,4.319014549255371
airfoil,4,728,3.6832146895559212,4.299043655395508
airfoil,4,729,3.6937953516056665,4.383923530578613
airfoil,4,730,3.8360858810575387,4.331183910369873
airfoil,4,731,3.7674546398614583,4.492997646331787
airfoil,4,732,3.6060849239951684,4.650051593780518
airfoil,4,733,3.7805062532424927,4.299987316131592
airfoil,4,734,3.6901422456691138,4.4622087478637695
airfoil,4,735,3.7473371123012744,4.410046577453613
airfoil,4,736,3.8504430714406466,4.368305683135986
airfoil,4,737,3.8793937532525313,4.274743556976318
airfoil,4,738,3.830450170918515,4.744307041168213
airfoil,4,739,3.699861539037604,4.240654945373535
airfoil,4,740,3.5931323766708374,4.557851791381836
airfoil,4,741,3.75707252088346,4.615329265594482
airfoil,4,742,3.779196798801422,4.571328639984131
airfoil,4,743,3.7952402641898706,4.351205825805664
airfoil,4,744,3.743709507741426,4.697032451629639
airfoil,4,745,3.8459997992766533,4.45824670791626
airfoil,4,746,3.7456877921756946,4.322695732116699
airfoil,4,747,3.6870859328069185,4.463071823120117
airfoil,4,748,3.7927399622766593,4.3989410400390625
airfoil,4,749,3.6572800686484888,4.432933330535889
airfoil,4,750,3.721315330580661,4.52020263671875
airfoil,4,751,4.008171734056975,4.307450294494629
airfoil,4,752,3.86547283122414,4.5113420486450195
airfoil,4,753,3.549139998461071,4.311934471130371
airfoil,4,754,3.816343345140156,4.404500961303711
airfoil,4,755,3.6049203872680664,4.276060581207275
airfoil,4,756,3.6182848309215747,4.226289749145508
airfoil,4,757,3.78713247650548,4.189099311828613
airfoil,4,758,3.7684215495460913,4.282404899597168
airfoil,4,759,3.8277948906547143,4.26380729675293
airfoil,4,760,3.6041161449331987,4.198569297790527
airfoil,4,761,3.7687906654257524,4.470712661743164
airfoil,4,762,3.6208809990631905,4.306934833526611
airfoil,4,763,3.667234530574397,4.225980281829834
airfoil,4,764,3.64492299368507,4.283707618713379
airfoil,4,765,3.6683805898616186,4.211946487426758
airfoil,4,766,3.7480838392910205,4.362045764923096
airfoil,4,767,3.7379342694031563,4.3940348625183105
airfoil,4,768,3.6620780543277136,4.538015365600586
airfoil,4,769,3.5937892324046086,4.196422100067139
airfoil,4,770,3.6383770641527677,4.676140308380127
airfoil,4,771,3.6074486343484176,4.145369529724121
airfoil,4,772,3.6235022231152185,4.232414722442627
airfoil,4,773,3.804755621834805,4.232131481170654
airfoil,4,774,3.6840891367510746,4.313141822814941
airfoil,4,775,3.6712407940312435,4.325416088104248
airfoil,4,776,3.551072070473119,4.381923675537109
airfoil,4,777,3.664106507050364,4.436155796051025
airfoil,4,778,3.7013586508600334,4.103239059448242
airfoil,4,779,3.7138246046869376,4.135798931121826
airfoil,4,780,3.658339864329288,4.409967422485352
airfoil,4,781,3.603996405476018,4.413827896118164
airfoil,4,782,3.623684585094452,4.465030193328857
airfoil,4,783,3.659118906447762,4.1641058921813965
airfoil,4,784,3.573187784144753,4.230893135070801
airfoil,4,785,3.8065993127069975,4.169864177703857
airfoil,4,786,3.6314694693214014,4.650753974914551
airfoil,4,787,3.664684919934524,4.234654426574707
airfoil,4,788,3.686495806041517,4.228229522705078
airfoil,4,789,3.5164149717280737,4.267245769500732
airfoil,4,790,3.5817771459880627,4.2704291343688965
airfoil,4,791,3.7071323708484045,4.291992664337158
airfoil,4,792,3.684335718029424,4.171525478363037
airfoil,4,793,3.6970459348277043,4.3183794021606445
airfoil,4,794,3.657946304271096,4.30233907699585
airfoil,4,795,3.7049208879470825,4.210780143737793
airfoil,4,796,3.6393533474520634,4.632000923156738
airfoil,4,797,3.5958333172296224,4.309027671813965
airfoil,4,798,3.5878885858937313,4.285306930541992
airfoil,4,799,3.6805491416077865,4.267546653747559
airfoil,4,800,3.7579063114367033,4.4606614112854
airfoil,4,801,3.5867246640355965,4.1165618896484375
airfoil,4,802,3.615145931118413,4.7819929122924805
airfoil,4,803,3.651890500595695,4.43956184387207
airfoil,4,804,3.5941755771636963,4.498888969421387
airfoil,4,805,3.702433153202659,4.5210394859313965
airfoil,4,806,3.5626941762472453,4.123486518859863
airfoil,4,807,3.606863172430741,4.080241680145264
airfoil,4,808,3.5994198886971724,4.113125801086426
airfoil,4,809,3.5841644814139917,4.160691738128662
airfoil,4,810,3.7676776459342554,4.364127159118652
airfoil,4,811,3.682391417653937,4.241842746734619
airfoil,4,812,3.534525817946384,4.363458633422852
airfoil,4,813,3.631110065861752,4.142170429229736
airfoil,4,814,3.519867784098575,4.192055702209473
airfoil,4,815,3.7576500804800737,4.4265899658203125
airfoil,4,816,3.6264229448218095,4.610215663909912
airfoil,4,817,3.842667990609219,4.252676963806152
airfoil,4,818,3.6113329310166207,4.232684135437012
airfoil,4,819,3.711099543069538,4.2867751121521
airfoil,4,820,3.56647653328745,4.344534873962402
airfoil,4,821,3.6793209157491984,4.403170585632324
airfoil,4,822,3.641100585460663,4.171363830566406
airfoil,4,823,3.5654840030168233,4.24312686920166
airfoil,4,824,3.5392953973067436,4.205931663513184
airfoil,4,825,3.6431605878629183,4.237671375274658
airfoil,4,826,3.7124915593548824,4.699141979217529
airfoil,4,827,3.8328328069887663,4.295105457305908
airfoil,4,828,3.552727881230806,4.249485492706299
airfoil,4,829,3.6051918268203735,4.264225482940674
airfoil,4,830,3.4898125529289246,4.2315263748168945
airfoil,4,831,3.530872752791957,4.309439182281494
airfoil,4,832,3.554553957361924,4.170825004577637
airfoil,4,833,3.7284421199246456,4.135464668273926
airfoil,4,834,3.5338297329450907,4.161211967468262
airfoil,4,835,3.6020066863612126,4.253222465515137
airfoil,4,836,3.461583115552601,4.146605491638184
airfoil,4,837,3.5587291905754492,4.6226277351379395
airfoil,4,838,3.699435648165251,4.101369380950928
airfoil,4,839,3.668680413773185,4.147907733917236
airfoil,4,840,3.6319685546975387,4.119328022003174
airfoil,4,841,3.7105536366763867,4.375749111175537
airfoil,4,842,3.5483631334806742,4.076086521148682
airfoil,4,843,3.5282680141298393,4.17413330078125
airfoil,4,844,3.6496874407718054,4.258290767669678
airfoil,4,845,3.678754414382734,4.280389785766602
airfoil,4,846,3.5582913599516215,4.123880863189697
airfoil,4,847,3.4940508415824487,4.167280197143555
airfoil,4,848,3.536985638894533,4.099358081817627
airfoil,4,849,3.5662186773199784,4.190115451812744
airfoil,4,850,3.6161608946950814,4.487724781036377
airfoil,4,851,3.5888996814426624,4.379631519317627
airfoil,4,852,3.5737491030442086,4.2391767501831055
airfoil,4,853,3.645142486220912,4.26474142074585
airfoil,4,854,3.748031907959988,4.109110355377197
airfoil,4,855,3.489239363293899,4.374229907989502
airfoil,4,856,3.5981932502043876,4.488405227661133
airfoil,4,857,3.608278431390461,4.240960121154785
airfoil,4,858,3.6304526830974377,4.360434055328369
airfoil,4,859,3.4902886591459574,4.216129779815674
airfoil,4,860,3.628276034405357,4.088534832000732
airfoil,4,861,3.45257232063695,4.411186695098877
airfoil,4,862,3.6122406344664726,4.380484580993652
airfoil,4,863,3.5763319260195683,4.108640670776367
airfoil,4,864,3.5025644929785478,4.399657726287842
airfoil,4,865,3.6745045561539498,4.326863765716553
airfoil,4,866,3.5929368702988875,4.229310512542725
airfoil,4,867,3.568886035367062,4.235118389129639
airfoil,4,868,3.540878785283942,4.247542858123779
airfoil,4,869,3.459074955237539,4.446304798126221
airfoil,4,870,3.5476002881401465,4.017269134521484
airfoil,4,871,3.4728195667266846,4.183420181274414
airfoil,4,872,3.5038479096011113,4.305525779724121
airfoil,4,873,3.4804222144578634,4.171255111694336
airfoil,4,874,3.499344085392199,4.12242317199707
airfoil,4,875,3.566580461828332,4.221512317657471
airfoil,4,876,3.639162967079564,4.3619585037231445
airfoil,4,877,3.641218806567945,4.069814682006836
airfoil,4,878,3.5765172117634823,4.075665473937988
airfoil,4,879,3.5754641106254175,4.0896148681640625
airfoil,4,880,3.522498911932895,4.146643161773682
airfoil,4,881,3.488434597065574,4.869987964630127
airfoil,4,882,3.4889566333670365,4.249699592590332
airfoil,4,883,3.5595226444696126,4.46750020980835
airfoil,4,884,3.564382415068777,4.196099281311035
airfoil,4,885,3.6171984547062923,4.342031478881836
airfoil,4,886,3.5827825539990474,4.5653605461120605
airfoil,4,887,3.5138831734657288,4.171551704406738
airfoil,4,888,3.741129683820825,4.162291049957275
airfoil,4,889,3.6920840991170785,4.036624908447266
airfoil,4,890,3.604594487892954,4.176576137542725
airfoil,4,891,3.5062591590379415,4.156742095947266
airfoil,4,892,3.4776040127402856,4.100106716156006
airfoil,4,893,3.502925339498018,4.05327033996582
airfoil,4,894,3.5057904657564665,4.408379554748535
airfoil,4,895,3.517435183650569,4.162485122680664
airfoil,4,896,3.70037831758198,4.208070278167725
airfoil,4,897,3.556105303136926,4.320651531219482
airfoil,4,898,3.4862709641456604,4.152099132537842
airfoil,4,899,3.758756449348048,4.041433811187744
airfoil,4,900,3.4651461306371187,4.176723003387451
airfoil,4,901,3.4529888347575537,4.837507247924805
airfoil,4,902,3.5667344394483065,4.192379474639893
airfoil,4,903,3.5706328781027543,4.029991149902344
airfoil,4,904,3.5281637938399064,4.4760541915893555
airfoil,4,905,3.545733530270426,4.034700393676758
airfoil,4,906,3.5327424532488774,4.522648811340332
airfoil,4,907,3.6484936256157723,4.422122478485107
airfoil,4,908,3.7081519992727983,4.266842365264893
airfoil,4,909,3.5686247631123194,4.271381378173828
airfoil,4,910,3.409990558498784,4.27908182144165
airfoil,4,911,3.560435646458676,4.070403575897217
airfoil,4,912,3.439335641108061,4.238072872161865
airfoil,4,913,3.5775735754715767,4.6533002853393555
airfoil,4,914,3.4895076500742057,4.227814674377441
airfoil,4,915,3.4979134296116077,4.653453350067139
airfoil,4,916,3.507679073434127,4.192364692687988
airfoil,4,917,3.413723255458631,4.235888481140137
airfoil,4,918,3.467127668230157,4.003371715545654
airfoil,4,919,3.508436770815598,4.269047260284424
airfoil,4,920,3.463357665036854,4.087592601776123
airfoil,4,921,3.795594516553377,4.190070152282715
airfoil,4,922,3.633761333791833,4.527081489562988
airfoil,4,923,3.6693358766405204,4.095441818237305
airfoil,4,924,3.628984488938984,4.01767110824585
airfoil,4,925,3.5477163446576974,4.315441608428955
airfoil,4,926,3.74409630424098,4.543885707855225
airfoil,4,927,3.4963415829758895,4.109917640686035
airfoil,4,928,3.5176158861110083,4.142935276031494
airfoil,4,929,3.5128967448284754,4.20707368850708
airfoil,4,930,3.59279539710597,3.962071180343628
airfoil,4,931,3.488473264794601,4.0028791427612305
airfoil,4,932,3.5216983054813586,4.295915603637695
airfoil,4,933,3.5138929423532987,4.079351902008057
airfoil,4,934,3.6337147543304846,4.472501754760742
airfoil,4,935,3.56298606960397,3.983220100402832
airfoil,4,936,3.4005246727090133,4.152359962463379
airfoil,4,937,3.416661218592995,4.218749523162842
airfoil,4,938,3.537309772089908,4.085531234741211
airfoil,4,939,3.656013410342367,4.094681739807129
airfoil,4,940,3.7029922573189986,4.379253387451172
airfoil,4,941,3.611232795213398,4.121150493621826
airfoil,4,942,3.5175131653484546,4.043800354003906
airfoil,4,943,3.6464843059840955,4.206561088562012
airfoil,4,944,3.566437780857086,4.190765857696533
airfoil,4,945,3.4466018739499544,4.243701934814453
airfoil,4,946,3.5700028319107857,4.0196003913879395
airfoil,4,947,3.6279870648133126,4.046390056610107
airfoil,4,948,3.4281866550445557,4.2223005294799805
airfoil,4,949,3.5755138742296317,3.981846570968628
airfoil,4,950,3.4294623701195968,4.550003528594971
airfoil,4,951,3.5204753938474154,4.248018741607666
airfoil,4,952,3.504088668446792,3.9832637310028076
airfoil,4,953,3.461574927756661,4.027003765106201
airfoil,4,954,3.4511641577670447,4.192435264587402
airfoil,4,955,3.6523614651278447,4.472806453704834
airfoil,4,956,3.5284089979372526,4.565851211547852
airfoil,4,957,3.58424269839337,4.142937660217285
airfoil,4,958,3.4262262049474215,4.523518085479736
airfoil,4,959,3.519377764902617,4.361281871795654
airfoil,4,960,3.3844657289354423,4.015202522277832
airfoil,4,961,3.415832701482271,3.9883687496185303
airfoil,4,962,3.461688022864492,4.203840732574463
airfoil,4,963,3.4554823072333085,4.26284646987915
airfoil,4,964,3.533308317786769,4.195211410522461
airfoil,4,965,3.4816248918834485,4.188946723937988
airfoil,4,966,3.5500421273080924,4.121853828430176
airfoil,4,967,3.383321153490167,4.039421558380127
airfoil,4,968,3.401732601617512,4.057400226593018
airfoil,4,969,3.512663449111738,4.029412746429443
airfoil,4,970,3.491417185256356,4.119624614715576
airfoil,4,971,3.406397389738183,4.109742641448975
airfoil,4,972,3.4111940547039636,4.022464752197266
airfoil,4,973,3.710278708683817,3.9056355953216553
airfoil,4,974,3.486439049243927,4.326056957244873
airfoil,4,975,3.5488763608430562,4.258840560913086
airfoil,4,976,3.434518723111404,4.094297409057617
airfoil,4,977,3.448980002026809,3.944039821624756
airfoil,4,978,3.583596929123527,4.097951412200928
airfoil,4,979,3.409791943274046,4.070031642913818
airfoil,4,980,3.47059260544024,4.099327564239502
airfoil,4,981,3.4223069830944666,4.2369208335876465
airfoil,4,982,3.508931734059986,4.201334476470947
airfoil,4,983,3.423998387236344,4.238548755645752
airfoil,4,984,3.47303391130347,4.05789852142334
airfoil,4,985,3.372987050759165,4.231327533721924
airfoil,4,986,3.3905404555170158,4.417357921600342
airfoil,4,987,3.514696842745731,4.1603522300720215
airfoil,4,988,3.451565955814562,4.398337364196777
airfoil,4,989,3.354276086154737,3.9395861625671387
airfoil,4,990,3.579526518520556,4.876327991485596
airfoil,4,991,3.6368050606627214,4.411356449127197
airfoil,4,992,3.4344388466132316,4.152271747589111
airfoil,4,993,3.4419935878954435,4.239553451538086
airfoil,4,994,3.6048209635834945,4.537867546081543
airfoil,4,995,3.472391382644051,4.350773334503174
airfoil,4,996,3.5837617767484566,4.306515216827393
airfoil,4,997,3.512034071119208,4.193670272827148
airfoil,4,998,3.671439760609677,4.216073989868164
airfoil,4,999,3.3920077650170577,4.076117038726807
airfoil,3,0,18.402021031630667,19.274944305419922
airfoil,3,1,17.22430335847955,18.9414119720459
airfoil,3,2,16.64168980247096,18.16176414489746
airfoil,3,3,16.205697636855277,18.962074279785156
airfoil,3,4,16.275939815922786,18.180992126464844
airfoil,3,5,16.51752976367348,18.12446403503418
airfoil,3,6,15.984303148169266,18.17354393005371
airfoil,3,7,15.895244523098594,21.235383987426758
airfoil,3,8,16.268780783603066,17.531269073486328
airfoil,3,9,15.224527635072407,17.5606632232666
airfoil,3,10,15.179620178122269,18.160869598388672
airfoil,3,11,14.90800314200552,17.051624298095703
airfoil,3,12,15.614229804591128,17.788644790649414
airfoil,3,13,15.184643908550864,17.057207107543945
airfoil,3,14,14.286591442007767,17.21419906616211
airfoil,3,15,14.453037826638473,17.03435516357422
airfoil,3,16,14.321111064208182,16.530088424682617
airfoil,3,17,14.058556468863236,15.824409484863281
airfoil,3,18,13.72795453824495,15.965714454650879
airfoil,3,19,13.628949315924393,15.876344680786133
airfoil,3,20,14.281816846445986,16.0986385345459
airfoil,3,21,13.817975370507492,15.635652542114258
airfoil,3,22,13.27855937104476,15.376214027404785
airfoil,3,23,13.15969090712698,15.561136245727539
airfoil,3,24,12.964067346171328,15.407273292541504
airfoil,3,25,13.301953140058016,15.072650909423828
airfoil,3,26,12.588020663512381,15.438471794128418
airfoil,3,27,12.77265705560383,14.862401008605957
airfoil,3,28,13.097448876029567,15.3811674118042
airfoil,3,29,12.995553204887791,15.849752426147461
airfoil,3,30,12.788773034748278,14.746580123901367
airfoil,3,31,12.525534090242887,14.810724258422852
airfoil,3,32,12.545023905603509,14.6411771774292
airfoil,3,33,12.357627278880068,15.205598831176758
airfoil,3,34,12.933302352302952,15.395139694213867
airfoil,3,35,13.156476422360068,14.120006561279297
airfoil,3,36,13.402905652397557,15.409771919250488
airfoil,3,37,12.069655267815842,14.522525787353516
airfoil,3,38,12.180128335952759,14.386549949645996
airfoil,3,39,12.170898173984728,13.863842964172363
airfoil,3,40,11.867098055387798,14.10518741607666
airfoil,3,41,11.772434786746377,17.1534366607666
airfoil,3,42,12.725995440232126,15.163249015808105
airfoil,3,43,11.962119792637072,14.934718132019043
airfoil,3,44,11.983102986687108,14.490142822265625
airfoil,3,45,11.973760077827855,14.382540702819824
airfoil,3,46,11.604922420100161,13.878496170043945
airfoil,3,47,11.479481671985827,15.257658004760742
airfoil,3,48,11.367734996896042,14.217446327209473
airfoil,3,49,11.731593019083926,14.078330039978027
airfoil,3,50,11.663248677002755,14.723186492919922
airfoil,3,51,11.708141101034064,13.498518943786621
airfoil,3,52,11.332330502961812,13.178009033203125
airfoil,3,53,11.503054054159866,13.247069358825684
airfoil,3,54,11.277111906754342,14.258045196533203
airfoil,3,55,11.214342192599648,13.191779136657715
airfoil,3,56,10.968588339655023,13.390639305114746
airfoil,3,57,11.776377037951821,13.410269737243652
airfoil,3,58,10.704392935100355,13.137628555297852
airfoil,3,59,11.463067657069155,14.288509368896484
airfoil,3,60,10.805210565265856,13.312530517578125
airfoil,3,61,11.017323205345555,13.02542781829834
airfoil,3,62,10.882033486115304,13.689353942871094
airfoil,3,63,10.732945705714979,13.195845603942871
airfoil,3,64,10.478887896788748,13.088574409484863
airfoil,3,65,10.902039565538105,13.683030128479004
airfoil,3,66,10.399652832432798,12.573982238769531
airfoil,3,67,10.489192780695463,14.942057609558105
airfoil,3,68,10.655520288567795,12.726489067077637
airfoil,3,69,10.283868231271443,12.350769996643066
airfoil,3,70,10.705877529947381,12.508177757263184
airfoil,3,71,10.411924035925614,12.471014976501465
airfoil,3,72,10.32669489007247,12.631319046020508
airfoil,3,73,10.317004141054655,12.450471878051758
airfoil,3,74,10.069480030160202,12.001593589782715
airfoil,3,75,10.182246321126035,12.007604598999023
airfoil,3,76,10.243867083599692,11.993182182312012
airfoil,3,77,9.653726402081942,12.258514404296875
airfoil,3,78,10.092419247878226,13.39428424835205
airfoil,3,79,10.12115028029994,11.904916763305664
airfoil,3,80,9.676062671761764,11.873449325561523
airfoil,3,81,9.80543495479383,12.373126029968262
airfoil,3,82,9.519470792067679,11.7206449508667
airfoil,3,83,9.600983933398599,13.449538230895996
airfoil,3,84,10.134138032009727,11.902725219726562
airfoil,3,85,9.665456621270431,11.818580627441406
airfoil,3,86,9.712817769301566,11.976095199584961
airfoil,3,87,9.694179660395571,11.875020027160645
airfoil,3,88,9.24925630971005,12.302727699279785
airfoil,3,89,9.632703818772969,13.190211296081543
airfoil,3,90,9.229028877459074,11.737605094909668
airfoil,3,91,9.415907194739894,12.104389190673828
airfoil,3,92,9.781470938732749,11.83702278137207
airfoil,3,93,9.478328391125327,11.704469680786133
airfoil,3,94,9.549540293844123,11.212724685668945
airfoil,3,95,9.12995642109921,11.881779670715332
airfoil,3,96,9.367135386717948,11.343964576721191
airfoil,3,97,9.808702054776644,11.706048965454102
airfoil,3,98,9.483044122394762,11.165270805358887
airfoil,3,99,9.072076170068039,10.9153470993042
airfoil,3,100,8.944391376093813,10.801292419433594
airfoil,3,101,9.3280061295158,11.601880073547363
airfoil,3,102,9.458865429225721,11.064197540283203
airfoil,3,103,9.533379943747269,11.22348403930664
airfoil,3,104,9.478792567002145,11.155738830566406
airfoil,3,105,8.815881791867708,10.800580024719238
airfoil,3,106,8.964219557611566,11.690837860107422
airfoil,3,107,9.12735158518741,11.269572257995605
airfoil,3,108,9.058390328758641,12.391877174377441
airfoil,3,109,9.421739189248337,11.267045021057129
airfoil,3,110,8.795478620027241,10.848031044006348
airfoil,3,111,8.959784495203118,12.63167667388916
airfoil,3,112,8.446721076965332,11.323808670043945
airfoil,3,113,8.815192442191275,11.364838600158691
airfoil,3,114,8.989424805892142,11.047321319580078
airfoil,3,115,8.368422307466206,10.99929428100586
airfoil,3,116,8.826407978409215,10.9670991897583
airfoil,3,117,8.60338679112886,12.207803726196289
airfoil,3,118,9.006711018712897,10.753765106201172
airfoil,3,119,8.423838765997635,10.59775161743164
airfoil,3,120,8.315669360913729,10.660710334777832
airfoil,3,121,8.775994426325747,11.450748443603516
airfoil,3,122,8.283712550213462,10.421212196350098
airfoil,3,123,8.295471040826095,12.380631446838379
airfoil,3,124,8.700329742933574,11.684673309326172
airfoil,3,125,8.763680953728525,10.246502876281738
airfoil,3,126,8.492087213616623,10.3019437789917
airfoil,3,127,8.182356282284385,10.545329093933105
airfoil,3,128,8.025172798257126,10.229394912719727
airfoil,3,129,8.200896263122559,10.968949317932129
airfoil,3,130,8.090278725875052,10.748407363891602
airfoil,3,131,8.475652519025301,10.429585456848145
airfoil,3,132,8.096419804974607,10.365508079528809
airfoil,3,133,8.09986756977282,11.219035148620605
airfoil,3,134,8.564913774791517,10.077998161315918
airfoil,3,135,8.043831185290689,9.946913719177246
airfoil,3,136,7.784914355528982,10.620086669921875
airfoil,3,137,8.02531657720867,10.088278770446777
airfoil,3,138,8.182734539634303,10.84270191192627
airfoil,3,139,8.447953249278822,10.578893661499023
airfoil,3,140,8.284895463993674,11.553927421569824
airfoil,3,141,8.23445266798923,10.712430000305176
airfoil,3,142,8.002208220331292,10.355549812316895
airfoil,3,143,8.007249995281821,10.06356430053711
airfoil,3,144,8.27969761898643,10.233989715576172
airfoil,3,145,7.957552263611241,10.210787773132324
airfoil,3,146,7.614624512823005,10.547507286071777
airfoil,3,147,7.820001476689389,10.091364860534668
airfoil,3,148,7.932572810273421,9.691802024841309
airfoil,3,149,7.90290840048539,10.262752532958984
airfoil,3,150,7.750036666267796,10.01565933227539
airfoil,3,151,7.775310165003726,10.703505516052246
airfoil,3,152,8.11706859187076,10.331354141235352
airfoil,3,153,8.670627242640444,11.086732864379883
airfoil,3,154,8.125441689240304,12.054617881774902
airfoil,3,155,8.405828256356088,10.349565505981445
airfoil,3,156,7.545751257946617,9.975484848022461
airfoil,3,157,7.581148367179067,10.370841026306152
airfoil,3,158,7.336891732717815,9.914690017700195
airfoil,3,159,7.640259171787061,10.464033126831055
airfoil,3,160,7.730503157565468,11.086783409118652
airfoil,3,161,7.5085574953179615,9.826584815979004
airfoil,3,162,8.05644100590756,10.298678398132324
airfoil,3,163,8.089257466165643,11.244555473327637
airfoil,3,164,7.781239798194484,9.726754188537598
airfoil,3,165,7.555409318522403,10.478675842285156
airfoil,3,166,7.809044725016544,10.174661636352539
airfoil,3,167,7.508767027603953,9.537141799926758
airfoil,3,168,7.427547241512098,9.497464179992676
airfoil,3,169,7.627101885645013,9.724870681762695
airfoil,3,170,7.292038365414268,10.127890586853027
airfoil,3,171,7.746752983645389,9.432133674621582
airfoil,3,172,7.278364758742483,9.368693351745605
airfoil,3,173,7.326731336744208,9.326967239379883
airfoil,3,174,7.330206124406112,9.35952377319336
airfoil,3,175,7.288980979668467,9.4139986038208
airfoil,3,176,7.362843795826561,9.690710067749023
airfoil,3,177,7.181794022258959,9.328435897827148
airfoil,3,178,7.098505220915142,10.794410705566406
airfoil,3,179,7.615223332455284,9.810468673706055
airfoil,3,180,7.131188637331912,10.191488265991211
airfoil,3,181,7.613948470667789,10.943697929382324
airfoil,3,182,7.575925143141496,10.64257526397705
airfoil,3,183,7.832893553533052,9.483776092529297
airfoil,3,184,7.335847390325446,9.277583122253418
airfoil,3,185,7.272156790683144,9.739401817321777
airfoil,3,186,7.440297854574103,9.235892295837402
airfoil,3,187,7.319486436090972,10.144274711608887
airfoil,3,188,7.269075945803993,9.296223640441895
airfoil,3,189,7.038471121537058,10.390033721923828
airfoil,3,190,7.137202106024089,9.130451202392578
airfoil,3,191,7.032155921584682,8.905898094177246
airfoil,3,192,7.368462587657728,9.418556213378906
airfoil,3,193,7.683328873232791,10.223358154296875
airfoil,3,194,6.959585428237915,9.460528373718262
airfoil,3,195,6.815287244947333,9.109088897705078
airfoil,3,196,7.1047796199196265,9.78389835357666
airfoil,3,197,7.268805227781597,9.209440231323242
airfoil,3,198,7.0590654297878865,10.286086082458496
airfoil,3,199,7.20351749344876,9.357739448547363
airfoil,3,200,7.040361166000366,9.299821853637695
airfoil,3,201,6.925310047049272,9.43179988861084
airfoil,3,202,7.038333114824797,9.192729949951172
airfoil,3,203,7.71294985946856,9.674444198608398
airfoil,3,204,6.8450257150750415,9.141100883483887
airfoil,3,205,7.099007374361942,8.846073150634766
airfoil,3,206,6.767025583668759,9.563424110412598
airfoil,3,207,6.832297475714433,8.893118858337402
airfoil,3,208,6.866330661271748,9.27953052520752
airfoil,3,209,6.811539631140859,8.826233863830566
airfoil,3,210,6.967214496512162,8.677687644958496
airfoil,3,211,7.012699033084669,8.988370895385742
airfoil,3,212,7.781105443050987,9.430631637573242
airfoil,3,213,7.089081895978827,8.488753318786621
airfoil,3,214,7.023481996435868,9.078110694885254
airfoil,3,215,6.943220765967118,8.775195121765137
airfoil,3,216,6.609662225371913,8.69920539855957
airfoil,3,217,7.1576140742552905,8.37618350982666
airfoil,3,218,6.703425407409668,9.032976150512695
airfoil,3,219,6.788330209882636,8.516414642333984
airfoil,3,220,6.822768926620483,9.707742691040039
airfoil,3,221,6.696583672573692,8.267065048217773
airfoil,3,222,6.864394213023939,8.605904579162598
airfoil,3,223,6.737853225908782,8.520331382751465
airfoil,3,224,6.584042680890937,8.218286514282227
airfoil,3,225,7.120291107579281,9.435375213623047
airfoil,3,226,6.883293616144281,8.296957015991211
airfoil,3,227,6.7459050542429875,9.367337226867676
airfoil,3,228,7.022102820245843,8.648507118225098
airfoil,3,229,6.588841406922591,8.01471996307373
airfoil,3,230,6.568299419001529,8.609912872314453
airfoil,3,231,6.393157770759181,8.064733505249023
airfoil,3,232,6.635749258493123,8.239943504333496
airfoil,3,233,6.808832363078468,8.926246643066406
airfoil,3,234,6.427503830508182,8.000923156738281
airfoil,3,235,6.420727460007918,8.368993759155273
airfoil,3,236,6.831712314957066,8.365660667419434
airfoil,3,237,6.497300411525526,8.635008811950684
airfoil,3,238,6.456599292002227,8.363677978515625
airfoil,3,239,6.472679753052561,8.090065002441406
airfoil,3,240,6.349473909327858,7.901275157928467
airfoil,3,241,6.370073776496084,7.871781349182129
airfoil,3,242,6.277964303368016,8.536645889282227
airfoil,3,243,6.581499262859947,7.84708833694458
airfoil,3,244,6.549599798102128,8.154196739196777
airfoil,3,245,6.67804103148611,7.934545993804932
airfoil,3,246,6.4306264111870215,8.9729642868042
airfoil,3,247,6.319264342910365,7.759209156036377
airfoil,3,248,6.222182938927098,8.491448402404785
airfoil,3,249,6.4932758431685595,7.996584415435791
airfoil,3,250,6.679712006920262,8.209630966186523
airfoil,3,251,6.539819297037627,8.005834579467773
airfoil,3,252,6.444835675390143,7.930143356323242
airfoil,3,253,6.370403622326098,8.10348892211914
airfoil,3,254,6.349285263764231,7.955602169036865
airfoil,3,255,6.268434135537398,7.718382358551025
airfoil,3,256,6.285491723763315,7.833360195159912
airfoil,3,257,6.712372171251397,7.588093280792236
airfoil,3,258,6.602669094738207,8.4808988571167
airfoil,3,259,6.217631446687799,7.7860822677612305
airfoil,3,260,6.24884411535765,7.924528121948242
airfoil,3,261,6.240715108419719,7.851350784301758
airfoil,3,262,6.283218095177098,8.15941047668457
airfoil,3,263,6.486478686332703,8.394600868225098
airfoil,3,264,6.720891682725203,8.267862319946289
airfoil,3,265,6.104352248342414,7.508701801300049
airfoil,3,266,6.142116301938107,8.205524444580078
airfoil,3,267,6.046194547101071,7.991852283477783
airfoil,3,268,5.9273294900593,7.566072463989258
airfoil,3,269,5.83056376482311,7.588221073150635
airfoil,3,270,5.903278388475117,8.478607177734375
airfoil,3,271,6.039228119348225,7.38125467300415
airfoil,3,272,6.1477766036987305,8.13309097290039
airfoil,3,273,5.924290330786454,7.576416969299316
airfoil,3,274,6.412065932625218,7.890199184417725
airfoil,3,275,6.65202345973567,8.559724807739258
airfoil,3,276,6.709476677994979,7.311612129211426
airfoil,3,277,5.93289167630045,7.555330276489258
airfoil,3,278,5.909312913292332,7.192131519317627
airfoil,3,279,5.965815512757552,7.399033069610596
airfoil,3,280,5.980141940869783,7.610017776489258
airfoil,3,281,6.14108209233535,7.8422980308532715
airfoil,3,282,6.019605341710542,7.4853196144104
airfoil,3,283,6.3886817630968595,7.979877948760986
airfoil,3,284,6.049466886018452,7.210366249084473
airfoil,3,285,5.918051161264119,7.626870155334473
airfoil,3,286,5.833606763889915,6.99032735824585
airfoil,3,287,5.814555532053897,7.108541488647461
airfoil,3,288,5.8134110789549975,7.890913009643555
airfoil,3,289,5.9433435452611825,7.049989223480225
airfoil,3,290,5.934056677316365,7.578040599822998
airfoil,3,291,5.876733798729746,8.31121826171875
airfoil,3,292,6.263711383468227,7.983474254608154
airfoil,3,293,5.952103050131547,6.952474117279053
airfoil,3,294,5.952592692877117,7.383394241333008
airfoil,3,295,5.840997306924117,7.157068729400635
airfoil,3,296,5.716029342852141,6.76090669631958
airfoil,3,297,5.618163133922376,6.837856292724609
airfoil,3,298,5.628096699714661,7.112483501434326
airfoil,3,299,5.7461457377985905,7.068203926086426
airfoil,3,300,5.760756536533958,6.902222633361816
airfoil,3,301,5.502869217019332,6.875772476196289
airfoil,3,302,5.695476644917538,7.492854595184326
airfoil,3,303,5.7350145766609595,6.834277153015137
airfoil,3,304,5.509472828162344,6.899899005889893
airfoil,3,305,5.608504056930542,7.881299018859863
airfoil,3,306,5.9835359360042375,7.549750328063965
airfoil,3,307,5.833404471999721,7.3267316818237305
airfoil,3,308,6.194391865479319,7.017568588256836
airfoil,3,309,5.723365269209209,7.037851333618164
airfoil,3,310,5.6527971970407584,6.678762435913086
airfoil,3,311,5.586559960716649,7.385383129119873
airfoil,3,312,5.780995243474057,6.81364107131958
airfoil,3,313,5.5477486786089445,6.7362589836120605
airfoil,3,314,5.522565810303939,7.645317554473877
airfoil,3,315,6.045475213151229,6.87997579574585
airfoil,3,316,5.352104017609044,6.5822038650512695
airfoil,3,317,5.528177807205601,7.020301342010498
airfoil,3,318,5.4793189701281095,6.773862838745117
airfoil,3,319,5.3263009127817655,6.894815444946289
airfoil,3,320,5.385735850585134,6.674644470214844
airfoil,3,321,5.473512706003691,6.9949846267700195
airfoil,3,322,5.9501483628624365,7.119967460632324
airfoil,3,323,5.47387895458623,6.857160568237305
airfoil,3,324,5.475787275715878,7.009555816650391
airfoil,3,325,5.472501704567357,6.498456954956055
airfoil,3,326,5.341423724827013,7.221693515777588
airfoil,3,327,5.517292443074678,6.301018714904785
airfoil,3,328,5.433414271003322,7.090561389923096
airfoil,3,329,5.2675779430489795,6.682129859924316
airfoil,3,330,5.3526552727347925,6.3033342361450195
airfoil,3,331,5.8416176155993815,6.364861011505127
airfoil,3,332,5.325757905056602,6.928918361663818
airfoil,3,333,5.369088775233219,6.352622985839844
airfoil,3,334,5.1908266669825505,6.943421363830566
airfoil,3,335,5.205607426793952,7.035545349121094
airfoil,3,336,5.213208756948772,6.335546016693115
airfoil,3,337,5.105687279450266,6.717707633972168
airfoil,3,338,5.772428914120323,6.977524280548096
airfoil,3,339,5.421913128150137,6.527524471282959
airfoil,3,340,5.396601062071951,6.6056671142578125
airfoil,3,341,5.135568242324026,7.0356574058532715
airfoil,3,342,5.205423618617811,6.116772651672363
airfoil,3,343,5.418226831837704,6.938004493713379
airfoil,3,344,5.27031788073088,6.69177770614624
airfoil,3,345,5.387636485852693,6.173359394073486
airfoil,3,346,5.1130359172821045,6.719580173492432
airfoil,3,347,5.014221778041438,6.085754871368408
airfoil,3,348,5.468589312151859,6.872056484222412
airfoil,3,349,5.245359897613525,6.802297115325928
airfoil,3,350,5.113232697311201,6.353347301483154
airfoil,3,351,5.107614642695377,6.328158378601074
airfoil,3,352,5.218376438868673,6.128441333770752
airfoil,3,353,5.172220283433011,7.251385688781738
airfoil,3,354,5.280312381292644,6.6116862297058105
airfoil,3,355,5.095994406624844,6.361627101898193
airfoil,3,356,5.621836254471226,7.1294026374816895
airfoil,3,357,5.6977476759960775,6.5071282386779785
airfoil,3,358,5.295190001788892,6.1952080726623535
airfoil,3,359,5.054248439638238,6.4889373779296875
airfoil,3,360,5.138640591972752,6.882309436798096
airfoil,3,361,5.091262189965499,6.226467609405518
airfoil,3,362,5.062482419766877,6.367996692657471
airfoil,3,363,4.889285294633162,6.2645416259765625
airfoil,3,364,5.309112655489068,6.681875228881836
airfoil,3,365,5.150403261184692,7.92814302444458
airfoil,3,366,5.059317086872301,6.243132591247559
airfoil,3,367,4.88937076769377,6.435576915740967
airfoil,3,368,5.606430310952036,6.1599955558776855
airfoil,3,369,4.9722274416371395,5.885678768157959
airfoil,3,370,4.9272245231427645,6.243661880493164
airfoil,3,371,4.936011151263588,6.318826198577881
airfoil,3,372,5.169869736621254,6.169238090515137
airfoil,3,373,4.998885186094987,5.802677154541016
airfoil,3,374,4.998016702501397,5.8328537940979
airfoil,3,375,4.959501435882167,7.342153549194336
airfoil,3,376,4.944172281967966,6.955173492431641
airfoil,3,377,4.971223969208567,6.163058757781982
airfoil,3,378,5.131537575470774,6.216342926025391
airfoil,3,379,5.356059312820435,6.1764068603515625
airfoil,3,380,5.122420712521202,5.753081321716309
airfoil,3,381,4.931662001107869,6.28201961517334
airfoil,3,382,5.123381828006945,5.956605434417725
airfoil,3,383,5.116702851496245,7.016025543212891
airfoil,3,384,4.902712043962981,6.3272857666015625
airfoil,3,385,5.014584516224108,5.742180824279785
airfoil,3,386,4.732282393857052,6.0318074226379395
airfoil,3,387,4.8375510542016285,6.164435863494873
airfoil,3,388,4.890016938510694,6.257498741149902
airfoil,3,389,5.012399742477818,5.825984477996826
airfoil,3,390,4.798570080807335,6.21030855178833
airfoil,3,391,4.82032130893908,6.3217620849609375
airfoil,3,392,4.881573288064254,6.6873273849487305
airfoil,3,393,4.834001989741075,5.751221179962158
airfoil,3,394,4.942021984803049,6.160245895385742
airfoil,3,395,5.11270178619184,6.051109790802002
airfoil,3,396,4.887498748929877,5.979307651519775
airfoil,3,397,5.26452204428221,6.278277397155762
airfoil,3,398,4.960533763232984,6.098794460296631
airfoil,3,399,4.756803594137493,5.865285873413086
airfoil,3,400,4.882723588692515,5.761710166931152
airfoil,3,401,4.69559141209251,5.931556701660156
airfoil,3,402,4.8356952918203255,5.451333045959473
airfoil,3,403,4.599186934922871,5.554886817932129
airfoil,3,404,4.73416036681125,6.102341651916504
airfoil,3,405,5.062870809906407,5.905987739562988
airfoil,3,406,4.919951156566017,6.302849292755127
airfoil,3,407,5.604827585973237,6.24783992767334
airfoil,3,408,4.82050022953435,5.482566833496094
airfoil,3,409,4.748965718244252,5.6597442626953125
airfoil,3,410,4.716687723209984,5.815117359161377
airfoil,3,411,4.63532838382219,5.663106918334961
airfoil,3,412,4.609144762942665,5.645272254943848
airfoil,3,413,4.944460906480488,6.2426910400390625
airfoil,3,414,5.061150773575432,5.593016147613525
airfoil,3,415,4.676483116651836,5.7169718742370605
airfoil,3,416,4.861771213380914,6.078029155731201
airfoil,3,417,4.8239910414344385,5.759338855743408
airfoil,3,418,4.7360751032829285,5.620108604431152
airfoil,3,419,4.670891498264513,5.501469135284424
airfoil,3,420,4.461432460107301,5.741166591644287
airfoil,3,421,4.556729090841193,6.011146545410156
airfoil,3,422,4.786009706948933,5.5546345710754395
airfoil,3,423,4.772972721802561,6.108053207397461
airfoil,3,424,4.671423654807241,5.936888217926025
airfoil,3,425,4.957478711479588,5.468680381774902
airfoil,3,426,4.427846444280524,5.62362813949585
airfoil,3,427,4.748881314930163,6.284280300140381
airfoil,3,428,4.692794435902646,6.21523904800415
airfoil,3,429,4.616350810778768,6.486135959625244
airfoil,3,430,4.835799458779786,6.436460971832275
airfoil,3,431,4.679257207795193,5.8461761474609375
airfoil,3,432,4.545374311898884,6.032143592834473
airfoil,3,433,4.480652457789371,5.509697437286377
airfoil,3,434,4.444299566118341,5.83657693862915
airfoil,3,435,4.439538663939426,5.906965255737305
airfoil,3,436,4.567504500087939,6.379791736602783
airfoil,3,437,4.55727764179832,6.000721454620361
airfoil,3,438,4.49258479946538,6.417399883270264
airfoil,3,439,4.683812608844356,5.23557186126709
airfoil,3,440,4.8960043380134985,5.613232612609863
airfoil,3,441,4.519624540680333,5.455438613891602
airfoil,3,442,4.491176762078938,5.762735843658447
airfoil,3,443,4.590271419600437,5.57760763168335
airfoil,3,444,4.726705598203759,5.608365535736084
airfoil,3,445,4.955001918893111,5.680536270141602
airfoil,3,446,4.616602640402944,5.414834022521973
airfoil,3,447,4.547576069831848,5.984645843505859
airfoil,3,448,4.468137634427924,5.774492263793945
airfoil,3,449,4.533801511714333,5.324237823486328
airfoil,3,450,4.434626911815844,5.642430782318115
airfoil,3,451,4.684539211423774,5.418335914611816
airfoil,3,452,4.633765697479248,6.176030158996582
airfoil,3,453,4.461480404201307,6.144209384918213
airfoil,3,454,4.563409686088562,5.5606207847595215
airfoil,3,455,4.565705239772797,6.257551670074463
airfoil,3,456,4.871108814289696,5.66511869430542
airfoil,3,457,4.440708768995185,5.567516803741455
airfoil,3,458,4.432737253214183,6.391117095947266
airfoil,3,459,4.60191990199842,5.752254009246826
airfoil,3,460,4.372542600882681,6.321213245391846
airfoil,3,461,4.772807598114014,5.4786295890808105
airfoil,3,462,4.353561489205611,5.405885219573975
airfoil,3,463,4.338398186784041,5.477194309234619
airfoil,3,464,4.523295245672527,6.9481353759765625
airfoil,3,465,4.515935314329047,5.828611850738525
airfoil,3,466,4.5723708930768465,6.613258361816406
airfoil,3,467,4.492073128097935,5.476611614227295
airfoil,3,468,4.500271376810576,6.300746917724609
airfoil,3,469,4.579460125220449,5.460383415222168
airfoil,3,470,4.450662951720388,5.952779293060303
airfoil,3,471,4.319532893205944,5.297314643859863
airfoil,3,472,4.452967182586067,6.1289496421813965
airfoil,3,473,4.2906283955825,5.578394412994385
airfoil,3,474,4.262391065296374,5.911200523376465
airfoil,3,475,4.32721661893945,5.457082748413086
airfoil,3,476,4.372510778276544,5.414942264556885
airfoil,3,477,4.348910513677095,5.549405097961426
airfoil,3,478,4.29921618574544,5.573343753814697
airfoil,3,479,4.240794457887349,5.6396050453186035
airfoil,3,480,4.383426989379682,5.6748833656311035
airfoil,3,481,4.445000102645473,5.6006317138671875
airfoil,3,482,4.256291427110371,5.257105350494385
airfoil,3,483,4.269459680507057,5.125223159790039
airfoil,3,484,4.325302193039342,5.973356246948242
airfoil,3,485,4.2172740948827645,5.597819805145264
airfoil,3,486,4.343221124849822,5.554572582244873
airfoil,3,487,4.2578138928664355,5.412746429443359
airfoil,3,488,4.2052361996550305,5.454768180847168
airfoil,3,489,4.175791182016072,5.636342525482178
airfoil,3,490,4.228195058672052,6.700232982635498
airfoil,3,491,4.545679848445089,5.740389823913574
airfoil,3,492,4.113083701384695,5.258531093597412
airfoil,3,493,4.2187294709055045,5.512663841247559
airfoil,3,494,4.334128947634446,6.523741722106934
airfoil,3,495,4.426657595132527,5.632662773132324
airfoil,3,496,4.378863962073075,5.438018798828125
airfoil,3,497,4.084316379145572,6.680419921875
airfoil,3,498,4.526496422918219,5.862043380737305
airfoil,3,499,4.184513675539117,6.3134355545043945
airfoil,3,500,4.55176023433083,5.7303314208984375
airfoil,3,501,4.535624595064866,6.301022052764893
airfoil,3,502,4.254689731095967,5.752900123596191
airfoil,3,503,4.542642016159861,5.404385566711426
airfoil,3,504,4.198770886973331,5.3866472244262695
airfoil,3,505,4.181365151154368,5.439906597137451
airfoil,3,506,4.489354494370912,5.348142147064209
airfoil,3,507,4.246133271016572,5.202240467071533
airfoil,3,508,4.071489020397789,5.264582633972168
airfoil,3,509,4.139254761369605,5.37131404876709
airfoil,3,510,3.9844349497242977,5.482306957244873
airfoil,3,511,4.052459014089484,5.277158260345459
airfoil,3,512,4.110561496333072,5.518672466278076
airfoil,3,513,4.146593156613801,5.129187107086182
airfoil,3,514,4.030958542698308,5.276721000671387
airfoil,3,515,4.10166871547699,5.461391448974609
airfoil,3,516,4.748358632388868,7.230179786682129
airfoil,3,517,4.346984069598348,5.3536057472229
airfoil,3,518,4.045724523694892,5.079531192779541
airfoil,3,519,3.9310039281845093,5.47818660736084
airfoil,3,520,4.0859059252237016,5.020218849182129
airfoil,3,521,4.087138878671746,5.794816017150879
airfoil,3,522,4.043664082100517,5.273131847381592
airfoil,3,523,4.048559728421663,5.697597026824951
airfoil,3,524,4.407656180231195,5.11820125579834
airfoil,3,525,3.974756435344094,5.702904224395752
airfoil,3,526,4.117537504748294,5.2404704093933105
airfoil,3,527,4.2843577736302425,6.047482490539551
airfoil,3,528,4.064801115738718,4.944803714752197
airfoil,3,529,4.219765500018471,5.329241752624512
airfoil,3,530,4.47264689207077,5.159921169281006
airfoil,3,531,4.0170485345940845,5.010201454162598
airfoil,3,532,3.945938904034464,4.833648204803467
airfoil,3,533,4.009579834185149,5.185403823852539
airfoil,3,534,3.883737482522663,5.411045551300049
airfoil,3,535,4.3996710777282715,6.111130714416504
airfoil,3,536,4.08502510660573,5.305301189422607
airfoil,3,537,4.20641817544636,5.147254467010498
airfoil,3,538,3.956333295295113,4.946725845336914
airfoil,3,539,4.016086961093702,5.814370632171631
airfoil,3,540,4.282676935195923,5.2817792892456055
airfoil,3,541,4.211398632902848,5.552119731903076
airfoil,3,542,3.8615900968250476,5.15894079208374
airfoil,3,543,3.8033230492943213,5.50119161605835
airfoil,3,544,3.9861694197905693,5.776029109954834
airfoil,3,545,4.118102995972884,5.248580455780029
airfoil,3,546,4.155865744540566,5.028308868408203
airfoil,3,547,3.8184097973923934,4.695400238037109
airfoil,3,548,3.7950789301018966,4.966870307922363
airfoil,3,549,3.908890928092756,5.216782093048096
airfoil,3,550,4.213762810355739,4.870861530303955
airfoil,3,551,4.095101870988545,4.812870025634766
airfoil,3,552,4.3864025787303325,5.686219692230225
airfoil,3,553,3.9795685818320825,5.18871545791626
airfoil,3,554,3.89918966983494,5.253641128540039
airfoil,3,555,3.8134098492170634,5.014622688293457
airfoil,3,556,3.7536908764588204,4.784593105316162
airfoil,3,557,3.7234376292479667,5.087370872497559
airfoil,3,558,3.9317816558637118,4.730788707733154
airfoil,3,559,3.941141326176493,4.979914665222168
airfoil,3,560,3.856283972137853,4.849693775177002
airfoil,3,561,3.8793882884477315,4.874292850494385
airfoil,3,562,3.8079717472979895,5.126807689666748
airfoil,3,563,4.20314107443157,5.622293472290039
airfoil,3,564,4.02096499581086,4.949948310852051
airfoil,3,565,3.903157657698581,5.593816757202148
airfoil,3,566,4.033837650951586,4.991118907928467
airfoil,3,567,3.804284939640447,4.977275848388672
airfoil,3,568,3.915304249838779,4.8405938148498535
airfoil,3,569,3.8320080920269617,4.9339141845703125
airfoil,3,570,3.8549995987038863,4.951744556427002
airfoil,3,571,3.8550811943254972,5.63595724105835
airfoil,3,572,3.7526476320467497,4.783954620361328
airfoil,3,573,3.778156851467333,4.96608304977417
airfoil,3,574,3.709109902381897,4.8758225440979
airfoil,3,575,3.7198902713625053,4.638915061950684
airfoil,3,576,3.7487883944260445,4.573607921600342
airfoil,3,577,3.6654427302511117,5.238570213317871
airfoil,3,578,3.9857150065271476,5.675818920135498
airfoil,3,579,3.9931671117481433,4.557457447052002
airfoil,3,580,3.774925912681379,4.507023811340332
airfoil,3,581,3.8404458008314433,5.026427268981934
airfoil,3,582,4.088424619875457,6.183556079864502
airfoil,3,583,4.113214812780681,5.326661586761475
airfoil,3,584,3.6174224662153343,4.518243312835693
airfoil,3,585,3.8218756663171867,5.246646404266357
airfoil,3,586,3.7221284194996485,4.5303955078125
airfoil,3,587,3.9228912435079875,4.85011625289917
airfoil,3,588,3.9532443692809656,5.725818634033203
airfoil,3,589,4.326270097180417,5.193972587585449
airfoil,3,590,3.8787843553643477,4.618680000305176
airfoil,3,591,4.057360683616839,5.604470252990723
airfoil,3,592,4.214442259386966,5.071958065032959
airfoil,3,593,3.687695556565335,5.178980827331543
airfoil,3,594,3.6698503996196545,5.101762771606445
airfoil,3,595,3.582479451832018,4.487165451049805
airfoil,3,596,3.7317469120025635,4.775175094604492
airfoil,3,597,3.6998954321208752,4.819668769836426
airfoil,3,598,3.7411795980051945,4.72842264175415
airfoil,3,599,3.9045900231913517,5.306331157684326
airfoil,3,600,3.6959434904550252,4.764327049255371
airfoil,3,601,3.5604270633898283,4.622673511505127
airfoil,3,602,3.654690667202598,5.676261901855469
airfoil,3,603,3.7166218412549874,4.945850372314453
airfoil,3,604,3.677010329146134,4.340561866760254
airfoil,3,605,3.719086091769369,4.6876749992370605
airfoil,3,606,3.811640896295246,4.593498706817627
airfoil,3,607,3.404003375454953,4.76254940032959
airfoil,3,608,3.598056096779673,4.394057750701904
airfoil,3,609,3.5948853022173832,4.7602152824401855
airfoil,3,610,3.6234570553428247,4.458001613616943
airfoil,3,611,3.60841703414917,4.276756763458252
airfoil,3,612,3.511799316657217,4.724767208099365
airfoil,3,613,3.619079109869505,4.520528793334961
airfoil,3,614,3.526719752110933,4.915824890136719
airfoil,3,615,3.5843164983548617,4.5503249168396
airfoil,3,616,3.6732904283623946,4.423551559448242
airfoil,3,617,3.803004299339495,4.672811508178711
airfoil,3,618,3.735261863783786,4.708500862121582
airfoil,3,619,3.6958814451569006,4.227291584014893
airfoil,3,620,3.7158826401359155,4.997549533843994
airfoil,3,621,3.5396461580929004,4.422074794769287
airfoil,3,622,3.4429405080644706,4.320456027984619
airfoil,3,623,3.9930690213253626,4.726098537445068
airfoil,3,624,3.5865989170576396,4.112933158874512
airfoil,3,625,3.6648817344715723,4.417718410491943
airfoil,3,626,3.4081362517256486,4.412226676940918
airfoil,3,627,3.436026799051385,4.554258346557617
airfoil,3,628,3.5302885864910327,4.846710205078125
airfoil,3,629,3.647438086961445,4.458521366119385
airfoil,3,630,3.6132193113628186,4.340619087219238
airfoil,3,631,3.4486670776417383,4.716089725494385
airfoil,3,632,3.556068216499529,4.488119602203369
airfoil,3,633,4.0644926899357845,4.233226776123047
airfoil,3,634,3.472254012760363,4.204575061798096
airfoil,3,635,3.6700011303550317,4.4512739181518555
airfoil,3,636,3.5154977534946643,4.572031021118164
airfoil,3,637,3.4657975372515226,4.267056465148926
airfoil,3,638,3.548536435553902,4.322497367858887
airfoil,3,639,3.623873876897912,4.462327003479004
airfoil,3,640,3.4844411109623157,4.039305686950684
airfoil,3,641,3.456211485360798,4.251150131225586
airfoil,3,642,3.624804327362462,5.033189296722412
airfoil,3,643,3.592122263030002,4.903656005859375
airfoil,3,644,3.659458966631638,4.492331027984619
airfoil,3,645,3.41292100831082,4.197096347808838
airfoil,3,646,3.4828100925997685,4.331674575805664
airfoil,3,647,3.496519047962992,4.022881507873535
airfoil,3,648,3.5609358737343237,4.45166015625
airfoil,3,649,3.571320420817325,4.9702301025390625
airfoil,3,650,3.3572616294810644,4.4962921142578125
airfoil,3,651,3.3343986304182756,4.642533302307129
airfoil,3,652,4.1091418203554655,4.42909049987793
airfoil,3,653,3.573663673902813,4.821938514709473
airfoil,3,654,3.4250526679189583,5.18154764175415
airfoil,3,655,3.6435136889156543,4.487788200378418
airfoil,3,656,3.350671608197062,5.464068412780762
airfoil,3,657,3.4772590085079798,4.536030292510986
airfoil,3,658,3.448198525529159,4.169597148895264
airfoil,3,659,3.331562810822537,4.70933198928833
airfoil,3,660,3.5011319580831026,4.6901679039001465
airfoil,3,661,3.342128022720939,4.1358137130737305
airfoil,3,662,3.4227483649002877,4.24882698059082
airfoil,3,663,3.5583975660173515,4.248316764831543
airfoil,3,664,3.4195273047999333,4.478240489959717
airfoil,3,665,3.3849492543622066,4.48836612701416
airfoil,3,666,3.5439598779929313,4.680239677429199
airfoil,3,667,3.4737819684179208,4.386101245880127
airfoil,3,668,3.502473329242907,4.4004621505737305
airfoil,3,669,3.3613242350126566,4.47977876663208
airfoil,3,670,3.5787730593430367,4.22799825668335
airfoil,3,671,3.3289523689370406,4.043616771697998
airfoil,3,672,3.2072388372923197,4.401401519775391
airfoil,3,673,3.51605035443055,4.340486526489258
airfoil,3,674,3.4204788835425126,4.3983001708984375
airfoil,3,675,3.564811022658097,4.073968410491943
airfoil,3,676,3.286078437378532,4.160667896270752
airfoil,3,677,3.283134871407559,4.084651470184326
airfoil,3,678,3.1938301042506567,4.165421962738037
airfoil,3,679,3.19962078332901,4.86747932434082
airfoil,3,680,3.4024922596780875,4.105999946594238
airfoil,3,681,3.1871705274832878,4.303699970245361
airfoil,3,682,3.5195206121394507,5.147267818450928
airfoil,3,683,3.391568667010257,4.129374027252197
airfoil,3,684,3.370320301306875,4.251644611358643
airfoil,3,685,3.4194465906996476,4.238762378692627
airfoil,3,686,3.3567870416139303,4.4767985343933105
airfoil,3,687,3.215835248169146,4.106727600097656
airfoil,3,688,3.610107801462475,4.14055871963501
airfoil,3,689,3.3112546487858423,4.349546909332275
airfoil,3,690,3.229937813783947,3.966501474380493
airfoil,3,691,3.2379985200731376,4.236376762390137
airfoil,3,692,3.3234535894895854,5.136969089508057
airfoil,3,693,3.3300517421019706,3.9837069511413574
airfoil,3,694,3.431558957225398,4.090508460998535
airfoil,3,695,3.36343483862124,4.146762847900391
airfoil,3,696,3.4631829167667187,3.8477327823638916
airfoil,3,697,3.6444170098555717,4.38992977142334
airfoil,3,698,3.506876892165134,4.250180721282959
airfoil,3,699,3.3560866870378194,4.274590969085693
airfoil,3,700,3.404016228098618,4.073897361755371
airfoil,3,701,3.5314206292754724,3.9604008197784424
airfoil,3,702,3.3117889165878296,4.018921375274658
airfoil,3,703,3.1774947078604447,4.480947494506836
airfoil,3,704,3.3071926487119576,3.9413790702819824
airfoil,3,705,3.2655486903692545,3.8196821212768555
airfoil,3,706,3.283705146689164,4.048301696777344
airfoil,3,707,3.301684872100228,4.139716625213623
airfoil,3,708,3.3730673727236296,5.0829691886901855
airfoil,3,709,3.6608702948218896,4.390305042266846
airfoil,3,710,3.1930979051088033,3.9444143772125244
airfoil,3,711,3.3083369324081824,4.431481838226318
airfoil,3,712,3.293466527211039,4.183549880981445
airfoil,3,713,3.355250597000122,4.249215126037598
airfoil,3,714,3.279855546198393,4.14852237701416
airfoil,3,715,3.214929634018948,4.367238998413086
airfoil,3,716,3.2572400381690576,4.485244274139404
airfoil,3,717,3.30418334509197,4.025201797485352
airfoil,3,718,3.4039208010623327,4.1027116775512695
airfoil,3,719,3.1689158646683944,4.307450771331787
airfoil,3,720,3.3989273874383223,4.691910266876221
airfoil,3,721,3.2152617730592428,3.9554684162139893
airfoil,3,722,3.510697907523105,4.171943664550781
airfoil,3,723,3.0923217597760653,4.009669780731201
airfoil,3,724,3.256494352692052,4.307983875274658
airfoil,3,725,3.2344308903342798,4.230875492095947
airfoil,3,726,3.2666107196556893,3.791320323944092
airfoil,3,727,3.2234518967176737,4.25875186920166
airfoil,3,728,3.211017263563056,4.503363609313965
airfoil,3,729,3.3410647103660986,4.241569995880127
airfoil,3,730,3.319231086655667,3.8025565147399902
airfoil,3,731,3.2362938052729557,4.157647609710693
airfoil,3,732,3.4062473711214567,4.153366565704346
airfoil,3,733,3.1996607905940007,4.442076683044434
airfoil,3,734,3.451800763607025,3.800180196762085
airfoil,3,735,3.2484266412885567,4.347630023956299
airfoil,3,736,3.2658833108450236,3.988435983657837
airfoil,3,737,3.0951169760603654,3.8145337104797363
airfoil,3,738,3.1807613215948405,4.506304740905762
airfoil,3,739,3.4967765400284216,3.9932568073272705
airfoil,3,740,3.5118478285638908,4.366116523742676
airfoil,3,741,3.4065181518855847,4.3584442138671875
airfoil,3,742,3.6912819147109985,3.838620185852051
airfoil,3,743,3.8154969325191095,5.975498676300049
airfoil,3,744,3.6504126598960474,3.881272315979004
airfoil,3,745,3.154139650495429,3.816478967666626
airfoil,3,746,3.245879424245734,3.870070457458496
airfoil,3,747,3.1041708180778906,4.416409492492676
airfoil,3,748,3.3701148221367285,4.668984889984131
airfoil,3,749,3.7230578315885445,3.7684831619262695
airfoil,3,750,3.08974825394781,4.076923847198486
airfoil,3,751,3.230482123400036,3.8566370010375977
airfoil,3,752,3.3640507428269637,4.879558563232422
airfoil,3,753,3.224059920561941,4.023801803588867
airfoil,3,754,3.2002639582282617,4.626604080200195
airfoil,3,755,3.3538411479247245,3.8998851776123047
airfoil,3,756,3.2130410137929415,3.9367599487304688
airfoil,3,757,3.0962364077568054,3.937899112701416
airfoil,3,758,3.05335459583684,3.9051737785339355
airfoil,3,759,3.0681725865916203,4.064536094665527
airfoil,3,760,3.053644111281947,3.9615864753723145
airfoil,3,761,3.1814070155746057,3.812662363052368
airfoil,3,762,3.1751515128110586,4.019075393676758
airfoil,3,763,3.274883549464376,3.926997184753418
airfoil,3,764,3.2124654336979517,4.046623229980469
airfoil,3,765,3.316087826302177,4.0137457847595215
airfoil,3,766,3.1878971614335714,3.9788243770599365
airfoil,3,767,3.1975771737726113,4.102154731750488
airfoil,3,768,3.2306915364767375,3.8687007427215576
airfoil,3,769,2.9538881684604443,3.764449119567871
airfoil,3,770,3.184763971127962,4.023658752441406
airfoil,3,771,3.1131929410131356,4.007745265960693
airfoil,3,772,3.106532015298542,3.6099789142608643
airfoil,3,773,2.9674499160365055,4.012269020080566
airfoil,3,774,3.0996343462090743,3.658731698989868
airfoil,3,775,3.297636082297877,4.4681878089904785
airfoil,3,776,3.1966426623495003,4.327638626098633
airfoil,3,777,3.2817288637161255,3.8221163749694824
airfoil,3,778,3.145043454672161,3.712265968322754
airfoil,3,779,3.1028530189865515,5.070683002471924
airfoil,3,780,3.2947678911058524,3.825450897216797
airfoil,3,781,3.222005373553226,3.889575958251953
airfoil,3,782,3.1340325066917822,4.1340789794921875
airfoil,3,783,3.06625833636836,3.766613006591797
airfoil,3,784,3.2025064920124255,3.672313928604126
airfoil,3,785,3.1142094354880485,3.720925807952881
airfoil,3,786,3.139482015057614,3.900322675704956
airfoil,3,787,3.083742733064451,3.880228281021118
airfoil,3,788,3.031980963129746,3.7904293537139893
airfoil,3,789,3.134823203086853,3.7665319442749023
airfoil,3,790,3.0348041590891386,3.9382317066192627
airfoil,3,791,3.104150530539061,3.759352922439575
airfoil,3,792,3.030726887677845,3.8360934257507324
airfoil,3,793,3.074867110503347,3.7599239349365234
airfoil,3,794,3.1247399763057104,3.908291816711426
airfoil,3,795,2.8850828001373694,3.8176815509796143
airfoil,3,796,3.194162861297005,4.2438459396362305
airfoil,3,797,3.0057805902079533,4.155463695526123
airfoil,3,798,3.1577929289717424,3.7181246280670166
airfoil,3,799,3.1374888671071908,3.6655309200286865
airfoil,3,800,3.142192426480745,3.8723483085632324
airfoil,3,801,3.085908773698305,3.7042174339294434
airfoil,3,802,3.1146459234388253,3.7936367988586426
airfoil,3,803,3.044860642207296,3.954827070236206
airfoil,3,804,3.0893930855550265,4.0305094718933105
airfoil,3,805,3.0591269260958622,3.812701463699341
airfoil,3,806,3.239353060722351,4.00430154800415
airfoil,3,807,3.217415467688912,4.270586967468262
airfoil,3,808,3.0330835580825806,4.3575544357299805
airfoil,3,809,3.1948701833423816,3.8702151775360107
airfoil,3,810,3.0805773327225134,3.6490225791931152
airfoil,3,811,2.9160434729174565,3.9090404510498047
airfoil,3,812,3.221528903434151,3.912583351135254
airfoil,3,813,3.0316724588996484,3.6716666221618652
airfoil,3,814,2.985922607936357,4.32595682144165
airfoil,3,815,3.1723607935403524,3.729459524154663
airfoil,3,816,3.129679915152098,4.1530442237854
airfoil,3,817,3.065452952133982,3.636408805847168
airfoil,3,818,3.0557718088752344,4.394476890563965
airfoil,3,819,3.2575288383584273,3.7954204082489014
airfoil,3,820,3.313723912364558,4.591892719268799
airfoil,3,821,3.2750523404071203,3.5876073837280273
airfoil,3,822,2.9975838378856055,3.982238292694092
airfoil,3,823,3.097847624828941,3.981278419494629
airfoil,3,824,3.0336674687109495,4.106099605560303
airfoil,3,825,3.419600232651359,4.4789137840271
airfoil,3,826,3.208338555536772,3.867424249649048
airfoil,3,827,3.15869844273517,4.133202075958252
airfoil,3,828,2.972560371223249,4.305522918701172
airfoil,3,829,3.151016847083443,3.768575429916382
airfoil,3,830,3.158951207211143,3.8764729499816895
airfoil,3,831,3.081754003700457,3.6913020610809326
airfoil,3,832,2.9975090560160185,3.823533535003662
airfoil,3,833,3.007475347895371,3.872124433517456
airfoil,3,834,2.951047768718318,3.429774284362793
airfoil,3,835,2.889190585989701,3.8806681632995605
airfoil,3,836,2.975934285866587,3.719189405441284
airfoil,3,837,2.9951172627900777,3.5381412506103516
airfoil,3,838,2.9985726193377844,4.046749591827393
airfoil,3,839,3.0157587559599626,3.8475043773651123
airfoil,3,840,2.9656883791873327,3.7547566890716553
airfoil,3,841,3.1698368913248967,4.063940525054932
airfoil,3,842,3.0864614279646623,3.6707186698913574
airfoil,3,843,3.1553075313568115,3.5246875286102295
airfoil,3,844,3.0942443483754207,3.932565212249756
airfoil,3,845,3.0971611330383704,3.6240625381469727
airfoil,3,846,2.944109364559776,3.948014736175537
airfoil,3,847,3.1745549973688627,4.228706359863281
airfoil,3,848,3.352009936382896,3.534567356109619
airfoil,3,849,3.2474091398088554,3.8930115699768066
airfoil,3,850,3.166094598017241,3.7318530082702637
airfoil,3,851,2.9638416735749495,3.441279649734497
airfoil,3,852,2.971138364390323,4.281267166137695
airfoil,3,853,3.2741175639001945,4.1139817237854
airfoil,3,854,3.2510782025362315,3.722383975982666
airfoil,3,855,2.9069364290488395,3.6468098163604736
airfoil,3,856,2.8156622648239136,3.6386828422546387
airfoil,3,857,3.055680601220382,3.9437503814697266
airfoil,3,858,2.9264010943864522,3.4536819458007812
airfoil,3,859,3.0407686609970894,3.467539072036743
airfoil,3,860,3.0676376662756266,3.826573371887207
airfoil,3,861,2.975483856703106,4.082521438598633
airfoil,3,862,3.211444600632316,3.94746994972229
airfoil,3,863,2.9031269424840023,3.6333935260772705
airfoil,3,864,2.906292893384632,3.52629017829895
airfoil,3,865,2.879377537652066,3.627591133117676
airfoil,3,866,3.0055314678894844,3.5462048053741455
airfoil,3,867,2.9018032707666097,4.056075096130371
airfoil,3,868,2.8810849503466955,3.8030431270599365
airfoil,3,869,2.976457357406616,3.659379005432129
airfoil,3,870,2.9355806159345725,3.523266077041626
airfoil,3,871,2.823954745342857,3.658496856689453
airfoil,3,872,2.7791645526885986,3.5843124389648438
airfoil,3,873,2.885595977306366,3.9493680000305176
airfoil,3,874,2.8649648929897107,3.8986897468566895
airfoil,3,875,2.9032842705124304,4.15655517578125
airfoil,3,876,3.0218447760531775,3.8043570518493652
airfoil,3,877,2.906821862647408,3.8451337814331055
airfoil,3,878,3.1054382732040002,3.548816680908203
airfoil,3,879,2.9074588951311613,3.891411066055298
airfoil,3,880,2.966735905722568,3.8035929203033447
airfoil,3,881,2.9021162296596326,3.642916202545166
airfoil,3,882,2.9266725998175773,3.9003593921661377
airfoil,3,883,3.1498173945828487,4.430814743041992
airfoil,3,884,3.04486535411132,3.5544331073760986
airfoil,3,885,2.904817339621092,3.7168140411376953
airfoil,3,886,3.323964404432397,4.101036071777344
airfoil,3,887,2.858876877709439,3.869936227798462
airfoil,3,888,3.161621670973928,4.171840190887451
airfoil,3,889,3.265876641398982,3.719087839126587
airfoil,3,890,2.755513715116601,3.428090810775757
airfoil,3,891,2.9932970624221,3.6406590938568115
airfoil,3,892,3.173550423822905,3.627654552459717
airfoil,3,893,2.931372344493866,3.8170783519744873
airfoil,3,894,3.099034237234216,3.6729769706726074
airfoil,3,895,2.9679037018826135,3.556544303894043
airfoil,3,896,3.1023635832886947,3.781893730163574
airfoil,3,897,2.867789503775145,3.647064208984375
airfoil,3,898,3.02262554670635,4.360793113708496
airfoil,3,899,3.091098270918194,3.9668827056884766
airfoil,3,900,3.1308441162109375,3.7143688201904297
airfoil,3,901,2.860135759177961,4.07681131362915
airfoil,3,902,3.2058522701263428,3.572171211242676
airfoil,3,903,2.911207277523844,3.9889612197875977
airfoil,3,904,3.0813265097768685,3.4968416690826416
airfoil,3,905,2.902747935370395,3.7933688163757324
airfoil,3,906,2.8688513354251257,3.597843885421753
airfoil,3,907,2.895404588235052,3.758535861968994
airfoil,3,908,2.9946335114930807,3.779219627380371
airfoil,3,909,2.833166872200213,3.5093929767608643
airfoil,3,910,3.1494029227056,3.7806355953216553
airfoil,3,911,2.8218836784362793,4.041820526123047
airfoil,3,912,3.2486299966510974,3.8713810443878174
airfoil,3,913,2.8575366139411926,3.710294246673584
airfoil,3,914,2.9331955156828227,3.6793372631073
airfoil,3,915,3.059141623346429,5.567544937133789
airfoil,3,916,3.403793614161642,4.141493320465088
airfoil,3,917,2.8643773292240344,3.9040396213531494
airfoil,3,918,2.872472788158216,3.6655704975128174
airfoil,3,919,2.8108274779821696,3.540598154067993
airfoil,3,920,2.705545977542275,3.861851453781128
airfoil,3,921,2.902149564341495,3.771254539489746
airfoil,3,922,2.9852397912427,4.072771072387695
airfoil,3,923,3.0250780896136633,3.653066396713257
airfoil,3,924,2.9392738342285156,3.676692008972168
airfoil,3,925,3.098213669500853,3.43192458152771
airfoil,3,926,2.8347941197847066,3.5326521396636963
airfoil,3,927,2.908308462092751,3.5980911254882812
airfoil,3,928,2.78448054978722,3.6151928901672363
airfoil,3,929,2.853036576195767,3.7574353218078613
airfoil,3,930,2.8869995568927966,3.456369638442993
airfoil,3,931,2.9547736707486605,3.5380640029907227
airfoil,3,932,2.9029120457799813,3.4707071781158447
airfoil,3,933,3.113832862753617,3.9458065032958984
airfoil,3,934,2.8623555851610085,3.9758524894714355
airfoil,3,935,3.02518409804294,3.6967244148254395
airfoil,3,936,2.8069807196918286,3.4603888988494873
airfoil,3,937,2.9321210227514567,3.7258317470550537
airfoil,3,938,2.843391970584267,3.5636465549468994
airfoil,3,939,2.8415098849095797,3.9245307445526123
airfoil,3,940,2.8254114891353406,4.033557415008545
airfoil,3,941,2.965898019702811,3.662956476211548
airfoil,3,942,2.963847041130066,3.5825541019439697
airfoil,3,943,2.8662954349266854,3.6011927127838135
airfoil,3,944,2.98733599562394,3.7870943546295166
airfoil,3,945,2.8312656565716394,3.62369704246521
airfoil,3,946,2.9312254943345724,4.5341339111328125
airfoil,3,947,2.9092128684646203,3.693171739578247
airfoil,3,948,2.86149128173527,3.689861297607422
airfoil,3,949,3.06891456716939,3.6287543773651123
airfoil,3,950,2.876212979617872,3.691152811050415
airfoil,3,951,2.856444089036239,3.4859354496002197
airfoil,3,952,2.8362517952919006,3.5237629413604736
airfoil,3,953,3.0223250765549508,3.5668323040008545
airfoil,3,954,2.814258337020874,3.8586390018463135
airfoil,3,955,2.9567826107928625,3.4497618675231934
airfoil,3,956,3.012769573613217,3.6354801654815674
airfoil,3,957,3.0061224259828268,3.625831365585327
airfoil,3,958,2.8588071841942635,4.068221092224121
airfoil,3,959,3.0901288766609993,3.5954647064208984
airfoil,3,960,2.9376882189198543,3.499263048171997
airfoil,3,961,3.0503429488131872,4.246474266052246
airfoil,3,962,3.0543723263238607,4.028144359588623
airfoil,3,963,2.958707592989269,3.56475830078125
airfoil,3,964,2.728972670279051,3.8840959072113037
airfoil,3,965,2.814479062431737,3.560415506362915
airfoil,3,966,2.8086211179432117,3.7509396076202393
airfoil,3,967,2.777560096038015,3.320112466812134
airfoil,3,968,2.757273379125093,3.4650557041168213
airfoil,3,969,2.8423839148722196,3.5235421657562256
airfoil,3,970,2.866285603297384,3.5070040225982666
airfoil,3,971,2.89839695315612,3.6522390842437744
airfoil,3,972,2.8143517688701025,3.6393070220947266
airfoil,3,973,2.8685395764677146,3.5625696182250977
airfoil,3,974,2.7291178954275033,3.583585262298584
airfoil,3,975,2.8846822882953442,3.942412853240967
airfoil,3,976,2.9589202843214335,3.6843786239624023
airfoil,3,977,2.8808165851392245,3.8850672245025635
airfoil,3,978,2.7720625149576286,3.404855251312256
airfoil,3,979,2.7656467745178626,3.627603054046631
airfoil,3,980,2.781935955348768,3.8271114826202393
airfoil,3,981,2.841929266327306,3.8512871265411377
airfoil,3,982,3.1815833982668424,3.3442044258117676
airfoil,3,983,3.21201177019822,3.8548173904418945
airfoil,3,984,2.940562251367067,3.349769115447998
airfoil,3,985,2.7467866006650423,3.962695360183716
airfoil,3,986,3.0414812690333317,3.8618738651275635
airfoil,3,987,3.103257583944421,4.481563091278076
airfoil,3,988,2.9615154548695215,3.7836976051330566
airfoil,3,989,2.8876720384547583,4.18370246887207
airfoil,3,990,2.964437506700817,3.5473155975341797
airfoil,3,991,2.798230139832748,3.6656200885772705
airfoil,3,992,2.7275765475473905,3.437293291091919
airfoil,3,993,2.6913955948854746,3.509279489517212
airfoil,3,994,2.7265641218737553,3.7380831241607666
airfoil,3,995,3.067176928645686,3.5566251277923584
airfoil,3,996,2.731266316614653,3.3537862300872803
airfoil,3,997,2.908495429315065,4.320174217224121
airfoil,3,998,2.950190280613146,3.518146514892578
airfoil,3,999,2.6891797969215796,3.540079355239868
airfoil,6,0,17.710338391755755,21.516162872314453
airfoil,6,1,17.704726771304482,18.91218376159668
airfoil,6,2,16.399029970169067,19.278974533081055
airfoil,6,3,16.85506416621961,17.872844696044922
airfoil,6,4,16.137907053294935,18.03213882446289
airfoil,6,5,15.899737759640342,17.311214447021484
airfoil,6,6,15.431722364927593,17.05484962463379
airfoil,6,7,15.593426014247694,18.024351119995117
airfoil,6,8,15.594280142533151,17.355539321899414
airfoil,6,9,15.194485965527987,16.425121307373047
airfoil,6,10,14.656348793130173,16.58062744140625
airfoil,6,11,15.165450723547684,17.077327728271484
airfoil,6,12,14.673345917149595,16.00151824951172
airfoil,6,13,14.670914825640226,15.819202423095703
airfoil,6,14,14.54734034287302,16.693986892700195
airfoil,6,15,14.593355881540399,16.23483657836914
airfoil,6,16,14.648230904027036,15.529626846313477
airfoil,6,17,13.933499988756681,15.768144607543945
airfoil,6,18,13.825177230333027,15.983824729919434
airfoil,6,19,13.99467188433597,15.216054916381836
airfoil,6,20,13.788834822805304,15.257221221923828
airfoil,6,21,13.827724293658608,15.317956924438477
airfoil,6,22,13.401774682496724,15.069589614868164
airfoil,6,23,13.385162190387124,15.18664836883545
airfoil,6,24,14.18542578345851,16.147079467773438
airfoil,6,25,13.41951134330348,14.905043601989746
airfoil,6,26,12.966796586388035,16.148029327392578
airfoil,6,27,13.550415892350046,16.003419876098633
airfoil,6,28,13.368204719141909,14.6582670211792
airfoil,6,29,12.533756231006823,14.205490112304688
airfoil,6,30,12.967674393402902,14.336162567138672
airfoil,6,31,12.486417632353934,14.847548484802246
airfoil,6,32,12.722473106886211,13.703537940979004
airfoil,6,33,12.216434955596924,13.865582466125488
airfoil,6,34,12.919987026013827,14.759309768676758
airfoil,6,35,12.315752443514372,13.620476722717285
airfoil,6,36,11.694835600100065,13.643813133239746
airfoil,6,37,11.836075193003603,14.596599578857422
airfoil,6,38,11.874864113958258,14.691102027893066
airfoil,6,39,11.728803496611746,12.77373218536377
airfoil,6,40,11.36700271305285,13.53100872039795
airfoil,6,41,11.739498954070243,12.262252807617188
airfoil,6,42,11.006455710059718,12.505614280700684
airfoil,6,43,11.37165023151197,13.605795860290527
airfoil,6,44,11.413632279948184,12.20849323272705
airfoil,6,45,10.780344498784919,12.383931159973145
airfoil,6,46,10.844555026606509,12.37365436553955
airfoil,6,47,10.618536597804018,12.190144538879395
airfoil,6,48,10.540572630731683,12.900718688964844
airfoil,6,49,10.544303981881393,12.121837615966797
airfoil,6,50,10.2723800634083,12.010903358459473
airfoil,6,51,10.526234112287822,12.892119407653809
airfoil,6,52,10.36887772459733,12.14160442352295
airfoil,6,53,10.323301440791079,11.886215209960938
airfoil,6,54,10.217101837459364,11.140984535217285
airfoil,6,55,9.972170503515946,12.029096603393555
airfoil,6,56,9.60075757378026,11.884268760681152
airfoil,6,57,9.795659253471776,12.061805725097656
airfoil,6,58,10.136667126103452,11.095932960510254
airfoil,6,59,9.711283068907889,11.509355545043945
airfoil,6,60,9.88593255846124,11.172493934631348
airfoil,6,61,9.526461237355283,11.243474960327148
airfoil,6,62,10.272917985916138,12.251361846923828
airfoil,6,63,9.15896615229155,11.404949188232422
airfoil,6,64,9.067075026662726,10.802807807922363
airfoil,6,65,8.76756026870326,11.640181541442871
airfoil,6,66,9.030200807671799,10.856947898864746
airfoil,6,67,8.767261869028994,10.431705474853516
airfoil,6,68,8.665072729713039,11.114227294921875
airfoil,6,69,8.80794906616211,11.173760414123535
airfoil,6,70,8.586405195687947,10.604476928710938
airfoil,6,71,8.90146746133503,10.8341703414917
airfoil,6,72,8.39577613378826,11.408092498779297
airfoil,6,73,8.549470776005796,10.89362621307373
airfoil,6,74,9.058939651439065,10.302848815917969
airfoil,6,75,8.352179972749008,10.651272773742676
airfoil,6,76,8.154521804106864,10.196444511413574
airfoil,6,77,8.212571658586201,11.229713439941406
airfoil,6,78,8.306485602730199,10.575328826904297
airfoil,6,79,8.068883582165366,10.281538009643555
airfoil,6,80,8.154776071247301,10.468262672424316
airfoil,6,81,8.438047365138406,10.886749267578125
airfoil,6,82,7.778546189007006,10.003395080566406
airfoil,6,83,7.983799921838861,9.702073097229004
airfoil,6,84,7.827570714448628,9.798831939697266
airfoil,6,85,8.357591252577933,10.143068313598633
airfoil,6,86,7.540172727484452,9.69526481628418
airfoil,6,87,7.750648335406654,10.030723571777344
airfoil,6,88,7.451574407125774,9.987479209899902
airfoil,6,89,7.39512342528293,10.069217681884766
airfoil,6,90,7.56415897921512,11.259057998657227
airfoil,6,91,7.829745123260899,10.17768669128418
airfoil,6,92,7.626829655546891,10.80040168762207
airfoil,6,93,7.788040129761947,9.557660102844238
airfoil,6,94,7.452112775099905,10.066953659057617
airfoil,6,95,8.04251922431745,10.652477264404297
airfoil,6,96,7.3213548472053125,10.259490966796875
airfoil,6,97,7.707890736429315,9.540742874145508
airfoil,6,98,7.159286793909575,9.471193313598633
airfoil,6,99,7.176615257012217,9.123530387878418
airfoil,6,100,6.91289328273974,9.511964797973633
airfoil,6,101,6.913333968112343,9.21810531616211
airfoil,6,102,6.87493864486092,9.29015827178955
airfoil,6,103,6.913646729368913,8.917694091796875
airfoil,6,104,6.895199505906356,8.871655464172363
airfoil,6,105,7.244073805056121,9.653654098510742
airfoil,6,106,7.025478463423879,9.12173843383789
airfoil,6,107,7.1085611142610245,9.44658374786377
airfoil,6,108,7.029018025649221,8.73460578918457
airfoil,6,109,6.781253137086567,8.563419342041016
airfoil,6,110,6.654047696213973,8.526741981506348
airfoil,6,111,6.5693196058273315,8.71679401397705
airfoil,6,112,6.647056265881187,10.017691612243652
airfoil,6,113,7.336571461276004,9.191359519958496
airfoil,6,114,6.556330931814093,8.847491264343262
airfoil,6,115,6.478339270541542,8.39857292175293
airfoil,6,116,6.341929291423998,8.277374267578125
airfoil,6,117,6.730205460598595,8.569646835327148
airfoil,6,118,6.412157554375498,8.239856719970703
airfoil,6,119,6.6446652224189355,8.643818855285645
airfoil,6,120,6.243188970967343,8.147698402404785
airfoil,6,121,6.37453662094317,8.3804931640625
airfoil,6,122,6.313688830325478,8.781354904174805
airfoil,6,123,6.451537546358611,8.43415641784668
airfoil,6,124,6.224546934428968,9.896714210510254
airfoil,6,125,6.329369736345191,8.584778785705566
airfoil,6,126,6.3245660756763655,9.172703742980957
airfoil,6,127,6.3845650773299365,8.219368934631348
airfoil,6,128,6.213690218172576,8.317593574523926
airfoil,6,129,6.119092439350329,8.153135299682617
airfoil,6,130,6.175444050839073,8.661088943481445
airfoil,6,131,6.537629993338334,8.157235145568848
airfoil,6,132,6.326303212266219,8.534550666809082
airfoil,6,133,6.6875794498543994,8.441518783569336
airfoil,6,134,6.031124127538581,8.267319679260254
airfoil,6,135,6.018668337872154,8.294564247131348
airfoil,6,136,6.383632672460456,8.3225679397583
airfoil,6,137,6.100355643975107,8.458144187927246
airfoil,6,138,6.0367945809113355,7.849244594573975
airfoil,6,139,6.077872966465197,8.822361946105957
airfoil,6,140,5.941062688827515,7.940026760101318
airfoil,6,141,5.9458909034729,7.934481620788574
airfoil,6,142,6.010536256589387,7.959558010101318
airfoil,6,143,6.19736403540561,7.901840686798096
airfoil,6,144,6.105811093982897,7.9267497062683105
airfoil,6,145,6.181410601264552,9.213305473327637
airfoil,6,146,6.551319799925151,7.944148540496826
airfoil,6,147,5.874077884774459,8.216689109802246
airfoil,6,148,6.464035517291019,7.573967456817627
airfoil,6,149,5.949098693697076,8.237496376037598
airfoil,6,150,5.78440693177675,7.415067672729492
airfoil,6,151,5.961964563319557,7.760605335235596
airfoil,6,152,5.851679914876034,8.307435035705566
airfoil,6,153,5.9744141666512744,7.456310272216797
airfoil,6,154,5.691375330874794,7.231399059295654
airfoil,6,155,5.726374695175572,7.765376567840576
airfoil,6,156,5.646349674776981,7.49192476272583
airfoil,6,157,5.704983510469136,8.401647567749023
airfoil,6,158,5.870022234163787,7.6591796875
airfoil,6,159,5.964427452338369,8.070121765136719
airfoil,6,160,5.707288647952833,8.94872760772705
airfoil,6,161,6.0688249123723885,7.8134284019470215
airfoil,6,162,5.592771153700979,7.632349491119385
airfoil,6,163,5.5065071080860335,7.209309101104736
airfoil,6,164,5.643876502388402,7.093602657318115
airfoil,6,165,5.409842509972422,7.7389678955078125
airfoil,6,166,5.41822894623405,7.221001625061035
airfoil,6,167,5.395797597734552,6.938823223114014
airfoil,6,168,5.423586569334331,7.2287092208862305
airfoil,6,169,5.433833323026958,7.765539646148682
airfoil,6,170,5.462671374019823,8.82381820678711
airfoil,6,171,5.833500655073869,7.012083530426025
airfoil,6,172,5.421664928135119,7.227534770965576
airfoil,6,173,5.436030249846609,7.862618923187256
airfoil,6,174,5.977910041809082,6.875524997711182
airfoil,6,175,5.454070110070078,7.602819919586182
airfoil,6,176,5.380954024038817,7.204185962677002
airfoil,6,177,5.195718987991936,6.600049018859863
airfoil,6,178,5.388120199504652,7.080162525177002
airfoil,6,179,5.515208608225772,6.721157550811768
airfoil,6,180,5.193664017476533,7.151141166687012
airfoil,6,181,5.234439649079976,7.140207290649414
airfoil,6,182,5.419442804236161,6.719603538513184
airfoil,6,183,5.230784278166921,6.726322650909424
airfoil,6,184,5.432891193189119,6.520857810974121
airfoil,6,185,5.16878931145919,6.571384906768799
airfoil,6,186,5.172511797202261,7.047389507293701
airfoil,6,187,5.123272588378505,6.8191986083984375
airfoil,6,188,5.18477219656894,6.674313068389893
airfoil,6,189,5.155372669822292,6.362353801727295
airfoil,6,190,4.924553388043454,6.520898342132568
airfoil,6,191,5.147222569114284,6.543234825134277
airfoil,6,192,5.303921492476213,6.474836349487305
airfoil,6,193,5.353448491347463,7.467977046966553
airfoil,6,194,5.262672010220979,6.795755863189697
airfoil,6,195,5.0924790219256755,6.965960502624512
airfoil,6,196,5.769613134233575,8.092681884765625
airfoil,6,197,5.47664455363625,7.220157146453857
airfoil,6,198,5.143646403362877,6.238901138305664
airfoil,6,199,5.313446578226592,6.3478593826293945
airfoil,6,200,5.288363930426146,7.4376540184021
airfoil,6,201,5.217260988135087,6.417008399963379
airfoil,6,202,4.826334426277562,6.194040298461914
airfoil,6,203,5.169207384711818,7.174580097198486
airfoil,6,204,4.819903684289832,6.622054100036621
airfoil,6,205,5.0468739082938745,6.742247104644775
airfoil,6,206,5.174311048106143,7.409329414367676
airfoil,6,207,5.019663315070303,6.180994987487793
airfoil,6,208,5.116009950637817,6.73975133895874
airfoil,6,209,4.774125450535824,6.1020379066467285
airfoil,6,210,4.662082722312526,5.965310096740723
airfoil,6,211,4.7153994597886735,5.929239273071289
airfoil,6,212,4.626393826384294,6.1475090980529785
airfoil,6,213,4.712208697670384,6.4914727210998535
airfoil,6,214,4.955240958615353,7.051553726196289
airfoil,6,215,4.738284820004513,7.025761127471924
airfoil,6,216,4.882000872963353,6.054068088531494
airfoil,6,217,4.588505104968422,6.065472602844238
airfoil,6,218,5.131873457055343,6.462391376495361
airfoil,6,219,4.790057728165074,5.888040542602539
airfoil,6,220,4.717895984649658,6.0214948654174805
airfoil,6,221,4.468637362906807,5.9770965576171875
airfoil,6,222,4.5558326463950305,5.52798318862915
airfoil,6,223,4.75081709811562,5.8823113441467285
airfoil,6,224,4.4455546077929045,5.899371147155762
airfoil,6,225,4.43237987317537,5.661375045776367
airfoil,6,226,4.504111308800547,6.628764629364014
airfoil,6,227,4.648317704075261,5.614168167114258
airfoil,6,228,4.4643119761818335,6.0333571434021
airfoil,6,229,4.631846289885671,5.835082530975342
airfoil,6,230,4.461084400352679,5.855642318725586
airfoil,6,231,4.6606510940350985,6.108048439025879
airfoil,6,232,4.326952476250498,6.098087787628174
airfoil,6,233,4.439413848676179,5.945641040802002
airfoil,6,234,4.189292637925399,5.908745765686035
airfoil,6,235,4.255025587583843,5.851627826690674
airfoil,6,236,4.4008345039267285,5.433419704437256
airfoil,6,237,4.4345919834940055,5.526054859161377
airfoil,6,238,4.243742346763611,5.40028190612793
airfoil,6,239,4.479426810615941,6.719748020172119
airfoil,6,240,4.546531451375861,5.274198055267334
airfoil,6,241,4.312138240588339,6.305074214935303
airfoil,6,242,4.514051459337535,6.1652727127075195
airfoil,6,243,4.119569119654204,5.426046371459961
airfoil,6,244,4.221230522582405,6.281330585479736
airfoil,6,245,4.197484505803962,5.237425804138184
airfoil,6,246,4.2548058785890275,5.825624942779541
airfoil,6,247,4.217304728533092,5.43989896774292
airfoil,6,248,4.334101708311784,5.526069164276123
airfoil,6,249,4.295306180652819,5.291321754455566
airfoil,6,250,4.213166032966814,5.192492485046387
airfoil,6,251,3.98349204188899,5.596317768096924
airfoil,6,252,4.045892546051427,5.4761643409729
airfoil,6,253,4.028898276780781,5.375392436981201
airfoil,6,254,3.8862290005934867,5.9654412269592285
airfoil,6,255,4.350680238322208,6.203143119812012
airfoil,6,256,3.9671734696940373,5.073814392089844
airfoil,6,257,3.9965500329670154,5.526317596435547
airfoil,6,258,4.231992934879504,5.760326385498047
airfoil,6,259,4.121165030880978,6.484103679656982
airfoil,6,260,4.103058959308424,5.060046195983887
airfoil,6,261,3.855710340173621,5.191486358642578
airfoil,6,262,3.9890688845985816,5.3333539962768555
airfoil,6,263,4.352880120277405,6.490719318389893
airfoil,6,264,4.147123606581437,5.569229602813721
airfoil,6,265,3.893033959363636,4.992490291595459
airfoil,6,266,3.757919298975091,4.868502140045166
airfoil,6,267,4.029254596484335,5.650872230529785
airfoil,6,268,4.6992819873910205,5.151510238647461
airfoil,6,269,4.024854980017009,5.259558200836182
airfoil,6,270,3.904204770138389,5.172099590301514
airfoil,6,271,3.791467779561093,4.980215072631836
airfoil,6,272,3.8139944515730204,5.176246643066406
airfoil,6,273,3.8270480601411117,4.966301441192627
airfoil,6,274,4.037779259054284,5.359318733215332
airfoil,6,275,4.089809461643822,5.001837730407715
airfoil,6,276,3.8652777169880115,5.145786762237549
airfoil,6,277,3.839133984164188,5.53202486038208
airfoil,6,278,3.8337224094491256,5.268356800079346
airfoil,6,279,3.786556043122944,4.806175708770752
airfoil,6,280,4.006790349358006,4.831367015838623
airfoil,6,281,3.7999497495199503,4.771016597747803
airfoil,6,282,3.764714037117205,4.8186140060424805
airfoil,6,283,3.6588899963780452,4.970362186431885
airfoil,6,284,3.912073486729672,4.956907749176025
airfoil,6,285,3.8647685992090324,4.980861663818359
airfoil,6,286,3.7909946065200004,5.006297588348389
airfoil,6,287,3.671927775207319,5.429460525512695
airfoil,6,288,3.696858048439026,4.763124942779541
airfoil,6,289,3.692401763639952,4.866665840148926
airfoil,6,290,3.6240933474741484,4.825310230255127
airfoil,6,291,3.913998528530723,5.204739570617676
airfoil,6,292,3.8765256342134977,4.89016056060791
airfoil,6,293,3.678681599466424,4.873859405517578
airfoil,6,294,3.5714461677952816,4.955984115600586
airfoil,6,295,3.6660130400406685,4.618198871612549
airfoil,6,296,3.6744442927209953,5.080780982971191
airfoil,6,297,4.106359130457828,5.081630229949951
airfoil,6,298,3.9576687310871326,5.043429374694824
airfoil,6,299,3.629607203759645,4.701954364776611
airfoil,6,300,3.6601111700660303,4.950947284698486
airfoil,6,301,3.6544610167804517,4.665542125701904
airfoil,6,302,3.5625669297419096,4.769874095916748
airfoil,6,303,3.60533564969113,5.146739959716797
airfoil,6,304,3.534110659047177,4.826108455657959
airfoil,6,305,3.669911845734245,4.763645648956299
airfoil,6,306,3.642745043102064,4.730240821838379
airfoil,6,307,3.8380776392786125,4.995260715484619
airfoil,6,308,3.571963335338392,5.303324222564697
airfoil,6,309,3.585494345740268,4.6350250244140625
airfoil,6,310,3.6696178693520394,5.557640075683594
airfoil,6,311,3.8402336490781686,5.440938472747803
airfoil,6,312,3.732481382395092,5.207447052001953
airfoil,6,313,3.532678949205499,5.028949737548828
airfoil,6,314,3.821426793148643,4.950097560882568
airfoil,6,315,3.5242746629213033,4.687727928161621
airfoil,6,316,3.5753300817389237,4.936500549316406
airfoil,6,317,3.5818911884960376,4.642744064331055
airfoil,6,318,3.717281394883206,4.496224880218506
airfoil,6,319,3.604007915446633,5.07765007019043
airfoil,6,320,3.974982227149763,5.2279372215271
airfoil,6,321,3.578443800148211,4.694780349731445
airfoil,6,322,3.2970820853584693,4.6391448974609375
airfoil,6,323,3.831981558548777,5.034600257873535
airfoil,6,324,3.512118226603458,4.781434535980225
airfoil,6,325,3.6463772654533386,4.463316917419434
airfoil,6,326,3.3397888478479887,4.721219062805176
airfoil,6,327,3.383313411160519,4.5995097160339355
airfoil,6,328,3.3600395761038127,4.586647987365723
airfoil,6,329,3.430104716827995,4.763879776000977
airfoil,6,330,3.2552847360309802,4.497407913208008
airfoil,6,331,3.4153352411169755,4.631984233856201
airfoil,6,332,3.3365202828457483,4.658544063568115
airfoil,6,333,3.2594332914603386,4.983500957489014
airfoil,6,334,3.387867830301586,4.464590072631836
airfoil,6,335,3.4792705742936385,4.694631576538086
airfoil,6,336,3.2458810084744503,5.907436847686768
airfoil,6,337,3.4916016145756372,4.7894673347473145
airfoil,6,338,3.443330444787678,4.407946586608887
airfoil,6,339,3.287502131964031,4.451296806335449
airfoil,6,340,3.4442493319511414,4.660213947296143
airfoil,6,341,3.4917881300574853,5.296699047088623
airfoil,6,342,3.5592365296263444,4.947747707366943
airfoil,6,343,3.5704148694088587,5.450557708740234
airfoil,6,344,3.4552747011184692,4.578801155090332
airfoil,6,345,3.5306518768009387,4.868878364562988
airfoil,6,346,3.52738871072468,4.751101970672607
airfoil,6,347,3.662993355801231,5.3468499183654785
airfoil,6,348,3.2171418698210466,4.279625415802002
airfoil,6,349,3.2778202232561613,4.71204137802124
airfoil,6,350,3.664352595806122,4.6431732177734375
airfoil,6,351,3.4319498382116618,4.695643424987793
airfoil,6,352,3.2378211648840654,4.6522698402404785
airfoil,6,353,3.218916168338374,4.480790138244629
airfoil,6,354,3.7320417918657003,5.126518726348877
airfoil,6,355,3.2660048258932015,4.528908729553223
airfoil,6,356,3.16790225003895,4.6959123611450195
airfoil,6,357,3.2605563464917635,4.867676734924316
airfoil,6,358,3.288511423688186,4.423233985900879
airfoil,6,359,3.1117625863928544,4.400001049041748
airfoil,6,360,3.1000975527261434,4.450841903686523
airfoil,6,361,3.2201869519133317,4.779114723205566
airfoil,6,362,3.1484279444343164,4.6135149002075195
airfoil,6,363,3.2659220256303487,4.448527812957764
airfoil,6,364,3.091775853382914,4.203845977783203
airfoil,6,365,3.4569350386920727,5.0897440910339355
airfoil,6,366,3.636587290387405,4.901617527008057
airfoil,6,367,3.7049288028164913,4.907759666442871
airfoil,6,368,3.2209798662286055,4.342469215393066
airfoil,6,369,3.306838184595108,4.400258541107178
airfoil,6,370,3.1869119092037805,4.464029788970947
airfoil,6,371,3.198828913663563,4.816126346588135
airfoil,6,372,3.2251685795031095,4.342257022857666
airfoil,6,373,3.047734978951906,4.2757768630981445
airfoil,6,374,3.1901152604504635,4.9170684814453125
airfoil,6,375,3.238331342998304,4.397609233856201
airfoil,6,376,3.1646313792780827,4.348534107208252
airfoil,6,377,3.343987320598803,4.205670356750488
airfoil,6,378,3.331491495433607,4.500647068023682
airfoil,6,379,3.183633951764358,4.077206134796143
airfoil,6,380,3.156545855497059,4.270934104919434
airfoil,6,381,3.1577519241132235,4.73440408706665
airfoil,6,382,3.431569733117756,4.387030601501465
airfoil,6,383,3.2314890748576115,4.458724498748779
airfoil,6,384,3.478367008660969,4.197533130645752
airfoil,6,385,3.243035592530903,5.072032928466797
airfoil,6,386,3.3763742446899414,4.320523262023926
airfoil,6,387,3.18903469725659,4.5812177658081055
airfoil,6,388,3.173621011407752,4.424203872680664
airfoil,6,389,3.018042925157045,4.356601238250732
airfoil,6,390,3.1594218517604626,4.509364128112793
airfoil,6,391,3.0814774224632666,4.248472690582275
airfoil,6,392,3.0917513150917855,4.605310916900635
airfoil,6,393,3.1305016561558374,4.300994873046875
airfoil,6,394,2.9906857076444124,4.3595147132873535
airfoil,6,395,2.9442120068951656,4.1309404373168945
airfoil,6,396,3.0376549990553605,4.266127109527588
airfoil,6,397,3.0624284242328845,4.263857364654541
airfoil,6,398,3.2324210970025313,4.239396095275879
airfoil,6,399,2.991072639038688,4.285654067993164
airfoil,6,400,2.990913190339741,4.485626697540283
airfoil,6,401,3.058109236390967,4.322902202606201
airfoil,6,402,3.263446155347322,3.9906249046325684
airfoil,6,403,3.0748641679161475,4.334679126739502
airfoil,6,404,3.2347707089624906,4.557400703430176
airfoil,6,405,3.1962654559235824,4.2603373527526855
airfoil,6,406,3.064654745553669,4.39980411529541
airfoil,6,407,3.0231105873459265,4.1802449226379395
airfoil,6,408,3.3054199501087793,4.088308811187744
airfoil,6,409,3.0663508302287052,4.08915901184082
airfoil,6,410,2.969507229955573,4.268154144287109
airfoil,6,411,3.0411761481510964,4.279764175415039
airfoil,6,412,3.042349736941488,4.000136375427246
airfoil,6,413,2.8639366313030847,4.184871196746826
airfoil,6,414,2.9416264185779974,4.642510414123535
airfoil,6,415,3.0759726292208622,4.347631931304932
airfoil,6,416,2.953760178465592,4.047522068023682
airfoil,6,417,2.8390292807629236,4.291000843048096
airfoil,6,418,3.222732647469169,4.362593650817871
airfoil,6,419,2.9642748769960905,4.0320868492126465
airfoil,6,420,3.3316048415083634,4.2043046951293945
airfoil,6,421,2.9543795428777995,5.162296772003174
airfoil,6,422,3.15143451878899,4.135666370391846
airfoil,6,423,2.860011919548637,3.9223344326019287
airfoil,6,424,2.9786164666477,4.420058727264404
airfoil,6,425,3.104204751943287,4.114304542541504
airfoil,6,426,3.0281925044561686,4.168083667755127
airfoil,6,427,2.9569637995017204,4.072361469268799
airfoil,6,428,2.899074145053562,4.3478546142578125
airfoil,6,429,3.084058899628489,4.299472332000732
airfoil,6,430,2.880992980379807,4.097511291503906
airfoil,6,431,2.988067454413364,4.196048259735107
airfoil,6,432,2.7805590660948503,4.002545356750488
airfoil,6,433,2.9267572070422925,4.587889671325684
airfoil,6,434,2.802910218113347,4.173099994659424
airfoil,6,435,2.8164841532707214,4.379846096038818
airfoil,6,436,2.9685485770827844,4.5255584716796875
airfoil,6,437,3.092589011317805,4.254750728607178
airfoil,6,438,3.009887811384703,4.083436489105225
airfoil,6,439,2.951686896775898,4.219350814819336
airfoil,6,440,2.905993728261245,4.23917293548584
airfoil,6,441,3.022899593177595,3.931156873703003
airfoil,6,442,2.810019872690502,4.465920448303223
airfoil,6,443,2.8162951061600134,4.1214599609375
airfoil,6,444,2.9690239805924263,4.433447360992432
airfoil,6,445,3.173702525465112,4.144715785980225
airfoil,6,446,2.961922896535773,3.984449863433838
airfoil,6,447,2.9311597629597315,4.13320779800415
airfoil,6,448,2.90379473096446,4.001929759979248
airfoil,6,449,2.810499536363702,3.955329656600952
airfoil,6,450,2.829842103155036,3.930257558822632
airfoil,6,451,2.758056904140272,4.054103851318359
airfoil,6,452,2.757438140480142,3.8776485919952393
airfoil,6,453,2.7603798728240165,4.2329230308532715
airfoil,6,454,2.960975612464704,3.9207699298858643
airfoil,6,455,2.8839562848994604,3.9046952724456787
airfoil,6,456,2.7046183724152413,3.9050769805908203
airfoil,6,457,2.8361887806340267,4.201414585113525
airfoil,6,458,2.801063556420176,4.417137145996094
airfoil,6,459,2.807275696804649,3.9849307537078857
airfoil,6,460,2.6913334633174695,3.8915958404541016
airfoil,6,461,2.767227968103007,3.8490853309631348
airfoil,6,462,2.7884773078717684,3.79903244972229
airfoil,6,463,2.823556131438205,4.2365875244140625
airfoil,6,464,2.9588593464148674,3.9604055881500244
airfoil,6,465,2.9546872502879094,4.047080993652344
airfoil,6,466,2.9800105345876595,4.029592990875244
airfoil,6,467,2.6759340951317236,4.607441425323486
airfoil,6,468,2.724192992637032,3.793102979660034
airfoil,6,469,2.7838366125759326,3.755026340484619
airfoil,6,470,2.7262763506487797,3.7741622924804688
airfoil,6,471,2.5681094621357166,3.8638603687286377
airfoil,6,472,2.6866809192456698,4.176097869873047
airfoil,6,473,2.725743968235819,3.9452881813049316
airfoil,6,474,2.7369092498954974,5.167357444763184
airfoil,6,475,3.044141063564702,3.9706661701202393
airfoil,6,476,2.6762995594426204,4.27687406539917
airfoil,6,477,2.8935472777015283,4.401972770690918
airfoil,6,478,2.701178324849982,4.024964332580566
airfoil,6,479,2.7291310868765177,3.9914286136627197
airfoil,6,480,2.790060200189289,3.868690252304077
airfoil,6,481,2.956555071629976,3.991375207901001
airfoil,6,482,2.552901951890243,3.8479902744293213
airfoil,6,483,2.6663555251924613,4.005287170410156
airfoil,6,484,2.702184557914734,4.380128383636475
airfoil,6,485,2.7155600880321704,4.268935203552246
airfoil,6,486,2.5364395066311487,3.971571922302246
airfoil,6,487,2.611976419624529,3.9531238079071045
airfoil,6,488,2.731052041053772,3.915408134460449
airfoil,6,489,2.7199331772954842,3.8478844165802
airfoil,6,490,2.876260164536928,5.145681381225586
airfoil,6,491,2.8191531175061275,4.287965297698975
airfoil,6,492,2.907913170362774,4.552760124206543
airfoil,6,493,2.75922659823769,4.085694313049316
airfoil,6,494,2.7320180629429065,3.808055877685547
airfoil,6,495,2.556819288354171,3.959871530532837
airfoil,6,496,2.7992542887988843,3.983149528503418
airfoil,6,497,2.6533157041198328,4.013457775115967
airfoil,6,498,2.5995246830739474,3.7926394939422607
airfoil,6,499,2.5763752240883675,3.823974609375
airfoil,6,500,2.4782008811047205,3.9636242389678955
airfoil,6,501,2.64480459690094,3.916541814804077
airfoil,6,502,2.6403598848142122,3.836308479309082
airfoil,6,503,2.5120382936377275,3.821309804916382
airfoil,6,504,2.6204697364255,3.9478073120117188
airfoil,6,505,2.8415517305072986,4.267551898956299
airfoil,6,506,2.6806951855358325,3.9633519649505615
airfoil,6,507,2.672877023094579,3.9237606525421143
airfoil,6,508,2.42737266891881,4.298810005187988
airfoil,6,509,2.778628154804832,4.3702569007873535
airfoil,6,510,2.6577737362761247,3.982150077819824
airfoil,6,511,2.6041259640141536,3.906864881515503
airfoil,6,512,2.9810788882406136,3.983799934387207
airfoil,6,513,2.6333954836192883,3.8245482444763184
airfoil,6,514,2.4810461762704348,4.5366621017456055
airfoil,6,515,2.891385743492528,4.521673679351807
airfoil,6,516,3.1642380858722485,4.6250386238098145
airfoil,6,517,3.4193396285960547,4.998746871948242
airfoil,6,518,2.5863019322094165,4.108527660369873
airfoil,6,519,2.649400102464776,3.899200916290283
airfoil,6,520,2.484299518560108,3.9973373413085938
airfoil,6,521,2.655536224967555,3.831531286239624
airfoil,6,522,2.701314667337819,3.834136962890625
airfoil,6,523,2.501703152531072,3.703392744064331
airfoil,6,524,2.543832135827918,4.002150058746338
airfoil,6,525,2.7048002512831437,3.8578720092773438
airfoil,6,526,2.5397057846972815,3.6894192695617676
airfoil,6,527,2.458182074521717,3.823834180831909
airfoil,6,528,2.4515424809957804,4.035462379455566
airfoil,6,529,2.560320960847955,4.004936695098877
airfoil,6,530,2.508604332020408,3.8779170513153076
airfoil,6,531,2.5616699174830786,3.7833309173583984
airfoil,6,532,2.570647079693644,3.672612190246582
airfoil,6,533,2.473008155822754,4.3143792152404785
airfoil,6,534,2.5029677529084053,4.0881547927856445
airfoil,6,535,2.6363736485180103,4.064457416534424
airfoil,6,536,2.449535962782408,4.201882362365723
airfoil,6,537,2.403622790386802,3.895958662033081
airfoil,6,538,2.547815813830024,3.8585615158081055
airfoil,6,539,2.686723414220308,4.700050354003906
airfoil,6,540,2.746153191516274,3.8545007705688477
airfoil,6,541,2.7264537842650163,4.46843147277832
airfoil,6,542,2.5473016845552543,4.131324768066406
airfoil,6,543,2.501631868513007,4.4128007888793945
airfoil,6,544,2.4639432994942916,3.868152618408203
airfoil,6,545,2.48072780433454,3.6474881172180176
airfoil,6,546,2.365033341081519,3.744243860244751
airfoil,6,547,2.6203462261902657,4.746730804443359
airfoil,6,548,2.5489841668229354,3.6545376777648926
airfoil,6,549,2.530790328979492,4.016848087310791
airfoil,6,550,2.4800934038664164,3.649790048599243
airfoil,6,551,2.463905759547886,3.9012582302093506
airfoil,6,552,2.4374713991817676,3.65891432762146
airfoil,6,553,2.3769366992147347,3.7148385047912598
airfoil,6,554,2.453530779010371,3.8042290210723877
airfoil,6,555,2.5870673656463623,3.8038129806518555
airfoil,6,556,2.622405983899769,4.387447834014893
airfoil,6,557,2.603260198706075,3.7175891399383545
airfoil,6,558,2.3974491577399406,3.6566057205200195
airfoil,6,559,2.4228558791311166,3.8310205936431885
airfoil,6,560,2.618265007671557,3.656081438064575
airfoil,6,561,2.4111916658125425,3.988877296447754
airfoil,6,562,2.343912505789807,4.084388256072998
airfoil,6,563,2.5386286252423336,3.8102450370788574
airfoil,6,564,2.4226031868081344,3.773541212081909
airfoil,6,565,2.4762336015701294,4.129409313201904
airfoil,6,566,2.319159275607059,3.6619458198547363
airfoil,6,567,2.592340532102083,3.7725670337677
airfoil,6,568,2.5069704510663686,3.578408718109131
airfoil,6,569,2.897046678944638,3.6781535148620605
airfoil,6,570,2.450111837763535,3.8132433891296387
airfoil,6,571,2.520568270432322,3.781680107116699
airfoil,6,572,2.4289166425403796,3.807982921600342
airfoil,6,573,2.522606650465413,3.771803855895996
airfoil,6,574,2.4073182187582316,4.1340556144714355
airfoil,6,575,2.472706581416883,3.7902560234069824
airfoil,6,576,2.4836785354112325,3.9586286544799805
airfoil,6,577,2.4844827181414555,4.084840774536133
airfoil,6,578,2.69160679139589,3.6830742359161377
airfoil,6,579,2.3396517853987846,3.8558521270751953
airfoil,6,580,2.500328120432402,3.840167284011841
airfoil,6,581,2.589006731384679,4.043328762054443
airfoil,6,582,2.5232372472160742,4.018733978271484
airfoil,6,583,2.3376384001029167,4.213421821594238
airfoil,6,584,2.4422019500481453,3.792142391204834
airfoil,6,585,2.3257870234941183,3.6526379585266113
airfoil,6,586,2.3872685338321484,3.516144275665283
airfoil,6,587,2.417566092390763,3.607403039932251
airfoil,6,588,2.5868807591890035,3.9962451457977295
airfoil,6,589,2.445545974530672,3.558566093444824
airfoil,6,590,2.611108074062749,4.075380325317383
airfoil,6,591,2.582467047791732,3.783228874206543
airfoil,6,592,2.3822212438834343,3.845726728439331
airfoil,6,593,2.6003483847567908,3.6167166233062744
airfoil,6,594,2.3517868581571078,3.6549441814422607
airfoil,6,595,2.358492192469145,3.862346887588501
airfoil,6,596,2.39245783655267,3.608896017074585
airfoil,6,597,2.5241032744708813,4.183182239532471
airfoil,6,598,2.6978242930613066,3.9074130058288574
airfoil,6,599,2.4406068262300993,4.064053535461426
airfoil,6,600,2.7528948815245378,4.045282363891602
airfoil,6,601,2.56230366230011,3.771233320236206
airfoil,6,602,2.271569095159832,3.6992671489715576
airfoil,6,603,2.292146336091192,4.069331645965576
airfoil,6,604,2.348642531194185,3.769855260848999
airfoil,6,605,2.2900403455684057,3.481736183166504
airfoil,6,606,2.3913509641823016,3.664949893951416
airfoil,6,607,2.375813647320396,4.300240993499756
airfoil,6,608,2.3650760587893034,3.511427402496338
airfoil,6,609,2.2755805097128214,3.6838183403015137
airfoil,6,610,2.287129957424967,3.65102219581604
airfoil,6,611,2.209002683037206,3.832897186279297
airfoil,6,612,2.2707264642966423,3.9262454509735107
airfoil,6,613,2.314284490911584,3.9682910442352295
airfoil,6,614,2.4005120741693595,3.8803038597106934
airfoil,6,615,2.5696959715140495,4.102684497833252
airfoil,6,616,2.5939270352062427,3.928584337234497
airfoil,6,617,2.3690365741127417,3.840096950531006
airfoil,6,618,2.57026964112332,3.687666893005371
airfoil,6,619,2.3140987314675985,3.475644588470459
airfoil,6,620,2.3538911624958643,3.8893449306488037
airfoil,6,621,2.3807965548414933,3.7014639377593994
airfoil,6,622,2.408051929975811,3.5720150470733643
airfoil,6,623,2.6616368325133073,4.322304725646973
airfoil,6,624,2.5733785535159863,3.682539939880371
airfoil,6,625,2.5216807079942605,4.1529107093811035
airfoil,6,626,2.430106652410407,4.0885748863220215
airfoil,6,627,2.464795460826472,3.7101244926452637
airfoil,6,628,2.2387092082124007,3.425244092941284
airfoil,6,629,2.288041641837672,3.482088327407837
airfoil,6,630,2.268344543482128,3.604475975036621
airfoil,6,631,2.304518273002223,3.6694953441619873
airfoil,6,632,2.248686373233795,3.3874075412750244
airfoil,6,633,2.3242251747532894,3.5282862186431885
airfoil,6,634,2.22768822782918,3.678868293762207
airfoil,6,635,2.461625133690081,3.6435720920562744
airfoil,6,636,2.428181971374311,4.174398422241211
airfoil,6,637,2.4462946198488535,3.6277971267700195
airfoil,6,638,2.155071198940277,3.504551649093628
airfoil,6,639,2.208539107912465,3.5181477069854736
airfoil,6,640,2.220378427129043,3.992866277694702
airfoil,6,641,2.343949921821293,3.5768628120422363
airfoil,6,642,2.6490997295630607,4.7797040939331055
airfoil,6,643,2.5107685264788175,3.782672643661499
airfoil,6,644,2.536672055721283,3.998105049133301
airfoil,6,645,2.461388023276078,3.760939598083496
airfoil,6,646,2.261721193790436,3.9361371994018555
airfoil,6,647,2.286977353848909,3.803943634033203
airfoil,6,648,2.249870083833996,3.6596410274505615
airfoil,6,649,2.462760417084945,3.4415156841278076
airfoil,6,650,2.240226824032633,3.7509212493896484
airfoil,6,651,2.2231945740549186,3.593919277191162
airfoil,6,652,2.318596130923221,3.635951280593872
airfoil,6,653,2.235869733910812,3.8454670906066895
airfoil,6,654,2.184823674590964,3.52311110496521
airfoil,6,655,2.404706299304962,4.198282241821289
airfoil,6,656,2.300533247621436,3.4519054889678955
airfoil,6,657,2.2123420960024784,3.9572834968566895
airfoil,6,658,2.205071270465851,3.408421277999878
airfoil,6,659,2.2403121214163932,3.662414073944092
airfoil,6,660,2.26668834529425,3.4495882987976074
airfoil,6,661,2.261301850017748,3.7584123611450195
airfoil,6,662,2.128589954815413,3.5013773441314697
airfoil,6,663,2.185600120770304,3.4445316791534424
airfoil,6,664,2.1935275322512577,4.091709613800049
airfoil,6,665,2.4750245056654276,3.544968366622925
airfoil,6,666,2.324329203680942,3.9319262504577637
airfoil,6,667,2.2834197533758065,3.5118660926818848
airfoil,6,668,2.1704116463661194,3.497014045715332
airfoil,6,669,2.301672753534819,3.790825128555298
airfoil,6,670,2.4311474624433016,3.820542097091675
airfoil,6,671,2.1942367585081803,3.4895153045654297
airfoil,6,672,2.2558299052087882,3.5453081130981445
airfoil,6,673,2.3590761987786544,3.612030029296875
airfoil,6,674,2.283742573700453,3.489363670349121
airfoil,6,675,2.3072214628520764,4.616777420043945
airfoil,6,676,2.242390064816726,3.564755916595459
airfoil,6,677,2.281284511089325,3.8797810077667236
airfoil,6,678,2.2338581116575944,3.7363483905792236
airfoil,6,679,2.272061809113151,3.416121006011963
airfoil,6,680,2.2246430484872115,4.115546226501465
airfoil,6,681,2.2421252790250277,3.6107027530670166
airfoil,6,682,2.2366786724642704,3.8865771293640137
airfoil,6,683,2.1435424497253015,3.681485176086426
airfoil,6,684,2.3036263961541024,3.5782470703125
airfoil,6,685,2.172396488879856,4.070704936981201
airfoil,6,686,2.187407101455488,3.7049999237060547
airfoil,6,687,2.0899003618641903,3.3922457695007324
airfoil,6,688,2.1921381150421344,3.5113394260406494
airfoil,6,689,2.110517586532392,3.8013484477996826
airfoil,6,690,2.6303732363801253,3.6869335174560547
airfoil,6,691,2.234775737712258,3.401183843612671
airfoil,6,692,2.239882889546846,4.315024375915527
airfoil,6,693,2.1929534046273482,3.597282648086548
airfoil,6,694,2.3018405186502555,4.186633110046387
airfoil,6,695,2.3169421459499158,3.5696861743927
airfoil,6,696,2.105824583455136,3.84564208984375
airfoil,6,697,2.5099388517831502,3.6065099239349365
airfoil,6,698,2.353720872025741,3.676525831222534
airfoil,6,699,2.5012790466609753,3.6286263465881348
airfoil,6,700,2.178149496254168,3.6178317070007324
airfoil,6,701,2.1438698674503125,3.3576035499572754
airfoil,6,702,2.0948466564479626,4.1531219482421875
airfoil,6,703,2.2368201393830147,3.4678282737731934
airfoil,6,704,2.2068654894828796,3.8943142890930176
airfoil,6,705,2.1887412447678414,3.440239667892456
airfoil,6,706,2.478993312308663,4.609157085418701
airfoil,6,707,2.4352519480805648,3.4402127265930176
airfoil,6,708,2.1860431558207463,3.3417696952819824
airfoil,6,709,2.141349798754642,3.7339746952056885
airfoil,6,710,2.1964509863602486,3.527111768722534
airfoil,6,711,2.1220840537234356,3.3581786155700684
airfoil,6,712,2.1244868667502153,3.494892120361328
airfoil,6,713,2.1880830244014136,3.3893144130706787
airfoil,6,714,2.235158721083089,3.599289655685425
airfoil,6,715,2.245090547360872,3.639354944229126
airfoil,6,716,2.1302733201729622,3.3678247928619385
airfoil,6,717,2.259459912776947,3.6100845336914062
airfoil,6,718,2.047745579167416,3.4998233318328857
airfoil,6,719,2.0376845692333423,3.7445547580718994
airfoil,6,720,2.213272264129237,3.5508077144622803
airfoil,6,721,2.127692748057215,3.653412342071533
airfoil,6,722,2.240161767131404,3.324993133544922
airfoil,6,723,2.0324596699915434,3.632357597351074
airfoil,6,724,2.1387606357273303,3.380033254623413
airfoil,6,725,2.215469076445228,3.6467936038970947
airfoil,6,726,2.051544427871704,3.397747755050659
airfoil,6,727,2.165229609138087,3.5475447177886963
airfoil,6,728,2.0714864370070005,3.6414363384246826
airfoil,6,729,2.2615612682543302,3.4425268173217773
airfoil,6,730,2.2067005006890548,3.776240348815918
airfoil,6,731,2.1917130664775244,4.036843299865723
airfoil,6,732,2.3489991269613566,3.439885139465332
airfoil,6,733,2.0752148628234863,4.04268217086792
airfoil,6,734,2.315211757233268,3.660611152648926
airfoil,6,735,2.110232826910521,3.520845890045166
airfoil,6,736,2.013667941093445,3.6477723121643066
airfoil,6,737,2.044276022597363,3.3885114192962646
airfoil,6,738,2.1929736623638556,3.7086174488067627
airfoil,6,739,2.1169170643153943,3.2603108882904053
airfoil,6,740,2.09737585720263,3.8355443477630615
airfoil,6,741,2.0481016855490837,3.4852144718170166
airfoil,6,742,1.9767942836410122,3.417524814605713
airfoil,6,743,2.1569427345928394,3.616466760635376
airfoil,6,744,2.2255140731209204,3.225295305252075
airfoil,6,745,2.0789359070752798,3.3268558979034424
airfoil,6,746,2.0995006404424967,3.866795301437378
airfoil,6,747,2.1108811466317428,3.969270944595337
airfoil,6,748,2.285976616959823,3.9223639965057373
airfoil,6,749,2.1787628939277246,3.5997228622436523
airfoil,6,750,2.1534291945005717,3.495043992996216
airfoil,6,751,2.2667732113286068,3.7883341312408447
airfoil,6,752,2.194819440967158,3.518709421157837
airfoil,6,753,2.055992675454993,3.854182243347168
airfoil,6,754,2.0610398618798507,3.634052276611328
airfoil,6,755,2.0843400782660435,3.3180859088897705
airfoil,6,756,1.9770738106024892,3.3632969856262207
airfoil,6,757,1.9733563473350124,3.38077712059021
airfoil,6,758,2.0725604327101457,3.201833486557007
airfoil,6,759,2.52040549014744,3.543666124343872
airfoil,6,760,2.133693450375607,3.5751986503601074
airfoil,6,761,2.1466021506409896,3.6052653789520264
airfoil,6,762,2.217940440303401,3.543200731277466
airfoil,6,763,2.140744802198912,3.31986927986145
airfoil,6,764,1.9701512816705202,3.4666028022766113
airfoil,6,765,2.284301164903139,3.4820520877838135
airfoil,6,766,2.143164807244351,3.3747644424438477
airfoil,6,767,2.0533490761330255,3.385476589202881
airfoil,6,768,2.0833263507014825,3.352175712585449
airfoil,6,769,2.1414460508446944,3.2916994094848633
airfoil,6,770,1.9744636416435242,3.454493761062622
airfoil,6,771,1.9693694302910252,3.460858106613159
airfoil,6,772,2.1275200185022856,3.9284183979034424
airfoil,6,773,2.116459868456188,3.4778084754943848
airfoil,6,774,2.045438134356549,3.8120651245117188
airfoil,6,775,2.0587630726789174,3.8064281940460205
airfoil,6,776,2.1046206684489,3.659069061279297
airfoil,6,777,2.0289860916765114,3.278660535812378
airfoil,6,778,1.9657986854252063,3.5361409187316895
airfoil,6,779,2.172422788645092,3.795896053314209
airfoil,6,780,2.131962340129049,3.373687267303467
airfoil,6,781,2.065218244728289,3.800316572189331
airfoil,6,782,2.2442187604151274,3.289769172668457
airfoil,6,783,1.9441644110177692,3.5577189922332764
airfoil,6,784,2.072308615634316,3.280027151107788
airfoil,6,785,2.135294942479385,3.741218328475952
airfoil,6,786,2.0613206844580803,3.6429190635681152
airfoil,6,787,2.829114416712209,3.890727996826172
airfoil,6,788,2.1576700022346094,3.3217642307281494
airfoil,6,789,2.009218753952729,3.3174831867218018
airfoil,6,790,2.03862192128834,3.3708720207214355
airfoil,6,791,2.3259708865692743,4.045777797698975
airfoil,6,792,2.156805998400638,3.499812126159668
airfoil,6,793,1.9468053704813908,3.221306085586548
airfoil,6,794,2.0802819038692273,3.97397780418396
airfoil,6,795,2.0725738625777397,3.2476911544799805
airfoil,6,796,2.0352606647893,3.4427335262298584
airfoil,6,797,1.9491127776472192,3.547015428543091
airfoil,6,798,2.1767139340701855,3.5657238960266113
airfoil,6,799,2.0743933727866724,3.649733066558838
airfoil,6,800,2.0681308978482296,3.6680591106414795
airfoil,6,801,1.9869901004590487,3.6639773845672607
airfoil,6,802,1.9990555110730623,3.747330665588379
airfoil,6,803,1.9956832214405662,3.463669538497925
airfoil,6,804,2.0360818552343467,3.680105447769165
airfoil,6,805,1.939984856467498,3.5605878829956055
airfoil,6,806,1.9960426484283649,3.672531843185425
airfoil,6,807,1.9704132738866305,3.2917439937591553
airfoil,6,808,2.070086592122128,3.2984635829925537
airfoil,6,809,1.9011021946605884,3.1782500743865967
airfoil,6,810,1.9092822906218077,3.477085828781128
airfoil,6,811,2.053256903039782,3.2110509872436523
airfoil,6,812,1.936450139472359,3.4153850078582764
airfoil,6,813,2.0702443060122038,3.1546401977539062
airfoil,6,814,2.0742794024316886,3.5337862968444824
airfoil,6,815,2.086124837398529,3.421888828277588
airfoil,6,816,2.1002771509321114,3.512213945388794
airfoil,6,817,2.251525662447277,3.453667402267456
airfoil,6,818,2.3380819433613826,3.6425085067749023
airfoil,6,819,1.8916898228620227,3.650747776031494
airfoil,6,820,1.9462278516669023,3.3492472171783447
airfoil,6,821,1.93448931919901,3.6109416484832764
airfoil,6,822,2.0718301220944055,3.2547545433044434
airfoil,6,823,2.121037411062341,3.562802314758301
airfoil,6,824,2.1066511555721887,3.704772472381592
airfoil,6,825,2.1984010621121057,3.4017772674560547
airfoil,6,826,2.1209137329929755,3.3950610160827637
airfoil,6,827,2.2939966368047813,3.5903964042663574
airfoil,6,828,2.154315653600191,3.587700128555298
airfoil,6,829,2.014121198340466,3.3478915691375732
airfoil,6,830,1.9882225849126514,3.483962297439575
airfoil,6,831,2.0026721013219735,3.3710708618164062
airfoil,6,832,2.0028361740865206,3.80000901222229
airfoil,6,833,2.1675834247940466,3.6630187034606934
airfoil,6,834,1.9065285952467668,3.335566759109497
airfoil,6,835,2.0486978935567954,3.801835536956787
airfoil,6,836,2.046354016191081,3.443523406982422
airfoil,6,837,1.9815100117733604,3.521085262298584
airfoil,6,838,1.9082960423670317,3.283277988433838
airfoil,6,839,2.117260208255366,3.3334426879882812
airfoil,6,840,2.0531323112939535,3.3567092418670654
airfoil,6,841,2.036144981258794,3.714829921722412
airfoil,6,842,2.0007158737433586,3.7748827934265137
airfoil,6,843,1.868549163404264,3.3234667778015137
airfoil,6,844,2.158289981515784,3.4623336791992188
airfoil,6,845,2.016980248062234,3.193608045578003
airfoil,6,846,1.8938060324443013,3.4676880836486816
airfoil,6,847,2.0660838202426306,3.288938522338867
airfoil,6,848,2.2207650479517484,3.37707781791687
airfoil,6,849,2.127699877086439,3.282785654067993
airfoil,6,850,2.0112132947695884,3.3480494022369385
airfoil,6,851,2.1577371656894684,3.8394031524658203
airfoil,6,852,2.198517109218397,3.494143486022949
airfoil,6,853,2.12465952258361,4.1411027908325195
airfoil,6,854,2.1451765706664636,3.37174916267395
airfoil,6,855,1.8741533866054134,3.235292673110962
airfoil,6,856,1.935614237659856,3.4358065128326416
airfoil,6,857,1.9576962401992397,3.1980912685394287
airfoil,6,858,2.0096567398623417,3.5420901775360107
airfoil,6,859,1.8816210282476324,3.1481454372406006
airfoil,6,860,1.919739255779668,3.2462360858917236
airfoil,6,861,1.8410286119109707,3.2553038597106934
airfoil,6,862,1.9287990237537183,3.8721487522125244
airfoil,6,863,1.931444862955495,3.627063512802124
airfoil,6,864,1.9531159714648598,3.729740858078003
airfoil,6,865,1.89224017450684,3.2623291015625
airfoil,6,866,1.8514758944511414,3.517834424972534
airfoil,6,867,1.9180978364066075,3.5421183109283447
airfoil,6,868,1.9422639106449329,3.221731662750244
airfoil,6,869,1.9754030829981755,3.6268346309661865
airfoil,6,870,2.137294038345939,3.3484532833099365
airfoil,6,871,1.9512960377492403,3.534073829650879
airfoil,6,872,2.0061694869869635,3.3694050312042236
airfoil,6,873,1.883134774471584,3.397489070892334
airfoil,6,874,1.8946006015727395,3.505025625228882
airfoil,6,875,2.2031143935103166,3.2912750244140625
airfoil,6,876,1.8673443825621354,3.1978001594543457
airfoil,6,877,1.8909993391287954,3.1557772159576416
airfoil,6,878,1.8035772552615719,3.2596991062164307
airfoil,6,879,1.9731668704434444,3.1867337226867676
airfoil,6,880,1.8949281479182996,3.216344118118286
airfoil,6,881,1.9492591227355756,3.286665439605713
airfoil,6,882,1.9479005462244938,3.5670645236968994
airfoil,6,883,2.0399163020284554,3.532583713531494
airfoil,6,884,1.915669503964876,3.685490369796753
airfoil,6,885,1.8371142556792812,3.2140603065490723
airfoil,6,886,2.254441007187492,3.663004159927368
airfoil,6,887,2.0753720763482546,3.471454381942749
airfoil,6,888,2.135667295832383,3.3993537425994873
airfoil,6,889,2.3402409835865625,3.7232298851013184
airfoil,6,890,2.358605921268463,3.4299392700195312
airfoil,6,891,2.057691111376411,3.798820734024048
airfoil,6,892,2.0261339592306236,3.426011085510254
airfoil,6,893,2.2424934396618292,3.7493250370025635
airfoil,6,894,1.8514625696759475,3.2197329998016357
airfoil,6,895,1.8756759731393111,3.3754920959472656
airfoil,6,896,1.913995087146759,3.7272160053253174
airfoil,6,897,2.0850776120236048,3.2588887214660645
airfoil,6,898,1.9741868768867694,3.2111942768096924
airfoil,6,899,1.911925279780438,3.1668102741241455
airfoil,6,900,1.8721128247286145,3.1773521900177
airfoil,6,901,2.0098060730256533,3.329538106918335
airfoil,6,902,1.9522876049342908,4.0894880294799805
airfoil,6,903,2.070613947353865,3.301908016204834
airfoil,6,904,2.0092853778286983,3.1697025299072266
airfoil,6,905,1.8998386075622158,3.6083719730377197
airfoil,6,906,1.9688422366192466,3.3474557399749756
airfoil,6,907,1.8687638248267926,3.1680827140808105
airfoil,6,908,1.8315918320103695,3.2496626377105713
airfoil,6,909,1.8611180217642533,3.445297956466675
airfoil,6,910,2.0450558082053534,3.415728807449341
airfoil,6,911,2.043634518196708,3.361396551132202
airfoil,6,912,2.078335018534409,3.2858004570007324
airfoil,6,913,1.8859717720433284,3.5000064373016357
airfoil,6,914,1.899850374773929,3.3698723316192627
airfoil,6,915,1.9571456517043866,3.2756693363189697
airfoil,6,916,2.1689777562492774,3.339301824569702
airfoil,6,917,1.8614566279085059,3.245239734649658
airfoil,6,918,2.0009067513440786,3.7284774780273438
airfoil,6,919,2.0914582923838965,3.427180290222168
airfoil,6,920,1.8782954106205387,3.5184004306793213
airfoil,6,921,2.0245739315685474,3.1693880558013916
airfoil,6,922,2.080465715182455,3.247267246246338
airfoil,6,923,1.9041740611979836,3.2789382934570312
airfoil,6,924,1.9253441879623814,3.5235595703125
airfoil,6,925,1.92273127405267,3.3815481662750244
airfoil,6,926,1.8567720698682886,3.450448513031006
airfoil,6,927,1.8580502961811267,3.4664132595062256
airfoil,6,928,2.195353363689623,3.2918648719787598
airfoil,6,929,2.2461729488874735,3.300328254699707
airfoil,6,930,1.9534918226693805,3.752690076828003
airfoil,6,931,1.8863653022991984,3.252561330795288
airfoil,6,932,2.0885585781775022,3.9798383712768555
airfoil,6,933,2.0339218817259135,3.195500373840332
airfoil,6,934,1.9938614901743437,3.750750780105591
airfoil,6,935,1.9199714848869724,3.1543126106262207
airfoil,6,936,1.8830505625197762,3.2160768508911133
airfoil,6,937,1.966289703783236,3.6400158405303955
airfoil,6,938,1.8769494765683223,3.8252758979797363
airfoil,6,939,1.7695396291582208,3.423016309738159
airfoil,6,940,1.8215933787195306,3.4598991870880127
airfoil,6,941,1.9123866071826534,3.4061384201049805
airfoil,6,942,2.029413254637467,3.3077163696289062
airfoil,6,943,1.776649838999698,3.179431915283203
airfoil,6,944,1.8312335626075142,3.791774034500122
airfoil,6,945,1.9564512136735415,3.553584098815918
airfoil,6,946,1.9439498719416166,4.069509983062744
airfoil,6,947,1.9457820528431942,3.413132429122925
airfoil,6,948,1.8076851289523275,3.340939521789551
airfoil,6,949,1.8561629700033289,3.7248833179473877
airfoil,6,950,1.8110497531137968,3.157902956008911
airfoil,6,951,1.9202357781560797,3.121967315673828
airfoil,6,952,1.8850376355020624,3.8533577919006348
airfoil,6,953,2.0106325039738104,3.7454166412353516
airfoil,6,954,1.916708789373699,3.3222694396972656
airfoil,6,955,1.8340426322660948,3.684328317642212
airfoil,6,956,1.8900842290175588,3.2613298892974854
airfoil,6,957,1.9969706347114162,3.505258321762085
airfoil,6,958,1.9576658481045772,3.523212194442749
airfoil,6,959,1.8011417263432552,3.1218154430389404
airfoil,6,960,1.7888949372266467,3.310332775115967
airfoil,6,961,1.856001775515707,3.1948623657226562
airfoil,6,962,1.7402876537097127,3.1996750831604004
airfoil,6,963,1.9182961802733571,3.384657382965088
airfoil,6,964,1.872822105884552,3.3880748748779297
airfoil,6,965,1.7311959909765344,3.3425495624542236
airfoil,6,966,1.7780518139663495,3.26619553565979
airfoil,6,967,1.9151784761955863,3.65852427482605
airfoil,6,968,2.023490112078817,3.6863207817077637
airfoil,6,969,1.9045647586646832,3.2113285064697266
airfoil,6,970,1.9852292474947477,3.2137064933776855
airfoil,6,971,1.8467997187062313,3.0921859741210938
airfoil,6,972,1.9134833310779773,3.132936954498291
airfoil,6,973,1.8913486662663912,3.530017137527466
airfoil,6,974,1.9361728931728162,3.3455398082733154
airfoil,6,975,2.012923587309687,3.3709447383880615
airfoil,6,976,1.8360782030381655,3.272242784500122
airfoil,6,977,1.7582690151114213,3.7634894847869873
airfoil,6,978,1.7849021616734957,3.539902448654175
airfoil,6,979,1.8354634893567938,3.502429962158203
airfoil,6,980,1.9399261600092839,4.098060131072998
airfoil,6,981,1.832017001352812,3.2134687900543213
airfoil,6,982,1.8651667770586515,3.627124547958374
airfoil,6,983,1.8902978504958905,3.4267737865448
airfoil,6,984,2.050087505265286,3.912102460861206
airfoil,6,985,1.9680296715937162,3.3127212524414062
airfoil,6,986,1.8348609569825625,3.5040621757507324
airfoil,6,987,1.876661746909744,3.771129846572876
airfoil,6,988,1.916488716476842,3.1365177631378174
airfoil,6,989,1.8338987529277802,3.2875137329101562
airfoil,6,990,1.8383881684980894,3.4641435146331787
airfoil,6,991,1.8295082606767352,3.2959773540496826
airfoil,6,992,1.9805053221551996,3.1454179286956787
airfoil,6,993,1.7931083080015684,3.1433491706848145
airfoil,6,994,1.8639565298431797,3.253796339035034
airfoil,6,995,1.7954180162203939,3.330308437347412
airfoil,6,996,1.8109152505272312,3.4670801162719727
airfoil,6,997,1.8226190240759599,3.1270904541015625
airfoil,6,998,1.8759956877482564,3.1742477416992188
airfoil,6,999,1.8194215627093064,3.684525966644287
airfoil,2,0,22.11797450718127,21.708616256713867
airfoil,2,1,20.61757682499133,20.798368453979492
airfoil,2,2,20.481577647359746,20.646434783935547
airfoil,2,3,19.71309774800351,20.087635040283203
airfoil,2,4,19.595098206871434,24.00188636779785
airfoil,2,5,20.012242706198442,19.95063591003418
airfoil,2,6,19.112521422536748,19.847572326660156
airfoil,2,7,18.531221565447357,19.45014762878418
airfoil,2,8,18.614438709459808,18.904102325439453
airfoil,2,9,18.307169726020412,18.996902465820312
airfoil,2,10,18.94671462711535,18.609054565429688
airfoil,2,11,18.210390191329154,18.679241180419922
airfoil,2,12,18.148263203470332,18.759538650512695
airfoil,2,13,17.557487788953278,18.685155868530273
airfoil,2,14,17.421812032398424,18.042701721191406
airfoil,2,15,17.998129618795293,18.16731834411621
airfoil,2,16,18.604623794555664,18.087194442749023
airfoil,2,17,16.85630612624319,17.69367027282715
airfoil,2,18,17.617529982014705,17.369792938232422
airfoil,2,19,16.938247304213675,19.00096321105957
airfoil,2,20,18.36405897140503,18.618167877197266
airfoil,2,21,17.10616542163648,17.45577621459961
airfoil,2,22,16.822839473423205,17.88861846923828
airfoil,2,23,16.33211098219219,16.605348587036133
airfoil,2,24,16.268494606018066,16.685245513916016
airfoil,2,25,15.811071144907098,16.411582946777344
airfoil,2,26,16.089970187137002,16.736299514770508
airfoil,2,27,16.377779006958008,16.120372772216797
airfoil,2,28,15.787546471545571,16.2622013092041
airfoil,2,29,15.493686926992316,15.955269813537598
airfoil,2,30,15.731478389940763,16.56581687927246
airfoil,2,31,15.685577794125205,17.394332885742188
airfoil,2,32,16.60852467386346,15.865626335144043
airfoil,2,33,15.37556431168004,15.290730476379395
airfoil,2,34,14.993572159817344,15.41711711883545
airfoil,2,35,14.804200624164782,15.404967308044434
airfoil,2,36,15.196003750750894,15.049663543701172
airfoil,2,37,14.747590893193296,15.671472549438477
airfoil,2,38,15.344122861561022,14.668595314025879
airfoil,2,39,15.14950378317582,14.764723777770996
airfoil,2,40,14.574360847473145,14.741144180297852
airfoil,2,41,14.467534303665161,14.847872734069824
airfoil,2,42,14.47830901647869,14.881199836730957
airfoil,2,43,14.24458330555966,14.138419151306152
airfoil,2,44,14.43104676823867,14.312739372253418
airfoil,2,45,14.172577230553879,14.038572311401367
airfoil,2,46,13.944930051502428,14.06160831451416
airfoil,2,47,13.914180994033813,14.095661163330078
airfoil,2,48,14.042446839182,13.578502655029297
airfoil,2,49,14.095583238099751,13.982868194580078
airfoil,2,50,13.717416048049927,13.917003631591797
airfoil,2,51,13.573255087199964,13.642412185668945
airfoil,2,52,13.734835963500174,13.572883605957031
airfoil,2,53,13.234247270383333,13.726090431213379
airfoil,2,54,13.371583298632974,14.528151512145996
airfoil,2,55,13.301666774247822,13.587017059326172
airfoil,2,56,13.323729916622764,13.01496410369873
airfoil,2,57,13.267891726995769,13.811619758605957
airfoil,2,58,13.03177011013031,13.049708366394043
airfoil,2,59,13.1128249168396,12.897343635559082
airfoil,2,60,14.111274443174663,13.64160442352295
airfoil,2,61,12.900214609346891,13.145496368408203
airfoil,2,62,12.77024981850072,12.530562400817871
airfoil,2,63,12.680138525209928,12.774445533752441
airfoil,2,64,12.809572947652716,12.865915298461914
airfoil,2,65,12.8936296764173,13.965200424194336
airfoil,2,66,12.557760527259425,12.170961380004883
airfoil,2,67,12.471984148025513,11.92825698852539
airfoil,2,68,12.23024414715014,14.247051239013672
airfoil,2,69,12.186030914908962,12.047039031982422
airfoil,2,70,12.030949015366403,11.653265953063965
airfoil,2,71,11.984831922932676,12.125686645507812
airfoil,2,72,12.019777762262445,11.596030235290527
airfoil,2,73,11.822781763578716,12.170801162719727
airfoil,2,74,12.157990342692324,11.832347869873047
airfoil,2,75,11.940150900890952,11.026819229125977
airfoil,2,76,11.758025646209717,12.603811264038086
airfoil,2,77,12.045834955416227,11.101462364196777
airfoil,2,78,11.707272479408665,10.986572265625
airfoil,2,79,11.17127934255098,11.364629745483398
airfoil,2,80,11.32096529006958,10.607869148254395
airfoil,2,81,11.19367097553454,10.555522918701172
airfoil,2,82,11.024596113907663,11.016983985900879
airfoil,2,83,11.332261574895758,10.640185356140137
airfoil,2,84,10.966670726474963,10.565115928649902
airfoil,2,85,10.598795552002755,10.621843338012695
airfoil,2,86,10.989361411646792,10.3372802734375
airfoil,2,87,10.591579123547202,10.985024452209473
airfoil,2,88,10.382965363954243,10.051161766052246
airfoil,2,89,10.644167448344984,9.691001892089844
airfoil,2,90,10.305655868429886,9.372363090515137
airfoil,2,91,10.307894782016152,11.584854125976562
airfoil,2,92,10.422535959043001,10.509763717651367
airfoil,2,93,10.22555442860252,9.67367935180664
airfoil,2,94,9.76730267625106,9.371807098388672
airfoil,2,95,9.676415455968757,9.042366027832031
airfoil,2,96,9.861388884092632,9.55199909210205
airfoil,2,97,9.786617228859349,9.488311767578125
airfoil,2,98,9.481935639130441,8.769075393676758
airfoil,2,99,9.430550286644383,8.94642162322998
airfoil,2,100,9.561740611728869,8.784839630126953
airfoil,2,101,9.617172416887785,8.793930053710938
airfoil,2,102,9.276718309051112,8.850079536437988
airfoil,2,103,9.379955222732143,9.355212211608887
airfoil,2,104,9.093086970479865,8.757287979125977
airfoil,2,105,8.84305443261799,9.372350692749023
airfoil,2,106,9.022385195681924,8.931154251098633
airfoil,2,107,9.020535632183677,8.754921913146973
airfoil,2,108,9.063466912821719,8.463424682617188
airfoil,2,109,9.05144170710915,8.36430835723877
airfoil,2,110,9.05157450625771,8.825220108032227
airfoil,2,111,9.193299193131296,9.048450469970703
airfoil,2,112,9.521521204396299,10.164173126220703
airfoil,2,113,9.178124214473524,9.559408187866211
airfoil,2,114,8.752266331722861,8.880605697631836
airfoil,2,115,8.48329926791944,9.0062837600708
airfoil,2,116,9.051566224349173,8.536108016967773
airfoil,2,117,8.671883733649002,8.936705589294434
airfoil,2,118,8.731202865901746,8.171868324279785
airfoil,2,119,8.932384453321758,11.243021011352539
airfoil,2,120,9.086383719193307,9.10285472869873
airfoil,2,121,8.537000141645732,8.267724990844727
airfoil,2,122,8.359870797709414,7.857126235961914
airfoil,2,123,8.163385190461812,7.777750492095947
airfoil,2,124,8.25749679615623,7.975345134735107
airfoil,2,125,8.281891785169902,7.8059844970703125
airfoil,2,126,8.260249301006919,8.091023445129395
airfoil,2,127,8.226212946992172,7.438130855560303
airfoil,2,128,8.079964807159023,7.666252613067627
airfoil,2,129,8.152700461839375,7.9308977127075195
airfoil,2,130,7.8556264576159025,8.343783378601074
airfoil,2,131,7.947389445806804,7.474043846130371
airfoil,2,132,8.074299272738005,7.950997829437256
airfoil,2,133,8.127737239787454,7.919631481170654
airfoil,2,134,8.178995326945657,8.377480506896973
airfoil,2,135,7.841126121972737,8.01004695892334
airfoil,2,136,7.700408778692546,8.086371421813965
airfoil,2,137,7.679823956991497,7.65292501449585
airfoil,2,138,7.964768014456096,7.873738765716553
airfoil,2,139,7.55425246765739,7.697378158569336
airfoil,2,140,7.877327818619578,8.0862398147583
airfoil,2,141,7.833188577702171,7.88136625289917
airfoil,2,142,7.589797327392979,7.319797992706299
airfoil,2,143,7.825522265936199,7.480053901672363
airfoil,2,144,7.794320144151387,7.440723419189453
airfoil,2,145,7.750865333958676,7.448327541351318
airfoil,2,146,7.4086439860494515,7.490687847137451
airfoil,2,147,7.51552048482393,7.391545295715332
airfoil,2,148,7.537889072769566,7.603078842163086
airfoil,2,149,7.559455664534318,6.957436561584473
airfoil,2,150,7.450887040088051,7.84205961227417
airfoil,2,151,7.279757581259075,7.134700298309326
airfoil,2,152,7.197028912995991,7.0869669914245605
airfoil,2,153,7.616093604188216,6.772295951843262
airfoil,2,154,7.586076786643581,7.024965763092041
airfoil,2,155,7.324289121125874,7.366734981536865
airfoil,2,156,7.602468390213816,7.169980525970459
airfoil,2,157,7.476375855897603,6.947835922241211
airfoil,2,158,7.141007749657882,7.095371246337891
airfoil,2,159,7.383725618061266,6.751315116882324
airfoil,2,160,7.2251900309010555,7.434380531311035
airfoil,2,161,6.996745661685341,7.1532063484191895
airfoil,2,162,7.081269490091424,6.542611598968506
airfoil,2,163,7.003249331524498,7.072802543640137
airfoil,2,164,7.017372495249698,7.0906243324279785
airfoil,2,165,7.09712288881603,7.307892322540283
airfoil,2,166,7.34198260307312,7.1147990226745605
airfoil,2,167,7.301127992178264,6.56867790222168
airfoil,2,168,7.105860101549249,6.735527992248535
airfoil,2,169,7.047307158771314,6.576117515563965
airfoil,2,170,7.058660482105456,7.537197113037109
airfoil,2,171,7.243389763330159,6.463503837585449
airfoil,2,172,7.196869661933498,8.514102935791016
airfoil,2,173,7.124108571755259,6.681545257568359
airfoil,2,174,6.912458156284533,6.866614818572998
airfoil,2,175,6.823125092606795,6.666672706604004
airfoil,2,176,7.078823177438033,6.847916603088379
airfoil,2,177,7.123695392357676,6.354547500610352
airfoil,2,178,6.789811811949077,6.325256824493408
airfoil,2,179,6.597658602814925,6.517265319824219
airfoil,2,180,6.7957148802907845,6.331921100616455
airfoil,2,181,6.938347176501625,6.433584690093994
airfoil,2,182,6.802083693052593,6.284512996673584
airfoil,2,183,6.566504221213491,6.436875343322754
airfoil,2,184,6.523777120991757,6.233642101287842
airfoil,2,185,6.558725225298028,6.4300618171691895
airfoil,2,186,6.464889162465146,6.329365253448486
airfoil,2,187,6.6668385079032495,6.6710686683654785
airfoil,2,188,6.439750144356175,7.174592971801758
airfoil,2,189,6.525495224877408,6.049180030822754
airfoil,2,190,6.38613121760519,6.558038711547852
airfoil,2,191,6.6927666664123535,6.7985968589782715
airfoil,2,192,7.0181444444154435,7.006911754608154
airfoil,2,193,6.400259984166999,6.165680408477783
airfoil,2,194,6.335713574760838,6.307290554046631
airfoil,2,195,6.423925531537909,6.463404655456543
airfoil,2,196,6.3717931195309285,6.464767932891846
airfoil,2,197,6.268597370699832,5.988390922546387
airfoil,2,198,6.256775636422007,6.052378177642822
airfoil,2,199,6.5249061898181315,6.324881076812744
airfoil,2,200,6.482461665806017,5.946162223815918
airfoil,2,201,6.170684268600063,6.1757283210754395
airfoil,2,202,6.307042285015709,5.863748550415039
airfoil,2,203,6.1361837198859766,5.919125556945801
airfoil,2,204,6.223676700341074,5.885706901550293
airfoil,2,205,6.227430469111392,5.922081470489502
airfoil,2,206,6.434584893678364,5.8876729011535645
airfoil,2,207,6.557501811730234,6.561628341674805
airfoil,2,208,6.311768155348928,6.000834941864014
airfoil,2,209,6.26851212978363,7.530038356781006
airfoil,2,210,6.26358173395458,5.831938743591309
airfoil,2,211,6.449256853053444,5.807762622833252
airfoil,2,212,6.639897039062099,6.4990153312683105
airfoil,2,213,6.450458934432582,5.739352226257324
airfoil,2,214,5.877008438110352,6.1634063720703125
airfoil,2,215,6.084232430709036,5.8674445152282715
airfoil,2,216,6.284763060118022,6.484513282775879
airfoil,2,217,6.086052041304739,7.387884140014648
airfoil,2,218,6.223440816527919,6.686505317687988
airfoil,2,219,5.966849167095988,6.096936225891113
airfoil,2,220,6.01264835031409,6.365882873535156
airfoil,2,221,5.787806272506714,5.970398426055908
airfoil,2,222,5.844041786695781,5.789698123931885
airfoil,2,223,6.00075089931488,5.776998519897461
airfoil,2,224,5.815291730981124,5.630399703979492
airfoil,2,225,5.735336636242113,6.551556587219238
airfoil,2,226,6.143621946635999,5.726767063140869
airfoil,2,227,5.890365908020421,5.760195255279541
airfoil,2,228,5.7323982213672835,5.583099842071533
airfoil,2,229,6.076034959993865,6.956682205200195
airfoil,2,230,6.0568642020225525,6.367908477783203
airfoil,2,231,5.960808239485088,5.800713539123535
airfoil,2,232,5.644594976776524,6.524098873138428
airfoil,2,233,5.77023606551321,5.6437482833862305
airfoil,2,234,5.72081018121619,5.853119850158691
airfoil,2,235,5.6241930974157235,5.905435562133789
airfoil,2,236,5.835720639479788,5.463315486907959
airfoil,2,237,5.781132685510736,5.62013053894043
airfoil,2,238,5.587775876647548,5.297614097595215
airfoil,2,239,5.948388425927413,6.736030578613281
airfoil,2,240,5.82282903319911,5.494709491729736
airfoil,2,241,5.474309450701663,5.545675754547119
airfoil,2,242,5.563693215972499,5.470563888549805
airfoil,2,243,5.865806033736781,5.9382829666137695
airfoil,2,244,5.472003582276796,5.719000816345215
airfoil,2,245,5.592737072392514,5.4335784912109375
airfoil,2,246,5.655924828428971,5.431234359741211
airfoil,2,247,5.6944041063911035,5.554324626922607
airfoil,2,248,5.597792223880165,5.32036018371582
airfoil,2,249,5.217679393918891,5.431782245635986
airfoil,2,250,5.427970258813155,5.410740375518799
airfoil,2,251,5.4957226201107625,5.852376937866211
airfoil,2,252,5.658461012338337,5.606822490692139
airfoil,2,253,5.383392581814213,6.033051013946533
airfoil,2,254,6.151471395241587,6.375481605529785
airfoil,2,255,5.718351715489438,5.220607280731201
airfoil,2,256,5.436984357080962,5.424120903015137
airfoil,2,257,5.454141993271677,5.708593368530273
airfoil,2,258,5.580502077152855,6.935550212860107
airfoil,2,259,5.495484345837643,5.476959705352783
airfoil,2,260,5.940264664198223,5.674217700958252
airfoil,2,261,5.621342633899889,5.2105607986450195
airfoil,2,262,5.229145420225043,5.123010158538818
airfoil,2,263,5.135196579130072,5.3993821144104
airfoil,2,264,5.249525659962704,5.261573314666748
airfoil,2,265,5.479068680813438,5.285351276397705
airfoil,2,266,5.266602208739833,5.298857688903809
airfoil,2,267,5.421245477701488,5.054450511932373
airfoil,2,268,5.202600234433224,5.1156325340271
airfoil,2,269,5.262853176970231,5.494239807128906
airfoil,2,270,5.397766345425656,5.1245036125183105
airfoil,2,271,5.118026727124264,5.140688896179199
airfoil,2,272,5.1263712268126636,5.986522197723389
airfoil,2,273,5.460078923325789,5.592111110687256
airfoil,2,274,5.594572355872707,5.262201309204102
airfoil,2,275,5.144089748984889,4.996430397033691
airfoil,2,276,5.233606093808224,5.088491439819336
airfoil,2,277,5.238870256825497,5.520946979522705
airfoil,2,278,5.364608476036473,5.1864447593688965
airfoil,2,279,5.233830382949428,5.385595321655273
airfoil,2,280,5.147016042157223,5.316887378692627
airfoil,2,281,5.249414669839959,5.070583343505859
airfoil,2,282,5.1619834586193685,5.260631561279297
airfoil,2,283,4.923859527236537,5.007271766662598
airfoil,2,284,5.1145615263989095,5.791114807128906
airfoil,2,285,5.194778592962968,5.0428924560546875
airfoil,2,286,5.048724080386915,5.253577709197998
airfoil,2,287,5.211863040924072,4.970040798187256
airfoil,2,288,5.043288431669536,5.759895324707031
airfoil,2,289,4.991329481727199,5.4265875816345215
airfoil,2,290,5.0047679449382585,5.271642684936523
airfoil,2,291,5.173669978191978,5.129305362701416
airfoil,2,292,4.91830237288224,5.075398921966553
airfoil,2,293,4.823593851767089,4.847866058349609
airfoil,2,294,4.812021650766072,4.791659355163574
airfoil,2,295,5.226881052318372,5.020184516906738
airfoil,2,296,4.907539373949954,5.617638111114502
airfoil,2,297,4.838783515127082,5.005018711090088
airfoil,2,298,4.975270986557007,5.100785732269287
airfoil,2,299,5.07786396302675,5.513833045959473
airfoil,2,300,4.749344963776438,5.213771820068359
airfoil,2,301,4.855127635755037,5.123246192932129
airfoil,2,302,4.8578403403884485,5.426229476928711
airfoil,2,303,4.787627420927349,5.222736835479736
airfoil,2,304,5.161211340050948,5.268223285675049
airfoil,2,305,4.918667730532195,5.187260150909424
airfoil,2,306,4.886145033334431,5.011998176574707
airfoil,2,307,4.735847943707516,5.138665676116943
airfoil,2,308,4.755776072803297,4.843080043792725
airfoil,2,309,4.844699213379307,5.099504470825195
airfoil,2,310,4.55311719994796,5.08487606048584
airfoil,2,311,4.712014047723067,5.1823954582214355
airfoil,2,312,5.336402610728615,4.926878929138184
airfoil,2,313,4.586717078560277,5.163271903991699
airfoil,2,314,4.587751090526581,5.1575422286987305
airfoil,2,315,4.812174712356768,5.146096706390381
airfoil,2,316,4.625197605082863,5.279255390167236
airfoil,2,317,4.601515001372287,5.560051441192627
airfoil,2,318,4.779968707185042,5.040904521942139
airfoil,2,319,4.763595919860037,4.891300201416016
airfoil,2,320,4.442909253271003,4.7614288330078125
airfoil,2,321,4.524804686245165,4.5417985916137695
airfoil,2,322,4.632511251851132,4.865556716918945
airfoil,2,323,4.547550446108768,5.108548164367676
airfoil,2,324,4.8788463410578276,4.760427951812744
airfoil,2,325,4.632572732473674,4.7717766761779785
airfoil,2,326,4.555231483359086,5.163233757019043
airfoil,2,327,4.869308584614804,4.735062122344971
airfoil,2,328,4.462585122961747,6.4967360496521
airfoil,2,329,4.720910944436726,4.830500602722168
airfoil,2,330,4.560859200201537,4.83363676071167
airfoil,2,331,4.495125638811212,4.831258296966553
airfoil,2,332,4.466366441626298,4.693036079406738
airfoil,2,333,4.456828380885877,4.480018615722656
airfoil,2,334,4.562000764043708,4.987894535064697
airfoil,2,335,4.784647006737559,4.700056076049805
airfoil,2,336,4.2920457187451815,4.71837043762207
airfoil,2,337,4.366776089919241,4.99899435043335
airfoil,2,338,4.313021920229259,4.836938381195068
airfoil,2,339,4.409837553375645,5.0937581062316895
airfoil,2,340,4.603372059370342,4.8132829666137695
airfoil,2,341,4.370577307123887,5.4774322509765625
airfoil,2,342,4.36404540036854,4.826426982879639
airfoil,2,343,4.36608518424787,4.389219284057617
airfoil,2,344,4.296787186672813,4.698897838592529
airfoil,2,345,4.312303034882796,4.983508110046387
airfoil,2,346,4.333401033752843,4.955620288848877
airfoil,2,347,4.285287408452285,4.805338382720947
airfoil,2,348,4.277180746981972,5.496799945831299
airfoil,2,349,4.280756636669762,4.590054512023926
airfoil,2,350,4.204926641363847,4.542181015014648
airfoil,2,351,4.235565496118445,5.632277011871338
airfoil,2,352,4.336115601815675,4.972629547119141
airfoil,2,353,4.679403176433162,4.706516742706299
airfoil,2,354,4.348638296127319,5.057746887207031
airfoil,2,355,4.543015323187175,4.630285263061523
airfoil,2,356,4.288312463383925,4.709171772003174
airfoil,2,357,4.591093452353227,5.4219512939453125
airfoil,2,358,4.611145869681709,4.525458812713623
airfoil,2,359,4.221570498064945,5.714961051940918
airfoil,2,360,4.409194118098209,5.547264575958252
airfoil,2,361,4.596341045279252,5.231917858123779
airfoil,2,362,4.519190342802751,4.627801895141602
airfoil,2,363,4.208872591194353,4.533308982849121
airfoil,2,364,3.9915862773594104,4.424378871917725
airfoil,2,365,4.155063133490713,5.305243492126465
airfoil,2,366,4.2423992251095015,5.17428731918335
airfoil,2,367,4.254837130245409,4.556015968322754
airfoil,2,368,4.209250324650815,4.479362964630127
airfoil,2,369,4.245520334494741,4.742864608764648
airfoil,2,370,4.513327328782332,4.536525249481201
airfoil,2,371,4.229633033275604,4.4374237060546875
airfoil,2,372,4.178686556063201,4.475226402282715
airfoil,2,373,4.236710347627339,4.454349994659424
airfoil,2,374,4.077221130069933,4.2623820304870605
airfoil,2,375,4.467527157381961,4.47159481048584
airfoil,2,376,4.3045034063489815,4.48048210144043
airfoil,2,377,4.302143485922563,4.578709602355957
airfoil,2,378,4.179173381705033,4.554347515106201
airfoil,2,379,4.09553841540688,5.007114887237549
airfoil,2,380,4.098864175771412,4.564505577087402
airfoil,2,381,4.444932463921998,4.7614665031433105
airfoil,2,382,4.201473069818396,4.339271068572998
airfoil,2,383,4.168538438646417,4.503741264343262
airfoil,2,384,3.976536452770233,4.3314690589904785
airfoil,2,385,4.258056069675245,4.794489860534668
airfoil,2,386,3.92998038467608,4.34855318069458
airfoil,2,387,4.024483953651629,4.974315166473389
airfoil,2,388,4.444748012643111,4.77012300491333
airfoil,2,389,4.12885434376566,4.382571220397949
airfoil,2,390,3.97137630299518,4.3717451095581055
airfoil,2,391,4.406755441113522,4.719574451446533
airfoil,2,392,4.075312040354076,4.835602283477783
airfoil,2,393,4.266328491662678,4.4135589599609375
airfoil,2,394,4.04133897706082,4.1865739822387695
airfoil,2,395,4.043305158615112,4.425419330596924
airfoil,2,396,4.0022999989359,4.606801509857178
airfoil,2,397,4.124140664150841,4.876340389251709
airfoil,2,398,4.151033890874762,4.455458641052246
airfoil,2,399,4.169156438425968,4.6879448890686035
airfoil,2,400,4.071218321197911,5.506701469421387
airfoil,2,401,3.99880281875008,4.270707130432129
airfoil,2,402,3.8931782998536764,4.620673656463623
airfoil,2,403,3.893206674801676,4.475725173950195
airfoil,2,404,4.0848783819299,5.132951259613037
airfoil,2,405,4.001206849750719,4.701376438140869
airfoil,2,406,3.8954394679320488,4.480887413024902
airfoil,2,407,4.060156640253569,4.422839641571045
airfoil,2,408,4.149861592995493,4.25723934173584
airfoil,2,409,4.191965275689175,4.479532241821289
airfoil,2,410,3.9997061240045646,4.47288703918457
airfoil,2,411,3.861885368824005,4.2330002784729
airfoil,2,412,3.8209663817757056,4.256800174713135
airfoil,2,413,4.137311596619456,4.924403667449951
airfoil,2,414,4.021126963590321,4.133203506469727
airfoil,2,415,4.188832759857178,4.266571521759033
airfoil,2,416,3.7389692162212573,4.546322345733643
airfoil,2,417,4.025419084649337,4.639116287231445
airfoil,2,418,3.8556624901922127,4.287237167358398
airfoil,2,419,3.8695678020778455,4.568077564239502
airfoil,2,420,3.9122706400720695,4.504617691040039
airfoil,2,421,4.449639985435887,5.2794575691223145
airfoil,2,422,4.14143327035402,5.369982719421387
airfoil,2,423,3.968083067944175,4.401188373565674
airfoil,2,424,3.8631050398475244,4.369354248046875
airfoil,2,425,3.6919528371409367,4.482958793640137
airfoil,2,426,3.966342411543194,4.337181568145752
airfoil,2,427,3.880332902858132,4.417562484741211
airfoil,2,428,3.8209510602449117,5.0069732666015625
airfoil,2,429,3.9857148935920312,4.235847473144531
airfoil,2,430,3.714583462790439,4.439863204956055
airfoil,2,431,3.695148693887811,4.181966781616211
airfoil,2,432,3.7817213315712777,4.140238285064697
airfoil,2,433,3.936454440418043,4.476348876953125
airfoil,2,434,3.932832460654409,4.1538472175598145
airfoil,2,435,3.8264670528863607,4.15225076675415
airfoil,2,436,3.930938284648092,4.299978256225586
airfoil,2,437,3.985509935178255,4.886164665222168
airfoil,2,438,4.167340077851948,4.169968605041504
airfoil,2,439,3.770586371421814,5.018261432647705
airfoil,2,440,3.9519387389484204,4.487048149108887
airfoil,2,441,4.112742000504544,4.186522960662842
airfoil,2,442,3.712670944238964,4.747860908508301
airfoil,2,443,3.7129610871013843,6.453794956207275
airfoil,2,444,4.146446739372454,4.888365268707275
airfoil,2,445,4.069959882058595,4.268449783325195
airfoil,2,446,3.760343652022512,4.115211009979248
airfoil,2,447,3.786998937004491,4.054279804229736
airfoil,2,448,3.644288724974582,4.194337368011475
airfoil,2,449,3.9317272838793302,4.911581039428711
airfoil,2,450,3.966904335900357,4.459385395050049
airfoil,2,451,3.7661727917821786,4.3210930824279785
airfoil,2,452,3.7254256982552376,4.6051740646362305
airfoil,2,453,3.719595877747787,3.978341817855835
airfoil,2,454,3.7596438056544255,4.354597091674805
airfoil,2,455,3.935243132867311,4.551443099975586
airfoil,2,456,3.8076542082585787,4.22462272644043
airfoil,2,457,3.745420029288844,4.59564733505249
airfoil,2,458,3.7498016294680143,4.470004081726074
airfoil,2,459,3.892824492956463,4.684762477874756
airfoil,2,460,3.7663088252669885,4.640401840209961
airfoil,2,461,3.8706114386257373,5.716270923614502
airfoil,2,462,4.086268054811578,4.440243244171143
airfoil,2,463,3.818225948434127,4.384084224700928
airfoil,2,464,3.6843482130452205,5.056523323059082
airfoil,2,465,4.083269043972618,4.916103839874268
airfoil,2,466,3.7288007579351725,3.987983465194702
airfoil,2,467,4.0387695274854964,4.1874003410339355
airfoil,2,468,3.6758553636701485,4.083829879760742
airfoil,2,469,3.8261064510596428,4.207360744476318
airfoil,2,470,4.0317262787567945,4.1576972007751465
airfoil,2,471,3.757280192877117,4.131025314331055
airfoil,2,472,3.9088515796159444,4.644000053405762
airfoil,2,473,4.100547931696239,4.208844184875488
airfoil,2,474,3.7479828000068665,4.350706577301025
airfoil,2,475,3.6650564796046208,4.247011184692383
airfoil,2,476,3.572636619994515,3.999768018722534
airfoil,2,477,3.605599814339688,4.0573601722717285
airfoil,2,478,3.7165243876607796,4.476095199584961
airfoil,2,479,3.6072516849166467,4.1442179679870605
airfoil,2,480,3.81819537752553,4.510577201843262
airfoil,2,481,3.8717740429075143,4.492584705352783
airfoil,2,482,3.6133414726508293,4.2129645347595215
airfoil,2,483,3.6864803182451347,4.515937805175781
airfoil,2,484,3.5161763900204708,4.097772598266602
airfoil,2,485,3.641891310089513,4.516581058502197
airfoil,2,486,3.90571255432932,4.412678241729736
airfoil,2,487,3.72665242144936,4.923197269439697
airfoil,2,488,3.9050957560539246,4.41688871383667
airfoil,2,489,3.7454578343190645,4.345997333526611
airfoil,2,490,3.602421710365697,4.272726058959961
airfoil,2,491,3.690600558331138,4.161842346191406
airfoil,2,492,3.832943015976956,4.595691204071045
airfoil,2,493,3.740002007860886,4.335096836090088
airfoil,2,494,3.622516481499923,4.711224555969238
airfoil,2,495,3.786373602716546,5.138217926025391
airfoil,2,496,3.695933683922416,4.095779895782471
airfoil,2,497,3.86094322643782,4.526242256164551
airfoil,2,498,3.563674597363723,4.099238872528076
airfoil,2,499,3.5845809171074317,4.457229137420654
airfoil,2,500,3.633980656925001,4.121192932128906
airfoil,2,501,3.663865930155704,4.183109760284424
airfoil,2,502,3.5860615247174312,4.281863212585449
airfoil,2,503,3.768615755595659,4.096122741699219
airfoil,2,504,3.557782257858076,4.019310474395752
airfoil,2,505,3.585698868099012,4.102712631225586
airfoil,2,506,3.586442247817391,4.45974588394165
airfoil,2,507,4.0051595003981335,4.029335975646973
airfoil,2,508,3.6782111745131645,4.403254985809326
airfoil,2,509,3.9080519833062826,4.2089457511901855
airfoil,2,510,3.5492688229209497,4.653567790985107
airfoil,2,511,3.8339968951124894,4.5333051681518555
airfoil,2,512,3.824039142382772,4.566333770751953
airfoil,2,513,3.743220040672704,4.067739963531494
airfoil,2,514,3.7267174030605115,4.298841953277588
airfoil,2,515,3.661368363781979,4.093805313110352
airfoil,2,516,3.5907384376776847,4.132619857788086
airfoil,2,517,3.5941936342339766,4.076955318450928
airfoil,2,518,3.551126567940963,4.354621410369873
airfoil,2,519,3.6624469349258826,4.28002405166626
airfoil,2,520,3.7204972285973397,4.190033435821533
airfoil,2,521,3.7543723834188363,4.197054386138916
airfoil,2,522,3.8680714651157984,4.186138153076172
airfoil,2,523,3.5768965388599194,4.326530933380127
airfoil,2,524,3.5622592129205404,4.230231761932373
airfoil,2,525,3.5617618058857166,4.73474645614624
airfoil,2,526,3.7997482575868307,4.3817830085754395
airfoil,2,527,3.7471753484324406,4.690942287445068
airfoil,2,528,3.533683695291218,4.459698677062988
airfoil,2,529,3.6563038073087992,3.982943534851074
airfoil,2,530,3.5532780760212948,4.466492176055908
airfoil,2,531,3.5046058454011617,4.130114555358887
airfoil,2,532,3.5713329973973726,4.222142219543457
airfoil,2,533,3.4445085431400098,4.021286487579346
airfoil,2,534,3.6702815639345268,4.257413864135742
airfoil,2,535,3.727351028668253,4.187638759613037
airfoil,2,536,3.5839505948518453,4.838425159454346
airfoil,2,537,3.560654489617599,4.280796527862549
airfoil,2,538,3.553078460065942,4.810536861419678
airfoil,2,539,3.7056343994642558,4.2822957038879395
airfoil,2,540,3.4580067960839522,3.9010839462280273
airfoil,2,541,3.497787742238296,4.103735446929932
airfoil,2,542,3.721065336152127,5.013553619384766
airfoil,2,543,3.6454946335993315,3.9386072158813477
airfoil,2,544,3.6519100226854024,3.915225028991699
airfoil,2,545,3.5848684530509147,4.930205821990967
airfoil,2,546,3.7643903054689107,4.150444507598877
airfoil,2,547,3.6099080568865727,4.337264060974121
airfoil,2,548,3.6313211792393734,3.8903658390045166
airfoil,2,549,3.536545041360353,3.861945867538452
airfoil,2,550,3.5978769126691317,4.430066108703613
airfoil,2,551,3.5686464372434115,4.101658344268799
airfoil,2,552,3.6563754897368583,5.39797830581665
airfoil,2,553,3.670858860015869,3.9972000122070312
airfoil,2,554,3.466922684719688,4.372071266174316
airfoil,2,555,3.596536215982939,4.098304271697998
airfoil,2,556,3.384781153578507,4.333006381988525
airfoil,2,557,3.540828657777686,4.185695171356201
airfoil,2,558,3.670787528941506,4.6261372566223145
airfoil,2,559,3.5555869999684786,5.355861186981201
airfoil,2,560,3.5247383682351363,4.106385707855225
airfoil,2,561,3.3913161691866422,4.578370094299316
airfoil,2,562,3.627585941239407,4.275354862213135
airfoil,2,563,3.3987990868719002,4.161034107208252
airfoil,2,564,3.304973624254528,4.021482944488525
airfoil,2,565,3.3279018872662594,4.2253499031066895
airfoil,2,566,3.4823315488664726,4.118046283721924
airfoil,2,567,3.292516168795134,4.559661865234375
airfoil,2,568,3.565269824705626,4.035881519317627
airfoil,2,569,3.4168583154678345,4.1281962394714355
airfoil,2,570,3.438213439364182,3.9746692180633545
airfoil,2,571,3.444344285287355,4.445337295532227
airfoil,2,572,3.3771836381209526,4.087728023529053
airfoil,2,573,3.464406044859635,4.146061420440674
airfoil,2,574,3.6852351803528633,4.122751235961914
airfoil,2,575,3.4526783573000053,5.42252779006958
airfoil,2,576,3.5429969618194983,4.089068412780762
airfoil,2,577,3.595484203413913,3.881119728088379
airfoil,2,578,3.561167930301867,4.418692588806152
airfoil,2,579,3.4354965467202034,4.701721668243408
airfoil,2,580,3.5636041007543864,4.185672283172607
airfoil,2,581,3.501932291608108,4.082035064697266
airfoil,2,582,3.551496204576994,4.0586981773376465
airfoil,2,583,3.452766484335849,3.946225881576538
airfoil,2,584,3.429049683244605,4.224216938018799
airfoil,2,585,3.3948279650587785,4.4105377197265625
airfoil,2,586,3.3385166243502966,3.968700647354126
airfoil,2,587,3.422582852213006,4.233243465423584
airfoil,2,588,3.8469723996363188,4.547337055206299
airfoil,2,589,3.523189968184421,4.380941390991211
airfoil,2,590,3.6333597929854142,4.033949375152588
airfoil,2,591,3.603485471323917,4.424631118774414
airfoil,2,592,3.5972159724486503,4.196382522583008
airfoil,2,593,3.3697537779808044,3.9907233715057373
airfoil,2,594,3.480494301570089,4.108060836791992
airfoil,2,595,3.3603111003574573,4.050911903381348
airfoil,2,596,3.3465789776099357,4.070705890655518
airfoil,2,597,3.51761058443471,4.845040321350098
airfoil,2,598,3.488587301028402,4.038670539855957
airfoil,2,599,3.2838330927648043,4.087073802947998
airfoil,2,600,3.4303170975885893,3.991180419921875
airfoil,2,601,3.6442851047766838,4.690664768218994
airfoil,2,602,3.445749110297153,3.947955369949341
airfoil,2,603,3.2753061401216605,4.164384365081787
airfoil,2,604,3.3018310195521305,4.038693428039551
airfoil,2,605,3.509386884538751,4.145326137542725
airfoil,2,606,3.3436427241877507,3.935645341873169
airfoil,2,607,3.453944221923226,4.164511680603027
airfoil,2,608,3.3395480168493172,4.0150628089904785
airfoil,2,609,3.4733431213780452,4.297797679901123
airfoil,2,610,3.4786309725359867,4.801662445068359
airfoil,2,611,3.497610412145916,4.466753959655762
airfoil,2,612,3.4277330574236418,4.006191253662109
airfoil,2,613,3.3056265052996183,4.203769207000732
airfoil,2,614,3.485497634661825,4.410793304443359
airfoil,2,615,3.574049140277662,4.305125713348389
airfoil,2,616,3.4909577902994657,4.048214912414551
airfoil,2,617,3.5053356540830514,4.103757381439209
airfoil,2,618,3.4557015080200997,4.226314067840576
airfoil,2,619,3.5320653037021033,4.1070966720581055
airfoil,2,620,3.422638394330677,4.3279876708984375
airfoil,2,621,3.464417128186477,4.280355930328369
airfoil,2,622,3.458409027049416,4.477923393249512
airfoil,2,623,3.3711962731261003,3.7634363174438477
airfoil,2,624,3.4063321289263273,4.25758695602417
airfoil,2,625,3.707374400214145,4.180039882659912
airfoil,2,626,3.449255494694961,4.405427932739258
airfoil,2,627,3.5048725824607048,4.172647953033447
airfoil,2,628,3.5498699577231156,4.025784492492676
airfoil,2,629,3.4753970284211007,4.309119701385498
airfoil,2,630,3.5044686229605424,4.1590142250061035
airfoil,2,631,3.3207009654296074,4.8781843185424805
airfoil,2,632,3.389010968961214,4.023492813110352
airfoil,2,633,3.3265693909243534,4.265926837921143
airfoil,2,634,3.3322169843472933,4.211517333984375
airfoil,2,635,3.534545361995697,4.228900909423828
airfoil,2,636,3.4099363182720386,4.180782318115234
airfoil,2,637,3.3604690244323328,3.820819854736328
airfoil,2,638,3.3722375882299325,3.8208279609680176
airfoil,2,639,3.5724121143943384,4.425675868988037
airfoil,2,640,3.589273264533595,4.508028030395508
airfoil,2,641,3.6133111527091577,3.9361732006073
airfoil,2,642,3.198673499257941,3.8434150218963623
airfoil,2,643,3.3550755883518018,4.309326171875
airfoil,2,644,3.616457048215364,4.347403049468994
airfoil,2,645,3.376184328606254,4.621603012084961
airfoil,2,646,3.596506859126844,4.20932149887085
airfoil,2,647,3.554425754045185,4.2554168701171875
airfoil,2,648,3.3353399791215597,4.032099723815918
airfoil,2,649,3.3546287856603922,4.301327705383301
airfoil,2,650,3.3370338207797,4.252026557922363
airfoil,2,651,3.638329145155455,4.741452693939209
airfoil,2,652,3.487331029615904,4.5523600578308105
airfoil,2,653,3.4000756928795264,3.9776864051818848
airfoil,2,654,3.225297642381568,4.381519317626953
airfoil,2,655,3.3388695591374447,3.904033899307251
airfoil,2,656,3.358118621926559,4.225374698638916
airfoil,2,657,3.5278008360611763,4.411663055419922
airfoil,2,658,3.294042113580202,4.1748127937316895
airfoil,2,659,3.504441876160471,3.840000867843628
airfoil,2,660,3.211158137572439,3.9236109256744385
airfoil,2,661,3.5077705257817318,4.2368645668029785
airfoil,2,662,3.771182976270977,4.438515663146973
airfoil,2,663,3.3456792768679167,4.023816108703613
airfoil,2,664,3.5105080353586295,4.515571117401123
airfoil,2,665,3.47026190632268,4.636995315551758
airfoil,2,666,3.4648116544673315,4.481013774871826
airfoil,2,667,3.476422940429888,5.123950958251953
airfoil,2,668,3.525847532247242,4.739383220672607
airfoil,2,669,3.385707798757051,3.8310747146606445
airfoil,2,670,3.248974106813732,4.153242588043213
airfoil,2,671,3.283001604833101,4.0378499031066895
airfoil,2,672,3.3808186430680123,3.8306729793548584
airfoil,2,673,3.3942386727584037,4.306179046630859
airfoil,2,674,3.2763417739617196,4.724849700927734
airfoil,2,675,3.3343380595508374,4.247073173522949
airfoil,2,676,3.292955175826424,3.752185106277466
airfoil,2,677,3.2333445956832483,4.201819896697998
airfoil,2,678,3.2621118583177267,3.943427324295044
airfoil,2,679,3.497019294061159,4.310372829437256
airfoil,2,680,3.6250114817368355,4.013702392578125
airfoil,2,681,3.3688465199972453,4.226284980773926
airfoil,2,682,3.14714893541838,4.270456790924072
airfoil,2,683,3.338789983799583,4.148399829864502
airfoil,2,684,3.4069309297360872,3.8421618938446045
airfoil,2,685,3.2135843948314062,3.9618513584136963
airfoil,2,686,3.586069693690852,4.5093278884887695
airfoil,2,687,3.5415523491407694,3.9474804401397705
airfoil,2,688,3.42939398476952,4.235796928405762
airfoil,2,689,3.250317793143423,4.03348970413208
airfoil,2,690,3.40089119735517,3.908874988555908
airfoil,2,691,3.2492275990937887,3.958749294281006
airfoil,2,692,3.45637982142599,4.011044979095459
airfoil,2,693,3.223498385203512,4.084208965301514
airfoil,2,694,3.243120055449636,3.9673829078674316
airfoil,2,695,3.364845046871587,3.7718734741210938
airfoil,2,696,3.2833216409934196,4.35413932800293
airfoil,2,697,3.3268075679477893,4.447991847991943
airfoil,2,698,3.6057841997397575,4.531090259552002
airfoil,2,699,3.356569098798852,4.346270561218262
airfoil,2,700,3.3880785891884253,4.089869976043701
airfoil,2,701,3.2020450171671415,4.075263500213623
airfoil,2,702,3.2270669560683403,4.051505088806152
airfoil,2,703,3.601974236337762,4.7612199783325195
airfoil,2,704,3.557777009512249,3.981208086013794
airfoil,2,705,3.284570292422646,4.10283899307251
airfoil,2,706,3.1469262556025854,3.890367031097412
airfoil,2,707,3.4099740825201335,4.011134147644043
airfoil,2,708,3.27041305680024,4.319777011871338
airfoil,2,709,3.233959972858429,4.093286037445068
airfoil,2,710,3.1397548380650973,3.9235942363739014
airfoil,2,711,3.347297464546404,4.016622543334961
airfoil,2,712,3.2989649584418848,4.102097511291504
airfoil,2,713,3.2588595151901245,4.054378032684326
airfoil,2,714,3.2185852119797156,4.013030529022217
airfoil,2,715,3.1665961742401123,3.8781144618988037
airfoil,2,716,3.235333445825075,4.347416877746582
airfoil,2,717,3.259547886095549,4.58204460144043
airfoil,2,718,3.237044886538857,3.857349395751953
airfoil,2,719,3.335855352251153,4.0147385597229
airfoil,2,720,3.2149566662938973,4.617934703826904
airfoil,2,721,3.220700828652633,4.216461658477783
airfoil,2,722,3.2417238417424654,4.098578929901123
airfoil,2,723,3.325685121511158,4.174690246582031
airfoil,2,724,3.3972334893126237,4.4573140144348145
airfoil,2,725,3.4039790065664994,4.027399063110352
airfoil,2,726,3.329753163613771,4.068727493286133
airfoil,2,727,3.2707766482704566,4.046566486358643
airfoil,2,728,3.4603548645973206,4.752740859985352
airfoil,2,729,3.418480735076101,4.091461181640625
airfoil,2,730,3.4691068028148853,4.033259868621826
airfoil,2,731,3.1932754798939356,3.978386163711548
airfoil,2,732,3.2472633562589945,4.4768967628479
airfoil,2,733,3.0955738393883956,4.2876176834106445
airfoil,2,734,3.257279496443899,3.8646798133850098
airfoil,2,735,3.3593342523825798,3.860586404800415
airfoil,2,736,3.1106724990041634,3.992556095123291
airfoil,2,737,3.1530796760006954,4.100395679473877
airfoil,2,738,3.305348493550953,4.022091865539551
airfoil,2,739,3.4116705091376054,4.223860263824463
airfoil,2,740,3.2747930476540015,5.081591606140137
airfoil,2,741,3.395526020150436,4.080455780029297
airfoil,2,742,3.1688301688746403,3.7933356761932373
airfoil,2,743,3.410496341554742,4.248375415802002
airfoil,2,744,3.2204543195272746,4.454631805419922
airfoil,2,745,3.4882285532198454,4.13295316696167
airfoil,2,746,3.718329288457569,4.7577900886535645
airfoil,2,747,3.7636842853144596,3.8419015407562256
airfoil,2,748,3.2760922846041227,3.800076961517334
airfoil,2,749,3.314482745371367,4.304319381713867
airfoil,2,750,3.364657411449834,3.850893974304199
airfoil,2,751,3.1641057416012415,4.189120292663574
airfoil,2,752,3.271197083749269,4.238137245178223
airfoil,2,753,3.432722697132512,3.947185754776001
airfoil,2,754,3.1478329520476493,3.728760242462158
airfoil,2,755,3.170655824636158,3.895557403564453
airfoil,2,756,3.1601689363780774,3.9439022541046143
airfoil,2,757,3.174214416428616,4.101644515991211
airfoil,2,758,3.227635788290124,3.949521064758301
airfoil,2,759,3.22537057337008,3.827259063720703
airfoil,2,760,3.2645753465200724,4.010800361633301
airfoil,2,761,3.2360397749825527,4.433722972869873
airfoil,2,762,3.5939639524409643,3.8420028686523438
airfoil,2,763,3.351580704513349,4.474597930908203
airfoil,2,764,3.3840616659114233,4.107183933258057
airfoil,2,765,3.200748882795635,4.053295135498047
airfoil,2,766,3.262076713536915,4.081147193908691
airfoil,2,767,3.2094309455470036,4.50663948059082
airfoil,2,768,3.2150641083717346,3.974743604660034
airfoil,2,769,3.2135085808603385,4.222317695617676
airfoil,2,770,3.1936832666397095,3.9004509449005127
airfoil,2,771,3.1805613919308313,3.9514119625091553
airfoil,2,772,3.166884234077052,4.271584987640381
airfoil,2,773,3.242187659991415,4.159128189086914
airfoil,2,774,3.2069038372290763,3.9065322875976562
airfoil,2,775,3.0308100455685665,3.8965682983398438
airfoil,2,776,3.1276494484198722,3.897183418273926
airfoil,2,777,3.127242082043698,3.831972360610962
airfoil,2,778,3.321326434612274,4.7146525382995605
airfoil,2,779,3.3196446738745036,4.048213005065918
airfoil,2,780,3.126183908236654,4.114410400390625
airfoil,2,781,3.264901427846206,3.789247989654541
airfoil,2,782,3.322201512361828,5.679661750793457
airfoil,2,783,3.3660897110637866,5.183143615722656
airfoil,2,784,3.2240627721736304,4.094537258148193
airfoil,2,785,3.1171392484715112,4.500891208648682
airfoil,2,786,3.258208061519422,3.6988048553466797
airfoil,2,787,3.0820288909109017,3.796492099761963
airfoil,2,788,3.105893495835756,3.9871859550476074
airfoil,2,789,3.1001652636026082,4.337504863739014
airfoil,2,790,3.1274379805514685,4.061558246612549
airfoil,2,791,3.209685118574845,3.743886709213257
airfoil,2,792,3.215909321057169,3.7054800987243652
airfoil,2,793,3.1970111664972807,4.069926738739014
airfoil,2,794,3.230322900571321,4.010016918182373
airfoil,2,795,3.153779563150908,3.98415207862854
airfoil,2,796,3.130375448026155,3.919259786605835
airfoil,2,797,3.170424200986561,4.1447906494140625
airfoil,2,798,3.234005670798452,3.851649522781372
airfoil,2,799,3.1574466369654,4.151626110076904
airfoil,2,800,3.2641632839253076,4.829145431518555
airfoil,2,801,3.1947090939471594,3.810762882232666
airfoil,2,802,3.116608854971434,4.610733509063721
airfoil,2,803,3.5563636359415556,4.397417068481445
airfoil,2,804,3.1652675835709823,3.808061122894287
airfoil,2,805,3.1503362247818396,3.882822275161743
airfoil,2,806,3.225614591648704,4.035722255706787
airfoil,2,807,3.1743155247286747,4.522831439971924
airfoil,2,808,3.3261110468914636,4.648446083068848
airfoil,2,809,3.0951389639001143,3.7265665531158447
airfoil,2,810,3.122488705735458,3.6878154277801514
airfoil,2,811,3.144601138014542,3.863837957382202
airfoil,2,812,3.0510069508301583,3.793987512588501
airfoil,2,813,3.436953234045129,3.8926944732666016
airfoil,2,814,3.1785359664967188,3.8818843364715576
airfoil,2,815,2.99723493111761,3.783341407775879
airfoil,2,816,3.2690967556677366,3.9918529987335205
airfoil,2,817,3.161066516449577,3.67875599861145
airfoil,2,818,3.085072084477073,4.483973979949951
airfoil,2,819,3.2632760499653064,3.8343677520751953
airfoil,2,820,3.2669595291740015,4.698460102081299
airfoil,2,821,3.2750423613347506,4.27600622177124
airfoil,2,822,3.1878482040606047,3.81954026222229
airfoil,2,823,3.239311861364465,4.1701979637146
airfoil,2,824,3.2229997107857153,3.78812575340271
airfoil,2,825,3.2714876877634147,3.859240770339966
airfoil,2,826,3.2087678125030115,3.8377513885498047
airfoil,2,827,3.0726469849285327,4.125280857086182
airfoil,2,828,3.204662147321199,3.863945245742798
airfoil,2,829,3.2170906192377995,4.465056896209717
airfoil,2,830,3.178367156731455,3.6919798851013184
airfoil,2,831,3.147653645590732,3.7291462421417236
airfoil,2,832,3.2175726451371847,3.9227287769317627
airfoil,2,833,3.122205188399867,3.9372847080230713
airfoil,2,834,3.1085038279232227,4.245419025421143
airfoil,2,835,3.369115710258484,3.969719171524048
airfoil,2,836,3.19683354465585,3.7126619815826416
airfoil,2,837,3.0312269863329435,4.056121349334717
airfoil,2,838,3.073025932437495,3.851569890975952
airfoil,2,839,3.020406920658915,3.954397678375244
airfoil,2,840,3.2226102258029736,4.036633491516113
airfoil,2,841,3.2405583011476615,3.7933521270751953
airfoil,2,842,3.1762790491706445,3.847895860671997
airfoil,2,843,3.0938627970846078,3.7312862873077393
airfoil,2,844,2.9462519570400842,3.8209762573242188
airfoil,2,845,2.9905644623856795,4.034426689147949
airfoil,2,846,3.030626168376521,3.937819719314575
airfoil,2,847,2.953073583151165,3.9905574321746826
airfoil,2,848,3.1802893030016044,4.649073600769043
airfoil,2,849,3.3125173606370626,3.756016731262207
airfoil,2,850,3.2160336437978243,5.547131538391113
airfoil,2,851,3.270160163703718,3.965273141860962
airfoil,2,852,2.9729995225605212,3.7037084102630615
airfoil,2,853,3.00046727688689,4.042008399963379
airfoil,2,854,3.102430949085637,3.8742668628692627
airfoil,2,855,3.1334482400040877,3.844266414642334
airfoil,2,856,3.0859982559555457,3.9582502841949463
airfoil,2,857,3.1129904326639677,4.121677398681641
airfoil,2,858,3.061282571993376,3.8233642578125
airfoil,2,859,3.058113430675707,3.9340221881866455
airfoil,2,860,3.2845978956473503,4.195958137512207
airfoil,2,861,3.0957809937627694,3.9109420776367188
airfoil,2,862,3.18324403386367,4.684542179107666
airfoil,2,863,3.35281292074605,4.528257369995117
airfoil,2,864,3.1556298450419775,4.892103672027588
airfoil,2,865,3.2720628914080168,4.710667133331299
airfoil,2,866,3.2849963574033034,3.793653964996338
airfoil,2,867,3.0019560487646806,3.74444580078125
airfoil,2,868,3.1980437636375427,4.048159122467041
airfoil,2,869,3.0307837254122685,4.247577667236328
airfoil,2,870,3.1951771911821867,3.606430768966675
airfoil,2,871,3.079789550680863,3.890688896179199
airfoil,2,872,3.0023693379602934,4.170811653137207
airfoil,2,873,3.050342409234298,3.6682043075561523
airfoil,2,874,3.2145302515280876,3.9467146396636963
airfoil,2,875,3.0185332768841793,3.722796678543091
airfoil,2,876,2.9186312619008516,3.9929704666137695
airfoil,2,877,2.9035817572945044,4.157682418823242
airfoil,2,878,3.041340376201429,4.060766220092773
airfoil,2,879,3.067459514266566,3.9186620712280273
airfoil,2,880,3.080422630435542,3.8566532135009766
airfoil,2,881,2.9614346278341195,3.6819067001342773
airfoil,2,882,3.105891996308377,4.179121017456055
airfoil,2,883,3.207668141314858,4.099633693695068
airfoil,2,884,3.174301715273606,4.237558364868164
airfoil,2,885,3.0354519329572978,3.5190269947052
airfoil,2,886,3.099520975037625,3.8367137908935547
airfoil,2,887,2.9893008345051815,3.8981404304504395
airfoil,2,888,3.0257927932237325,4.185629367828369
airfoil,2,889,3.1258931724648726,4.245975971221924
airfoil,2,890,3.137601789675261,3.8027920722961426
airfoil,2,891,3.1235380674663342,4.093724250793457
airfoil,2,892,3.113371259287784,3.6670515537261963
airfoil,2,893,2.892643037595247,3.6723432540893555
airfoil,2,894,3.00325313994759,3.779534101486206
airfoil,2,895,3.7507548771406474,6.957901954650879
airfoil,2,896,3.6938944898153605,3.9821455478668213
airfoil,2,897,3.0106262094096135,3.8914079666137695
airfoil,2,898,3.147977502722489,4.337131977081299
airfoil,2,899,2.924842257248728,4.274265289306641
airfoil,2,900,3.2047553501631083,3.8964555263519287
airfoil,2,901,2.9511845394184717,3.977832555770874
airfoil,2,902,2.963825285434723,3.6583919525146484
airfoil,2,903,2.8884665746437874,3.579833984375
airfoil,2,904,2.9807781859448084,3.575695276260376
airfoil,2,905,2.9494582649908567,3.776113986968994
airfoil,2,906,2.8750427302561308,3.8562211990356445
airfoil,2,907,2.918278687878659,3.6148507595062256
airfoil,2,908,3.0772712795357955,4.253244400024414
airfoil,2,909,3.1496490491063973,3.855351448059082
airfoil,2,910,2.8193529530575403,3.726180076599121
airfoil,2,911,2.9475800677349695,3.9170634746551514
airfoil,2,912,2.9086497300549556,3.840449571609497
airfoil,2,913,2.9125587124573555,3.878995656967163
airfoil,2,914,3.0223783536961206,3.9937548637390137
airfoil,2,915,3.0070951643743014,3.6781249046325684
airfoil,2,916,2.95657573875628,4.038620948791504
airfoil,2,917,3.261842370033264,4.62129020690918
airfoil,2,918,2.9825811637075326,3.735346794128418
airfoil,2,919,3.2339774934869063,3.852292537689209
airfoil,2,920,3.0796652467627275,4.289453029632568
airfoil,2,921,2.9198034468450045,3.885946750640869
airfoil,2,922,3.017699203993145,4.141079902648926
airfoil,2,923,3.0050853851594423,3.9534859657287598
airfoil,2,924,2.941386028339988,3.8266947269439697
airfoil,2,925,2.9803352763778284,4.2267680168151855
airfoil,2,926,2.9682965968784534,3.7763924598693848
airfoil,2,927,2.983607009837502,4.1753716468811035
airfoil,2,928,2.8338070919639184,4.193434238433838
airfoil,2,929,2.94647122684278,4.025777816772461
airfoil,2,930,3.0020216891640112,4.033304214477539
airfoil,2,931,3.0776520936112655,3.985576629638672
airfoil,2,932,3.2532123923301697,4.874340057373047
airfoil,2,933,3.1325626718370536,3.99348521232605
airfoil,2,934,2.8777009499700448,3.7586934566497803
airfoil,2,935,2.9600592255592346,3.6380045413970947
airfoil,2,936,2.9653953313827515,3.7265992164611816
airfoil,2,937,2.840051167889645,4.262403964996338
airfoil,2,938,2.9244665064309774,4.008886337280273
airfoil,2,939,2.8605049315251803,3.670290231704712
airfoil,2,940,2.841003681484022,4.932072162628174
airfoil,2,941,3.2048867156631067,3.8455069065093994
airfoil,2,942,3.0093784018566736,3.620790719985962
airfoil,2,943,3.0361438393592834,3.636197805404663
airfoil,2,944,2.853554772703271,4.068767070770264
airfoil,2,945,2.918151927621741,4.092526435852051
airfoil,2,946,2.9093401933971204,4.233327865600586
airfoil,2,947,2.8786427064945825,4.268887996673584
airfoil,2,948,3.1817416297762016,3.826820135116577
airfoil,2,949,2.8309157710326347,3.8744914531707764
airfoil,2,950,2.9850014730503687,3.804917335510254
airfoil,2,951,3.0200893878936768,3.639674186706543
airfoil,2,952,3.0366955462254976,3.756161689758301
airfoil,2,953,2.9939137195286,4.223959445953369
airfoil,2,954,3.043056497448369,3.7743051052093506
airfoil,2,955,3.067278736516049,3.9348413944244385
airfoil,2,956,2.8206272972257516,3.6611433029174805
airfoil,2,957,2.8882257405080294,4.340917110443115
airfoil,2,958,3.053837682071485,3.797915458679199
airfoil,2,959,2.879128547091233,3.6363892555236816
airfoil,2,960,3.1076851675384924,3.7922115325927734
airfoil,2,961,3.1937435896773088,3.977508544921875
airfoil,2,962,2.8971340530797054,4.067476272583008
airfoil,2,963,2.8824382267500224,3.944525957107544
airfoil,2,964,2.9827477084962943,3.7681071758270264
airfoil,2,965,2.7798333105288053,4.203330993652344
airfoil,2,966,2.88513539966784,3.790158748626709
airfoil,2,967,3.200058278284575,4.187899589538574
airfoil,2,968,3.0609231842191598,4.0542707443237305
airfoil,2,969,2.883726797605816,3.6100053787231445
airfoil,2,970,2.780518149074755,3.683537483215332
airfoil,2,971,2.7783465605033073,3.812206506729126
airfoil,2,972,2.7808327957203516,4.046326160430908
airfoil,2,973,2.8304239887940255,4.066235542297363
airfoil,2,974,3.0213280382909273,3.956228733062744
airfoil,2,975,3.0000064623983285,4.2569193840026855
airfoil,2,976,2.823722055083827,3.8184382915496826
airfoil,2,977,2.932776667569813,4.149772644042969
airfoil,2,978,2.9006207287311554,4.113160610198975
airfoil,2,979,3.1189004496524206,3.6627190113067627
airfoil,2,980,2.831935465335846,3.6120760440826416
airfoil,2,981,2.9715560266846106,3.8852550983428955
airfoil,2,982,2.841348968054119,4.0430779457092285
airfoil,2,983,2.9071238323261865,3.636977195739746
airfoil,2,984,2.7789723182979382,4.046332836151123
airfoil,2,985,2.9098525768832157,4.187454700469971
airfoil,2,986,3.1273720829110396,4.6198248863220215
airfoil,2,987,3.001221797968212,5.112142086029053
airfoil,2,988,3.09466216438695,4.010573863983154
airfoil,2,989,2.775447108243641,4.021976470947266
airfoil,2,990,2.812931280387075,4.431958198547363
airfoil,2,991,3.0206523286668876,5.130939960479736
airfoil,2,992,2.9910023494770654,3.7699286937713623
airfoil,2,993,2.8366472877954183,3.9298739433288574
airfoil,2,994,3.0137650339226973,4.154078960418701
airfoil,2,995,2.9759613212786222,3.6898434162139893
airfoil,2,996,2.8432844845872176,4.111598014831543
airfoil,2,997,2.8509026373687543,3.821824073791504
airfoil,2,998,2.9501475158490633,3.693876028060913
airfoil,2,999,2.8108717736444975,3.9605443477630615
airfoil,9,0,20.650302861866198,22.00318145751953
airfoil,9,1,20.439257797441986,22.571496963500977
airfoil,9,2,19.928969207562897,21.555084228515625
airfoil,9,3,19.616973375019274,20.826980590820312
airfoil,9,4,20.20210469396491,22.65399169921875
airfoil,9,5,19.75377042669999,21.425683975219727
airfoil,9,6,19.505497982627467,20.611709594726562
airfoil,9,7,19.45225396909212,20.51950454711914
airfoil,9,8,18.432765132502507,20.465898513793945
airfoil,9,9,18.869005629890843,24.18608283996582
airfoil,9,10,19.012418972818477,20.003520965576172
airfoil,9,11,18.501810500496312,22.277345657348633
airfoil,9,12,18.19488941995721,19.497377395629883
airfoil,9,13,17.966355499468353,19.829578399658203
airfoil,9,14,18.272014567726536,20.00043487548828
airfoil,9,15,17.739577770233154,19.55232810974121
airfoil,9,16,17.829909525419538,19.447893142700195
airfoil,9,17,17.79824477747867,19.052139282226562
airfoil,9,18,17.627384348919517,19.269636154174805
airfoil,9,19,18.32293545572381,18.861806869506836
airfoil,9,20,17.765936374664307,19.840526580810547
airfoil,9,21,18.101833192925703,20.949363708496094
airfoil,9,22,18.71313526755885,18.74201774597168
airfoil,9,23,17.607069730758667,19.089458465576172
airfoil,9,24,17.723259725068743,18.670347213745117
airfoil,9,25,17.515606930381374,18.786542892456055
airfoil,9,26,17.296896733735736,19.911970138549805
airfoil,9,27,17.33377544503463,18.639122009277344
airfoil,9,28,17.351002944143193,18.646318435668945
airfoil,9,29,17.373332349877607,18.815441131591797
airfoil,9,30,17.226945274754573,18.550090789794922
airfoil,9,31,17.37295665239033,18.715225219726562
airfoil,9,32,17.666808881257708,18.38597869873047
airfoil,9,33,17.453251612813848,19.35169792175293
airfoil,9,34,17.92777038875379,19.190200805664062
airfoil,9,35,17.209482443960088,18.635902404785156
airfoil,9,36,17.334232480902422,18.467987060546875
airfoil,9,37,17.06898045539856,18.997329711914062
airfoil,9,38,16.995248643975508,18.446895599365234
airfoil,9,39,17.3686819327505,18.607376098632812
airfoil,9,40,16.945330168071546,19.374235153198242
airfoil,9,41,16.982121066043252,19.27773666381836
airfoil,9,42,17.1134098830976,18.031944274902344
airfoil,9,43,17.706084540015773,18.1471004486084
airfoil,9,44,17.31765433361656,18.455028533935547
airfoil,9,45,17.13715580890053,18.23967933654785
airfoil,9,46,16.82134781385723,17.76555824279785
airfoil,9,47,16.887616383401973,18.06075668334961
airfoil,9,48,17.007620936945866,18.73408317565918
airfoil,9,49,17.18554156704953,19.2254695892334
airfoil,9,50,17.000539440857736,21.179157257080078
airfoil,9,51,17.310473617754486,19.767824172973633
airfoil,9,52,16.651114313225996,17.5900936126709
airfoil,9,53,16.808332443237305,17.91265106201172
airfoil,9,54,16.647608957792585,17.472095489501953
airfoil,9,55,16.728002146670693,18.041399002075195
airfoil,9,56,17.001750707626343,17.73361587524414
airfoil,9,57,16.40699936214246,17.850446701049805
airfoil,9,58,17.11269632138704,18.435571670532227
airfoil,9,59,16.479730794304295,17.590728759765625
airfoil,9,60,16.85761446701853,17.76815414428711
airfoil,9,61,16.668749909651908,17.628917694091797
airfoil,9,62,16.439993845789058,17.53133201599121
airfoil,9,63,16.742934026216204,17.435237884521484
airfoil,9,64,16.5755001494759,17.375328063964844
airfoil,9,65,16.286877054917184,17.202896118164062
airfoil,9,66,16.523329709705553,17.86642837524414
airfoil,9,67,16.48287740506624,17.649879455566406
airfoil,9,68,16.786905589856598,17.231334686279297
airfoil,9,69,16.64812103070711,17.943408966064453
airfoil,9,70,16.327642277667398,17.65327262878418
airfoil,9,71,16.096743809549434,17.22179412841797
airfoil,9,72,16.214314460754395,17.2326717376709
airfoil,9,73,16.090405639849212,17.20004653930664
airfoil,9,74,15.8908303034933,17.1839656829834
airfoil,9,75,16.09474465721532,17.108144760131836
airfoil,9,76,16.06636996018259,18.136919021606445
airfoil,9,77,16.186418156874808,17.53591537475586
airfoil,9,78,15.963042234119616,16.992807388305664
airfoil,9,79,16.054122636192723,17.02047348022461
airfoil,9,80,16.068894637258428,17.173675537109375
airfoil,9,81,15.823089336094103,16.92609977722168
airfoil,9,82,16.739968939831382,17.22818946838379
airfoil,9,83,15.880439821042513,16.679594039916992
airfoil,9,84,16.277471592551784,16.898324966430664
airfoil,9,85,16.128715590426797,17.638763427734375
airfoil,9,86,15.900769070575112,16.639450073242188
airfoil,9,87,15.83166662015413,16.66778564453125
airfoil,9,88,15.99671516920391,17.28673553466797
airfoil,9,89,15.769259929656982,16.99756622314453
airfoil,9,90,15.625284947847065,16.94500732421875
airfoil,9,91,15.529078333001388,16.423646926879883
airfoil,9,92,15.638489447141948,17.301342010498047
airfoil,9,93,16.00007980748227,16.742233276367188
airfoil,9,94,15.768005596963983,16.55878448486328
airfoil,9,95,15.448867245724326,16.4078311920166
airfoil,9,96,15.682047643159565,16.892728805541992
airfoil,9,97,15.896282246238307,16.69387435913086
airfoil,9,98,15.51680242387872,17.088172912597656
airfoil,9,99,15.729943388386777,16.853687286376953
airfoil,9,100,15.4510439195131,16.930091857910156
airfoil,9,101,15.819787878739206,17.13506317138672
airfoil,9,102,15.44734055117557,16.23129653930664
airfoil,9,103,15.450004389411525,16.704681396484375
airfoil,9,104,15.57803225517273,16.12546730041504
airfoil,9,105,15.505101254111842,16.378589630126953
airfoil,9,106,15.351965176431756,16.307464599609375
airfoil,9,107,15.6976217470671,16.665800094604492
airfoil,9,108,15.493557955089369,16.317821502685547
airfoil,9,109,15.547392418510036,16.37523078918457
airfoil,9,110,15.433538424341302,16.648035049438477
airfoil,9,111,15.258586720416421,16.68817901611328
airfoil,9,112,15.027488030885396,15.868961334228516
airfoil,9,113,15.12040524733694,16.41775131225586
airfoil,9,114,14.959952505011307,16.02443504333496
airfoil,9,115,15.006025653136405,17.77545166015625
airfoil,9,116,15.522607916279844,16.684253692626953
airfoil,9,117,15.046195820758218,15.876294136047363
airfoil,9,118,15.325578313124808,15.627553939819336
airfoil,9,119,14.968183417069284,16.406360626220703
airfoil,9,120,15.17213547857184,16.430776596069336
airfoil,9,121,15.370244051280775,15.833046913146973
airfoil,9,122,15.037544752422132,15.9779634475708
airfoil,9,123,15.21887721513447,15.543360710144043
airfoil,9,124,14.742695896249069,15.865898132324219
airfoil,9,125,14.865697735234312,17.111526489257812
airfoil,9,126,14.711391938360114,16.0075626373291
airfoil,9,127,14.975497471658807,15.966585159301758
airfoil,9,128,14.729517635546232,15.534272193908691
airfoil,9,129,14.814527285726447,15.612120628356934
airfoil,9,130,14.723970049305967,15.666889190673828
airfoil,9,131,14.692815617511148,15.379339218139648
airfoil,9,132,14.608213035683884,15.443154335021973
airfoil,9,133,14.337851900803415,15.801583290100098
airfoil,9,134,14.880754746888814,15.765527725219727
airfoil,9,135,14.417822674701089,16.073148727416992
airfoil,9,136,14.567810711107755,15.827836990356445
airfoil,9,137,14.852925099824605,15.442991256713867
airfoil,9,138,14.607292426259894,15.375898361206055
airfoil,9,139,14.402297459150615,15.246895790100098
airfoil,9,140,14.68472621315404,15.38075065612793
airfoil,9,141,15.003091649005288,16.531570434570312
airfoil,9,142,14.38499170855472,15.4778470993042
airfoil,9,143,14.255594579797043,15.267021179199219
airfoil,9,144,14.470841282292417,16.562673568725586
airfoil,9,145,14.506777813560085,15.103979110717773
airfoil,9,146,14.53577941342404,16.20404052734375
airfoil,9,147,14.396359594244705,15.34167766571045
airfoil,9,148,14.148924689543875,15.447991371154785
airfoil,9,149,13.94228068150972,15.038969993591309
airfoil,9,150,14.017697472321359,15.256893157958984
airfoil,9,151,14.327290886326841,15.548538208007812
airfoil,9,152,13.94057435738413,14.731000900268555
airfoil,9,153,14.000208515869943,15.01011848449707
airfoil,9,154,14.146577910373086,14.882817268371582
airfoil,9,155,13.826878924118844,16.145679473876953
airfoil,9,156,13.834423366345858,16.076332092285156
airfoil,9,157,13.882305597004137,14.922731399536133
airfoil,9,158,14.139271635758249,14.813945770263672
airfoil,9,159,13.655189244370712,15.333019256591797
airfoil,9,160,13.533619190517225,14.764469146728516
airfoil,9,161,13.803114778117129,14.695503234863281
airfoil,9,162,13.890070476030049,16.78665542602539
airfoil,9,163,13.905865882572375,15.008466720581055
airfoil,9,164,13.676314880973415,14.975769996643066
airfoil,9,165,14.095237129612974,14.889318466186523
airfoil,9,166,13.497472850899948,14.931520462036133
airfoil,9,167,13.637405797054893,15.291789054870605
airfoil,9,168,13.754596383948074,15.72748851776123
airfoil,9,169,13.661099170383654,14.646272659301758
airfoil,9,170,13.621037834569028,14.40644359588623
airfoil,9,171,14.07109250520405,17.910839080810547
airfoil,9,172,13.877442221892508,14.78617000579834
airfoil,9,173,13.553417381487394,14.34139633178711
airfoil,9,174,13.251569051491586,14.432414054870605
airfoil,9,175,13.51509562291597,15.866883277893066
airfoil,9,176,13.564858461681165,14.212065696716309
airfoil,9,177,13.364100280560946,15.175129890441895
airfoil,9,178,13.785460170946623,14.284762382507324
airfoil,9,179,13.650188157432957,14.784873008728027
airfoil,9,180,13.059988197527433,14.243477821350098
airfoil,9,181,13.218348038823981,14.302356719970703
airfoil,9,182,13.247568030106393,16.455097198486328
airfoil,9,183,13.57415677371778,14.331059455871582
airfoil,9,184,13.187396990625482,15.109773635864258
airfoil,9,185,13.195135003642031,16.241273880004883
airfoil,9,186,13.22344217802349,14.021951675415039
airfoil,9,187,13.076565140172056,13.767617225646973
airfoil,9,188,13.146756410598755,14.059673309326172
airfoil,9,189,13.19804354717857,14.20157527923584
airfoil,9,190,13.134681977723774,13.9597749710083
airfoil,9,191,12.90672456590753,14.542837142944336
airfoil,9,192,13.04856502382379,14.012054443359375
airfoil,9,193,12.93320123772872,14.868085861206055
airfoil,9,194,13.022321399889494,16.040063858032227
airfoil,9,195,12.928890265916523,14.122231483459473
airfoil,9,196,12.718306164992484,13.935394287109375
airfoil,9,197,12.683436280802676,14.657102584838867
airfoil,9,198,13.051819700943796,13.539118766784668
airfoil,9,199,12.552110985705728,14.353734016418457
airfoil,9,200,12.915364968149285,14.085787773132324
airfoil,9,201,13.090191251353213,13.601348876953125
airfoil,9,202,12.60984186122292,13.419137954711914
airfoil,9,203,12.5253795322619,13.924261093139648
airfoil,9,204,13.133672613846628,14.770934104919434
airfoil,9,205,12.620865420291299,14.739446640014648
airfoil,9,206,12.428258971164102,13.624584197998047
airfoil,9,207,12.490428773980392,13.862979888916016
airfoil,9,208,12.235862719385247,13.119942665100098
airfoil,9,209,12.50291543257864,13.515213966369629
airfoil,9,210,12.465925229223151,14.346663475036621
airfoil,9,211,12.401749824222765,13.115947723388672
airfoil,9,212,12.489902019500732,13.558509826660156
airfoil,9,213,12.573000192642212,14.250260353088379
airfoil,9,214,12.369083605314556,13.61864948272705
airfoil,9,215,12.148951932003623,14.76335620880127
airfoil,9,216,12.73459842330531,13.362456321716309
airfoil,9,217,12.389328780927157,13.109976768493652
airfoil,9,218,12.210216773183722,14.042116165161133
airfoil,9,219,11.876004193958483,13.026565551757812
airfoil,9,220,12.04294729232788,13.678634643554688
airfoil,9,221,12.236361227537456,13.184407234191895
airfoil,9,222,12.346440114473042,12.897576332092285
airfoil,9,223,12.159657804589523,14.095797538757324
airfoil,9,224,12.175186659160413,13.618760108947754
airfoil,9,225,11.76873681419774,13.478041648864746
airfoil,9,226,12.001808643341064,12.930692672729492
airfoil,9,227,11.764109900123195,12.892301559448242
airfoil,9,228,11.952266379406577,14.347158432006836
airfoil,9,229,12.046419319353605,12.590949058532715
airfoil,9,230,12.036864167765566,12.667428016662598
airfoil,9,231,12.371026440670615,13.728955268859863
airfoil,9,232,11.825472869371113,12.942110061645508
airfoil,9,233,11.804262625543695,12.690760612487793
airfoil,9,234,11.506594268899216,12.842506408691406
airfoil,9,235,12.051543072650308,12.790640830993652
airfoil,9,236,11.83367771851389,12.695293426513672
airfoil,9,237,11.527025398455168,12.419818878173828
airfoil,9,238,11.357690183739914,12.260286331176758
airfoil,9,239,11.475989918959769,12.41388988494873
airfoil,9,240,11.49008338074935,12.623512268066406
airfoil,9,241,11.80621946485419,13.170148849487305
airfoil,9,242,11.654304868296572,12.414663314819336
airfoil,9,243,11.282205217762998,12.574738502502441
airfoil,9,244,11.924520091006631,12.936553955078125
airfoil,9,245,11.409247523859927,12.432656288146973
airfoil,9,246,11.335775199689364,13.56673526763916
airfoil,9,247,11.383913981287103,13.023016929626465
airfoil,9,248,11.212793714121768,11.943387985229492
airfoil,9,249,11.604637811058446,12.079280853271484
airfoil,9,250,11.108218029925698,12.387738227844238
airfoil,9,251,11.240401920519377,11.856197357177734
airfoil,9,252,11.185409263560647,12.226521492004395
airfoil,9,253,11.308106823971396,12.284371376037598
airfoil,9,254,11.04329666338469,11.749859809875488
airfoil,9,255,11.409395136331257,11.919075012207031
airfoil,9,256,10.860914117411562,11.810441017150879
airfoil,9,257,11.173770879444323,11.783203125
airfoil,9,258,11.200268582293862,11.741506576538086
airfoil,9,259,11.071118103830438,11.546510696411133
airfoil,9,260,10.877851599141172,11.604156494140625
airfoil,9,261,10.957731341060839,11.926591873168945
airfoil,9,262,11.034664292084543,11.650391578674316
airfoil,9,263,10.866139826021696,11.639161109924316
airfoil,9,264,10.866528046758551,11.606725692749023
airfoil,9,265,10.792907576811942,11.847930908203125
airfoil,9,266,10.855782584140176,11.59091567993164
airfoil,9,267,11.040560345900687,11.461898803710938
airfoil,9,268,10.746176230280023,11.330292701721191
airfoil,9,269,10.626867733503643,11.945493698120117
airfoil,9,270,10.756543736708792,11.282853126525879
airfoil,9,271,10.817047294817472,11.72534465789795
airfoil,9,272,10.89089416202746,11.356916427612305
airfoil,9,273,10.657338958037528,11.642553329467773
airfoil,9,274,11.047959503374601,11.401830673217773
airfoil,9,275,10.713695237511082,12.019824028015137
airfoil,9,276,10.680253593545212,11.558995246887207
airfoil,9,277,10.553286966524626,11.325963973999023
airfoil,9,278,10.682713747024536,11.579390525817871
airfoil,9,279,10.338695789638319,10.975946426391602
airfoil,9,280,10.53237795829773,11.55483627319336
airfoil,9,281,10.498909310290689,11.262057304382324
airfoil,9,282,10.78663316525911,11.131050109863281
airfoil,9,283,10.466257609819111,11.557273864746094
airfoil,9,284,10.380043406235544,11.180817604064941
airfoil,9,285,10.680965486325716,11.63053035736084
airfoil,9,286,10.622456989790264,11.040952682495117
airfoil,9,287,10.360605980220594,11.074105262756348
airfoil,9,288,10.532723778172544,11.36149787902832
airfoil,9,289,10.283266883147391,10.9691743850708
airfoil,9,290,10.134377529746608,11.437609672546387
airfoil,9,291,10.40988674916719,10.750226020812988
airfoil,9,292,10.290669391029759,11.502955436706543
airfoil,9,293,10.650523850792332,11.137048721313477
airfoil,9,294,10.32877032380355,10.876335144042969
airfoil,9,295,10.411750536215933,11.104703903198242
airfoil,9,296,11.360904392443205,11.176034927368164
airfoil,9,297,10.622399806976318,10.553695678710938
airfoil,9,298,10.44399114658958,10.668988227844238
airfoil,9,299,10.073586363541452,10.976021766662598
airfoil,9,300,9.979579398506566,10.769622802734375
airfoil,9,301,10.030577283156546,10.795171737670898
airfoil,9,302,10.353041548477975,10.531444549560547
airfoil,9,303,10.138436813103525,14.729660034179688
airfoil,9,304,10.520315283223203,12.26524829864502
airfoil,9,305,10.527330160140991,10.497309684753418
airfoil,9,306,9.941510495386625,12.05922794342041
airfoil,9,307,10.271385456386366,10.361209869384766
airfoil,9,308,10.22685158252716,10.507068634033203
airfoil,9,309,9.80188220425656,10.606010437011719
airfoil,9,310,9.747744296726427,11.153346061706543
airfoil,9,311,10.016940079237285,10.614178657531738
airfoil,9,312,9.983872997133355,12.4335298538208
airfoil,9,313,9.815282031109458,10.643047332763672
airfoil,9,314,9.77098762361627,10.331990242004395
airfoil,9,315,9.9148993366643,10.431310653686523
airfoil,9,316,9.821523001319484,9.974629402160645
airfoil,9,317,10.18051350744147,10.831256866455078
airfoil,9,318,9.802718187633314,10.118399620056152
airfoil,9,319,9.685348460548802,10.240570068359375
airfoil,9,320,9.591727884192215,11.950477600097656
airfoil,9,321,9.604801774024963,12.377620697021484
airfoil,9,322,10.099587202072144,10.54932689666748
airfoil,9,323,10.022070570995933,11.740145683288574
airfoil,9,324,9.595134421398765,10.80785846710205
airfoil,9,325,9.699639019213224,10.035849571228027
airfoil,9,326,9.590994157289204,10.747684478759766
airfoil,9,327,9.736059063359312,9.762063026428223
airfoil,9,328,9.551415148534273,10.355979919433594
airfoil,9,329,9.346363400158129,10.020575523376465
airfoil,9,330,9.47077611245607,9.741890907287598
airfoil,9,331,9.483747745815077,9.943227767944336
airfoil,9,332,9.570446378306338,10.251440048217773
airfoil,9,333,9.518444538116455,9.874090194702148
airfoil,9,334,9.591684667687668,9.511926651000977
airfoil,9,335,9.449366632260775,9.601739883422852
airfoil,9,336,9.446188286731118,9.643720626831055
airfoil,9,337,9.577402390931782,9.742121696472168
airfoil,9,338,9.304953989229704,9.716567039489746
airfoil,9,339,9.251033883345755,9.940567970275879
airfoil,9,340,9.392841514788175,10.907773971557617
airfoil,9,341,9.282433334149813,9.87775993347168
airfoil,9,342,9.15498587959691,9.56065559387207
airfoil,9,343,9.413430345685859,9.609454154968262
airfoil,9,344,9.273624934648213,11.055753707885742
airfoil,9,345,9.185443351143284,9.9628267288208
airfoil,9,346,9.176024386757298,9.52202033996582
airfoil,9,347,9.52717920353538,10.582701683044434
airfoil,9,348,9.37946565527665,9.9398775100708
airfoil,9,349,9.128278067237453,10.581209182739258
airfoil,9,350,9.23518062892713,9.358209609985352
airfoil,9,351,9.231330620615106,9.183579444885254
airfoil,9,352,8.996180917087354,9.340591430664062
airfoil,9,353,9.263491868972778,11.718301773071289
airfoil,9,354,9.39406733136428,9.486477851867676
airfoil,9,355,8.892272691977652,9.182916641235352
airfoil,9,356,9.220568418502808,9.757189750671387
airfoil,9,357,8.932499007174844,9.365606307983398
airfoil,9,358,8.868744931722942,9.381246566772461
airfoil,9,359,9.074922762419048,9.532485008239746
airfoil,9,360,9.02227198450189,10.084776878356934
airfoil,9,361,9.138588415948968,9.244473457336426
airfoil,9,362,9.2061782761624,10.06701374053955
airfoil,9,363,9.00943764887358,9.85422134399414
airfoil,9,364,8.688961756856818,8.991631507873535
airfoil,9,365,8.945264904122604,9.783061981201172
airfoil,9,366,8.835875536266126,9.828207015991211
airfoil,9,367,8.756623437530116,9.419204711914062
airfoil,9,368,8.593249822917738,9.57760238647461
airfoil,9,369,9.138095021247864,10.672114372253418
airfoil,9,370,9.075751825382834,9.134208679199219
airfoil,9,371,8.952079823142604,10.796283721923828
airfoil,9,372,8.862385981961301,9.389199256896973
airfoil,9,373,8.941975493180124,8.98557186126709
airfoil,9,374,8.648258560582212,10.427024841308594
airfoil,9,375,8.755047735415006,10.545900344848633
airfoil,9,376,8.691743242113214,9.929157257080078
airfoil,9,377,8.532742167774,9.056224822998047
airfoil,9,378,8.772112658149318,9.719497680664062
airfoil,9,379,8.416507357045225,8.881183624267578
airfoil,9,380,8.422353888812818,9.133466720581055
airfoil,9,381,8.596251707327994,9.841951370239258
airfoil,9,382,8.594671845436096,8.933218955993652
airfoil,9,383,8.597040552841989,9.728825569152832
airfoil,9,384,8.662095094981947,8.965327262878418
airfoil,9,385,8.303860570255079,9.607373237609863
airfoil,9,386,8.49923627000106,8.79696273803711
airfoil,9,387,8.587349546583075,9.10886001586914
airfoil,9,388,8.306588128993386,9.651415824890137
airfoil,9,389,8.423111620702242,10.588812828063965
airfoil,9,390,8.585377705724616,8.963519096374512
airfoil,9,391,8.407657485259207,8.853023529052734
airfoil,9,392,8.435041747595134,8.87720775604248
airfoil,9,393,8.109171145840696,9.239773750305176
airfoil,9,394,8.126273312066731,8.661779403686523
airfoil,9,395,8.316544928048787,9.388081550598145
airfoil,9,396,8.200670951291135,9.050662994384766
airfoil,9,397,8.167230537063197,8.698148727416992
airfoil,9,398,8.313006375965319,8.751727104187012
airfoil,9,399,8.130059719085693,8.795748710632324
airfoil,9,400,8.260394410083169,9.216327667236328
airfoil,9,401,8.015709858191642,8.660358428955078
airfoil,9,402,8.28576468166552,8.676959037780762
airfoil,9,403,7.9924619762521045,9.069809913635254
airfoil,9,404,8.188960345167862,8.565433502197266
airfoil,9,405,8.073258537995187,9.306038856506348
airfoil,9,406,8.004450703922071,8.652419090270996
airfoil,9,407,7.970749108414901,8.483585357666016
airfoil,9,408,7.828009467375906,8.739574432373047
airfoil,9,409,8.191574692726135,8.565942764282227
airfoil,9,410,8.0386559335809,8.49483585357666
airfoil,9,411,8.027311965038901,8.491495132446289
airfoil,9,412,8.087830280002795,8.678000450134277
airfoil,9,413,7.778533370871293,8.59281063079834
airfoil,9,414,7.79036095267848,8.387945175170898
airfoil,9,415,7.930859415154708,9.204026222229004
airfoil,9,416,7.885404517776088,8.657447814941406
airfoil,9,417,7.995626612713463,8.413969039916992
airfoil,9,418,8.034424593574123,8.271902084350586
airfoil,9,419,7.71780979005914,8.531838417053223
airfoil,9,420,7.887832961584392,8.453459739685059
airfoil,9,421,8.016813830325479,9.7473726272583
airfoil,9,422,7.832695779047515,8.797164916992188
airfoil,9,423,7.661765876569246,8.309450149536133
airfoil,9,424,7.488177399886282,8.798648834228516
airfoil,9,425,7.49313401548486,8.41270923614502
airfoil,9,426,7.800066860098588,8.424521446228027
airfoil,9,427,7.551480726191872,8.648110389709473
airfoil,9,428,7.532391761478625,8.305103302001953
airfoil,9,429,7.608430159719367,8.723915100097656
airfoil,9,430,7.754352607225117,8.373098373413086
airfoil,9,431,7.695358452044036,9.533188819885254
airfoil,9,432,7.496319751990469,9.04679012298584
airfoil,9,433,7.8912387270676465,8.198847770690918
airfoil,9,434,7.359160197408576,8.963231086730957
airfoil,9,435,7.513594796783046,8.92603588104248
airfoil,9,436,7.474999597198085,9.242021560668945
airfoil,9,437,7.408537281186957,8.499591827392578
airfoil,9,438,7.61138213308234,9.833430290222168
airfoil,9,439,7.413261921782243,8.576468467712402
airfoil,9,440,7.537713747275503,8.442490577697754
airfoil,9,441,7.284589892939517,8.373419761657715
airfoil,9,442,7.2067469734894605,8.342077255249023
airfoil,9,443,7.52412916484632,8.883023262023926
airfoil,9,444,7.0526360587069865,8.473337173461914
airfoil,9,445,7.447123784767954,8.970810890197754
airfoil,9,446,7.346275204106381,8.305883407592773
airfoil,9,447,7.284940048267967,8.31515884399414
airfoil,9,448,7.283385634422302,8.230547904968262
airfoil,9,449,7.208051587405958,8.913407325744629
airfoil,9,450,7.185343516500373,8.236539840698242
airfoil,9,451,7.4287112888536955,8.489819526672363
airfoil,9,452,7.367477354250457,8.04590129852295
airfoil,9,453,7.086979012740286,7.92045259475708
airfoil,9,454,7.131639668816014,8.920621871948242
airfoil,9,455,7.413229735274064,8.416319847106934
airfoil,9,456,7.21227679127141,7.806275367736816
airfoil,9,457,6.968044895874827,8.280710220336914
airfoil,9,458,7.089968505658601,8.3129243850708
airfoil,9,459,7.157414436340332,8.63666820526123
airfoil,9,460,7.1533051540977075,8.53161907196045
airfoil,9,461,7.0809915881407886,8.169029235839844
airfoil,9,462,7.071788891365654,8.10183048248291
airfoil,9,463,6.98241632863095,7.967994689941406
airfoil,9,464,7.186917443024485,8.215173721313477
airfoil,9,465,7.072609487332795,8.13806438446045
airfoil,9,466,7.1290646603232934,8.713879585266113
airfoil,9,467,7.083842603783858,7.962334156036377
airfoil,9,468,6.893413324105112,8.996018409729004
airfoil,9,469,7.207659451585067,7.747624397277832
airfoil,9,470,6.747181660250614,7.983291149139404
airfoil,9,471,6.921793655345314,8.271793365478516
airfoil,9,472,6.846418706994307,7.810948848724365
airfoil,9,473,7.16975746656719,7.857969760894775
airfoil,9,474,6.821876118057652,8.045771598815918
airfoil,9,475,7.138619680153696,8.25206184387207
airfoil,9,476,7.075100503469768,8.319281578063965
airfoil,9,477,6.724027439167625,8.08833122253418
airfoil,9,478,6.749633952191002,7.701004981994629
airfoil,9,479,6.804939201003627,7.737549781799316
airfoil,9,480,7.281227795701278,8.003433227539062
airfoil,9,481,6.796965774736907,8.272689819335938
airfoil,9,482,6.77865017087836,8.594536781311035
airfoil,9,483,6.829124638908787,7.580021381378174
airfoil,9,484,6.910538027161046,7.930791854858398
airfoil,9,485,6.541799746061626,7.766417026519775
airfoil,9,486,6.997064439873946,7.795573711395264
airfoil,9,487,6.72654916738209,8.347087860107422
airfoil,9,488,7.029406007967498,8.292787551879883
airfoil,9,489,6.561766693466588,8.00464153289795
airfoil,9,490,6.707524569411027,8.169926643371582
airfoil,9,491,6.815111022246511,7.604229927062988
airfoil,9,492,6.667107067610088,8.242850303649902
airfoil,9,493,6.562210842182762,8.411147117614746
airfoil,9,494,6.671179263215316,7.734617710113525
airfoil,9,495,6.7461523194062085,7.501594066619873
airfoil,9,496,6.686109455008256,8.39721393585205
airfoil,9,497,6.897925872551768,7.657202243804932
airfoil,9,498,6.686330469031083,7.570353031158447
airfoil,9,499,6.7681123833907275,7.982957363128662
airfoil,9,500,6.373915772689016,8.112995147705078
airfoil,9,501,6.49549400806427,8.122447967529297
airfoil,9,502,6.537690212852077,7.620515823364258
airfoil,9,503,6.576922560992994,8.306458473205566
airfoil,9,504,6.394125336094906,7.364798069000244
airfoil,9,505,6.543791206259477,7.515174865722656
airfoil,9,506,6.880467835225557,9.997773170471191
airfoil,9,507,6.847577804013302,7.9792022705078125
airfoil,9,508,6.433477596232765,7.834054470062256
airfoil,9,509,6.325966822473626,7.592844009399414
airfoil,9,510,6.411907359173424,7.756065845489502
airfoil,9,511,6.512849597554458,7.975620746612549
airfoil,9,512,6.449824408480995,7.359317302703857
airfoil,9,513,6.488412041413157,7.2767181396484375
airfoil,9,514,6.4118965738698055,7.373816967010498
airfoil,9,515,6.250711328104923,7.554265022277832
airfoil,9,516,6.45083120622133,7.714695453643799
airfoil,9,517,6.53082631763659,8.483525276184082
airfoil,9,518,6.383948589626112,7.335967540740967
airfoil,9,519,6.216327968396638,7.369358539581299
airfoil,9,520,6.338660334285937,7.377523422241211
airfoil,9,521,6.6722815162257145,7.745641231536865
airfoil,9,522,6.374630702169318,7.357860565185547
airfoil,9,523,6.6610590031272485,7.283167362213135
airfoil,9,524,6.454810286823072,7.4785284996032715
airfoil,9,525,6.556982787031877,7.5903778076171875
airfoil,9,526,6.534752375201175,7.724735736846924
airfoil,9,527,6.358794118228712,7.878917694091797
airfoil,9,528,6.29309114029533,7.521859645843506
airfoil,9,529,6.3490516825726155,7.046165943145752
airfoil,9,530,6.272610752206099,7.6086578369140625
airfoil,9,531,6.156412344229849,8.109111785888672
airfoil,9,532,6.369722805525127,8.691824913024902
airfoil,9,533,6.4032695669876905,7.670130252838135
airfoil,9,534,6.214621694464433,8.405522346496582
airfoil,9,535,6.3492901827159685,7.746579647064209
airfoil,9,536,6.360820418909976,8.381627082824707
airfoil,9,537,6.488755947665164,7.795207500457764
airfoil,9,538,6.081211341054816,8.828594207763672
airfoil,9,539,6.333379205904509,7.431631088256836
airfoil,9,540,6.257587062685113,7.621503829956055
airfoil,9,541,6.161125873264513,7.141242504119873
airfoil,9,542,6.094115401569166,7.2409749031066895
airfoil,9,543,6.250302327306647,7.959554672241211
airfoil,9,544,6.225209932578237,7.496563911437988
airfoil,9,545,6.35124032748373,7.845700740814209
airfoil,9,546,6.135994277502361,7.300177574157715
airfoil,9,547,6.185229671628852,7.22494649887085
airfoil,9,548,6.066670254657143,7.488973617553711
airfoil,9,549,6.332397636614348,7.476496696472168
airfoil,9,550,6.25831663608551,7.3984503746032715
airfoil,9,551,6.458421249138682,7.275942325592041
airfoil,9,552,6.20792996255975,7.612691402435303
airfoil,9,553,6.304000710186205,7.483738422393799
airfoil,9,554,6.065461911653218,7.516700744628906
airfoil,9,555,5.938096422898142,7.1221795082092285
airfoil,9,556,6.024565721813001,7.164648532867432
airfoil,9,557,6.082813708405745,7.417792320251465
airfoil,9,558,6.0146727938401074,8.104674339294434
airfoil,9,559,6.001871924651296,7.762349605560303
airfoil,9,560,6.093040704727173,7.291569232940674
airfoil,9,561,6.174427434017784,7.083278656005859
airfoil,9,562,6.218228446809869,7.4541168212890625
airfoil,9,563,6.1836644724795695,7.6399006843566895
airfoil,9,564,6.106448882504513,8.211434364318848
airfoil,9,565,6.0685783185456925,7.151285648345947
airfoil,9,566,5.985650840558503,7.121005058288574
airfoil,9,567,6.476062536239624,7.0286712646484375
airfoil,9,568,6.041948927076239,7.229260444641113
airfoil,9,569,6.123550973440471,7.695472240447998
airfoil,9,570,6.03486903090226,7.2882609367370605
airfoil,9,571,6.147029569274501,7.418605327606201
airfoil,9,572,6.224558811438711,8.268033981323242
airfoil,9,573,6.03233696285047,7.265389919281006
airfoil,9,574,6.068076798790379,7.520695686340332
airfoil,9,575,5.877992636279056,7.1781768798828125
airfoil,9,576,6.050570745217173,7.332558631896973
airfoil,9,577,6.094090737794575,7.336371421813965
airfoil,9,578,6.033974980053149,7.514344215393066
airfoil,9,579,5.904283354156895,7.966590404510498
airfoil,9,580,6.159110012807344,8.804064750671387
airfoil,9,581,6.122258801209299,7.287916660308838
airfoil,9,582,5.897672941810207,7.313076972961426
airfoil,9,583,6.067985773086548,7.071388244628906
airfoil,9,584,6.029483384207675,7.039127826690674
airfoil,9,585,6.0748149501649955,7.160675525665283
airfoil,9,586,5.893500811175296,7.3042449951171875
airfoil,9,587,6.060968499434622,7.500371932983398
airfoil,9,588,6.423952315983019,7.981149196624756
airfoil,9,589,5.992922368802522,7.720554351806641
airfoil,9,590,6.061617807338112,7.413151741027832
airfoil,9,591,6.009753227233887,7.082718849182129
airfoil,9,592,6.059746936747902,7.145933628082275
airfoil,9,593,5.711178208652296,7.719282150268555
airfoil,9,594,5.931807699956392,7.109804630279541
airfoil,9,595,6.145485162734985,7.156188011169434
airfoil,9,596,5.985769736139398,7.869758129119873
airfoil,9,597,6.070048664745531,6.996683597564697
airfoil,9,598,6.193001809873079,7.383863925933838
airfoil,9,599,5.899046239100005,7.219619274139404
airfoil,9,600,5.82148794124001,7.2368669509887695
airfoil,9,601,5.978844711655064,8.189146995544434
airfoil,9,602,6.205745885246678,7.707148551940918
airfoil,9,603,5.951069392656025,7.430943965911865
airfoil,9,604,6.099414216844659,7.199954509735107
airfoil,9,605,5.877226434255901,7.294488906860352
airfoil,9,606,5.849474743792885,7.148298263549805
airfoil,9,607,5.798660987301877,7.088741779327393
airfoil,9,608,5.689843416213989,7.504505157470703
airfoil,9,609,6.081085343109934,6.895431995391846
airfoil,9,610,5.820495021970649,6.8246941566467285
airfoil,9,611,5.889064199046085,7.254212379455566
airfoil,9,612,5.8770126982739095,7.1752214431762695
airfoil,9,613,5.886754606899462,7.148595333099365
airfoil,9,614,6.365633092428508,9.600083351135254
airfoil,9,615,6.482906730551469,7.767274379730225
airfoil,9,616,5.82057902060057,7.234613418579102
airfoil,9,617,6.056436726921483,7.863536834716797
airfoil,9,618,6.074426952161287,7.104345798492432
airfoil,9,619,6.071109527035763,7.310833930969238
airfoil,9,620,6.137744125566985,7.6920881271362305
airfoil,9,621,5.833235828500045,7.538503646850586
airfoil,9,622,5.694306147725959,6.791635513305664
airfoil,9,623,5.766583543074758,7.773036479949951
airfoil,9,624,5.668302887364438,7.041810035705566
airfoil,9,625,6.1635353251507405,7.251492500305176
airfoil,9,626,5.902600269568594,6.936044216156006
airfoil,9,627,5.683149946363349,7.601718902587891
airfoil,9,628,5.773641090644033,7.288570880889893
airfoil,9,629,6.137365065122905,7.147120952606201
airfoil,9,630,5.7178867616151505,6.926603317260742
airfoil,9,631,5.640410103295979,7.049753189086914
airfoil,9,632,5.7619982581389575,8.249611854553223
airfoil,9,633,5.896107730112578,7.365492343902588
airfoil,9,634,5.84663566790129,7.258845806121826
airfoil,9,635,5.693807507816114,6.880812168121338
airfoil,9,636,5.647259342043023,7.081888675689697
airfoil,9,637,5.6453513126624255,6.822932720184326
airfoil,9,638,5.714615853209245,7.29072904586792
airfoil,9,639,5.740333676338196,7.4364333152771
airfoil,9,640,5.8548561334609985,7.675882339477539
airfoil,9,641,5.702522597814861,7.891106605529785
airfoil,9,642,5.763443313146892,6.752627372741699
airfoil,9,643,5.679434506516707,6.902090549468994
airfoil,9,644,5.834493580617402,7.234623432159424
airfoil,9,645,5.681547083352742,6.759397029876709
airfoil,9,646,5.992762866773103,7.35276460647583
airfoil,9,647,5.596575762096204,7.546773910522461
airfoil,9,648,5.781987014569734,7.626383304595947
airfoil,9,649,5.594840733628524,7.303007125854492
airfoil,9,650,5.800874496761121,7.213873863220215
airfoil,9,651,5.816240925537913,7.589418888092041
airfoil,9,652,6.289776883627239,7.480039119720459
airfoil,9,653,5.899727162561919,7.397573471069336
airfoil,9,654,5.8254123110520215,7.249141216278076
airfoil,9,655,5.767466507459941,6.976715564727783
airfoil,9,656,5.595019522466157,7.4275407791137695
airfoil,9,657,5.6494894153193425,7.04085111618042
airfoil,9,658,5.8563281611392375,6.8667097091674805
airfoil,9,659,5.634287005976627,6.715689182281494
airfoil,9,660,5.61108568467592,6.728097915649414
airfoil,9,661,5.667005858923259,7.066847324371338
airfoil,9,662,5.578877329826355,7.287020683288574
airfoil,9,663,5.715986960812619,7.273196697235107
airfoil,9,664,5.612332419345253,7.048227310180664
airfoil,9,665,5.508762152571427,7.235785961151123
airfoil,9,666,5.617952613454116,7.193984508514404
airfoil,9,667,5.725393778399417,7.781877517700195
airfoil,9,668,6.038709916566548,7.082939624786377
airfoil,9,669,5.733117454930356,6.6487884521484375
airfoil,9,670,5.517221551192434,7.073973655700684
airfoil,9,671,5.8554596336264355,8.079115867614746
airfoil,9,672,5.744633687169928,7.231305122375488
airfoil,9,673,5.934781676844547,7.324995994567871
airfoil,9,674,5.420034123094458,6.915449142456055
airfoil,9,675,6.035823125588267,7.229429721832275
airfoil,9,676,5.665684919608267,7.233670234680176
airfoil,9,677,5.546885333563152,7.251739978790283
airfoil,9,678,5.659431234786385,6.59832763671875
airfoil,9,679,6.0665924611844515,6.907205581665039
airfoil,9,680,5.696716967381929,6.743411064147949
airfoil,9,681,5.472149259165714,6.968585014343262
airfoil,9,682,5.473025817620127,6.7239670753479
airfoil,9,683,5.412538020234359,6.669310569763184
airfoil,9,684,5.4874038445322135,6.574514865875244
airfoil,9,685,5.740192833699678,7.078864097595215
airfoil,9,686,5.490602694059673,6.950003147125244
airfoil,9,687,5.554332501009891,7.086862564086914
airfoil,9,688,5.665435157324138,7.256734848022461
airfoil,9,689,5.545301468748796,7.4369425773620605
airfoil,9,690,5.803719388811212,7.765851974487305
airfoil,9,691,5.7748267901571175,7.094245433807373
airfoil,9,692,5.602155647779766,6.971989631652832
airfoil,9,693,5.561182699705425,7.316254138946533
airfoil,9,694,5.537895240281758,6.7138824462890625
airfoil,9,695,5.606345440212049,6.817852020263672
airfoil,9,696,5.756018274708798,6.677039623260498
airfoil,9,697,5.885757772546065,7.010454177856445
airfoil,9,698,5.539547964146263,6.722130298614502
airfoil,9,699,5.613946268433018,6.56137228012085
airfoil,9,700,5.842746759715833,7.256638050079346
airfoil,9,701,5.596665024757385,7.159931659698486
airfoil,9,702,5.484820014552066,6.762979030609131
airfoil,9,703,5.64298519335295,6.680009841918945
airfoil,9,704,5.556688120490627,7.05190896987915
airfoil,9,705,5.580662388550608,6.868874549865723
airfoil,9,706,5.479002576125295,6.861146450042725
airfoil,9,707,5.638203369943719,6.739451885223389
airfoil,9,708,5.334182055372941,6.538328170776367
airfoil,9,709,5.497788786888123,6.672604084014893
airfoil,9,710,5.448181648003428,6.679185390472412
airfoil,9,711,5.440273040219357,6.902745723724365
airfoil,9,712,5.451905194081758,6.652425765991211
airfoil,9,713,5.702563041134884,7.136652946472168
airfoil,9,714,5.36073488938181,6.658830165863037
airfoil,9,715,5.764867506529155,6.783375263214111
airfoil,9,716,5.690204090193698,6.759886264801025
airfoil,9,717,5.441492940250196,6.739531517028809
airfoil,9,718,5.438815882331447,6.769684791564941
airfoil,9,719,5.581959278959977,7.461163520812988
airfoil,9,720,5.562354181942187,6.435927391052246
airfoil,9,721,5.373096397048549,7.006865978240967
airfoil,9,722,5.558540513640956,6.446927547454834
airfoil,9,723,5.554290614630046,6.782977104187012
airfoil,9,724,5.546563342997902,6.681918144226074
airfoil,9,725,5.491532934339423,7.385090351104736
airfoil,9,726,5.617867858786332,6.725626468658447
airfoil,9,727,5.367800505537736,6.947636604309082
airfoil,9,728,5.399923679075743,6.910480976104736
airfoil,9,729,5.517704367637634,7.686752796173096
airfoil,9,730,5.524010651989987,7.010427474975586
airfoil,9,731,5.395482025648418,7.146125316619873
airfoil,9,732,5.741719760392842,7.104257583618164
airfoil,9,733,5.543463343068173,6.575315952301025
airfoil,9,734,5.437723931513335,6.562392234802246
airfoil,9,735,5.462390956125762,6.756704330444336
airfoil,9,736,5.3551280373021175,6.692195415496826
airfoil,9,737,5.4612287910361035,7.3135247230529785
airfoil,9,738,5.545449702363265,7.392068862915039
airfoil,9,739,5.356717429663005,6.680416584014893
airfoil,9,740,5.556553577121935,6.875220775604248
airfoil,9,741,5.465743930716264,6.459395408630371
airfoil,9,742,5.626245423367149,6.550490856170654
airfoil,9,743,5.273804783821106,7.002225875854492
airfoil,9,744,5.493950868907728,7.213430404663086
airfoil,9,745,5.31368068644875,6.934457778930664
airfoil,9,746,5.437393539830258,6.593123435974121
airfoil,9,747,5.422894528037624,6.448545455932617
airfoil,9,748,5.421765735274867,6.899730682373047
airfoil,9,749,5.377843417619404,6.612107753753662
airfoil,9,750,5.288858030971728,6.495684623718262
airfoil,9,751,5.2632469942695215,6.722370147705078
airfoil,9,752,5.613324416311164,6.401628017425537
airfoil,9,753,5.458498164227135,6.279045581817627
airfoil,9,754,5.411927693768551,6.826233863830566
airfoil,9,755,5.491794485794871,7.367859840393066
airfoil,9,756,5.504611768220601,6.3676276206970215
airfoil,9,757,5.212555966879192,6.326739311218262
airfoil,9,758,5.347278199697795,6.396843910217285
airfoil,9,759,5.458008019547713,6.337955951690674
airfoil,9,760,5.357235808121531,7.0703043937683105
airfoil,9,761,5.31689916472686,6.504712104797363
airfoil,9,762,5.1491256889544035,6.812911510467529
airfoil,9,763,5.4320285759474105,6.436956882476807
airfoil,9,764,5.274141518693221,6.7581329345703125
airfoil,9,765,5.3072614042382495,6.793860912322998
airfoil,9,766,5.430542086300097,6.823915958404541
airfoil,9,767,5.328025980999596,6.358846664428711
airfoil,9,768,5.216762360773589,6.5044026374816895
airfoil,9,769,5.423366220373857,6.325536727905273
airfoil,9,770,5.1096934205607365,6.213972568511963
airfoil,9,771,5.214206300283733,6.4731950759887695
airfoil,9,772,5.307874271744176,6.8027801513671875
airfoil,9,773,5.614483833312988,6.314842700958252
airfoil,9,774,5.440540370188262,6.338629245758057
airfoil,9,775,5.197066595679836,6.570699214935303
airfoil,9,776,5.269759874594839,6.385160446166992
airfoil,9,777,5.228271823180349,6.498222827911377
airfoil,9,778,5.2979808010553056,6.502415180206299
airfoil,9,779,5.203808411171562,6.457463264465332
airfoil,9,780,5.2694310200841805,6.2330708503723145
airfoil,9,781,5.255861583508943,6.310746669769287
airfoil,9,782,5.034483388850563,6.820333003997803
airfoil,9,783,5.117642496761523,6.47927188873291
airfoil,9,784,5.302055409080104,6.248683452606201
airfoil,9,785,5.194116517117149,6.851782321929932
airfoil,9,786,5.216277442480388,6.178524494171143
airfoil,9,787,5.209570649423097,7.693150043487549
airfoil,9,788,5.511889495347676,6.217678546905518
airfoil,9,789,5.092479348182678,6.897106170654297
airfoil,9,790,5.3470072369826465,7.001922130584717
airfoil,9,791,5.437128932852494,6.376649379730225
airfoil,9,792,5.150084542600732,6.51378059387207
airfoil,9,793,5.030734344532616,6.51137638092041
airfoil,9,794,4.972244287792005,6.506577014923096
airfoil,9,795,5.316952799495898,6.386821269989014
airfoil,9,796,5.137831581266303,6.515733242034912
airfoil,9,797,5.301006238711508,6.340938091278076
airfoil,9,798,5.097327216675407,6.363515377044678
airfoil,9,799,5.146865242405942,6.282013893127441
airfoil,9,800,5.1962400298369555,6.359508037567139
airfoil,9,801,5.0870865771644995,6.653215408325195
airfoil,9,802,5.100510270972001,6.207677841186523
airfoil,9,803,5.039247092447783,6.456727504730225
airfoil,9,804,5.319272762850711,6.415200233459473
airfoil,9,805,5.455844446232445,6.152595043182373
airfoil,9,806,5.111129892499823,6.422492027282715
airfoil,9,807,5.2454062982609395,6.217750072479248
airfoil,9,808,5.33770047363482,6.426063060760498
airfoil,9,809,5.070462132755079,6.605572700500488
airfoil,9,810,5.139282057159825,6.582559585571289
airfoil,9,811,5.317909730108161,6.279851913452148
airfoil,9,812,5.186612160582292,6.341090679168701
airfoil,9,813,5.1605020636006405,6.1953020095825195
airfoil,9,814,5.079069077968597,6.523987293243408
airfoil,9,815,5.062199918847335,6.486078262329102
airfoil,9,816,5.30001792154814,6.459460258483887
airfoil,9,817,5.494816303253174,6.6801533699035645
airfoil,9,818,5.1809330300280925,7.358621597290039
airfoil,9,819,5.044682759987681,6.4742817878723145
airfoil,9,820,5.156108078203704,6.799867153167725
airfoil,9,821,5.144395389054951,6.647854328155518
airfoil,9,822,5.218341620344865,6.2309465408325195
airfoil,9,823,5.188048168232567,6.252176761627197
airfoil,9,824,5.270347545021458,7.106009006500244
airfoil,9,825,5.794436272821929,6.691588878631592
airfoil,9,826,5.190512657165527,6.404914379119873
airfoil,9,827,5.057783001347592,6.225090503692627
airfoil,9,828,4.974732317422566,6.798135757446289
airfoil,9,829,5.162948696236861,6.174931049346924
airfoil,9,830,4.90727528772856,7.073981761932373
airfoil,9,831,5.216677565323679,6.1202073097229
airfoil,9,832,5.255032602109407,5.9865241050720215
airfoil,9,833,5.445281210698579,6.7977705001831055
airfoil,9,834,5.25039099392138,7.365891933441162
airfoil,9,835,5.162957260483189,6.205029487609863
airfoil,9,836,5.623397576181512,6.31596040725708
airfoil,9,837,5.3060288805710645,6.824213981628418
airfoil,9,838,5.174919473497491,6.256356239318848
airfoil,9,839,5.03928512021115,6.130974292755127
airfoil,9,840,5.084269479701393,6.283361434936523
airfoil,9,841,4.877212674994218,6.537060260772705
airfoil,9,842,5.269925010831733,6.587885856628418
airfoil,9,843,5.418905684822484,6.28652286529541
airfoil,9,844,5.227109702009904,6.206870079040527
airfoil,9,845,5.086949216692071,7.098154067993164
airfoil,9,846,4.956224435254147,7.0497894287109375
airfoil,9,847,5.226868949438396,6.627570152282715
airfoil,9,848,5.228197549518786,9.259268760681152
airfoil,9,849,5.383000138558839,6.209743499755859
airfoil,9,850,5.139582470843666,6.553017616271973
airfoil,9,851,5.095990720548127,6.561629295349121
airfoil,9,852,5.189987477503325,7.2002668380737305
airfoil,9,853,5.225679184261121,6.3909525871276855
airfoil,9,854,5.160620237651624,6.488349437713623
airfoil,9,855,5.12758511618564,6.226032257080078
airfoil,9,856,4.94318571843599,7.359110355377197
airfoil,9,857,4.950332851786363,6.394388675689697
airfoil,9,858,5.030996796331908,6.301670551300049
airfoil,9,859,4.988375462983784,6.114378452301025
airfoil,9,860,4.9467905885294865,6.650002479553223
airfoil,9,861,4.934638973913695,7.063941955566406
airfoil,9,862,4.94230653424012,6.1205034255981445
airfoil,9,863,5.12469452305844,6.273938179016113
airfoil,9,864,5.223338641618428,6.201234340667725
airfoil,9,865,5.037265225460655,6.123023509979248
airfoil,9,866,5.100757385555067,6.42012357711792
airfoil,9,867,4.924178267780103,6.5620036125183105
airfoil,9,868,5.1074571421271875,6.591536521911621
airfoil,9,869,4.798212195697584,6.591271877288818
airfoil,9,870,4.976256878752458,6.494732856750488
airfoil,9,871,5.019644837630422,6.142621994018555
airfoil,9,872,5.190730709778635,8.370777130126953
airfoil,9,873,5.269192745811061,6.309238910675049
airfoil,9,874,5.074673768721129,7.069372653961182
airfoil,9,875,5.1178829293502,6.521116733551025
airfoil,9,876,5.000431198822825,6.121665954589844
airfoil,9,877,4.882556350607621,6.22955846786499
airfoil,9,878,5.034359235512583,6.391017436981201
airfoil,9,879,5.0609599696962455,6.021512031555176
airfoil,9,880,4.8965023881510685,6.146748065948486
airfoil,9,881,4.929866339031019,5.973146915435791
airfoil,9,882,4.978134494078787,6.053770542144775
airfoil,9,883,4.962777727528622,6.209994316101074
airfoil,9,884,5.229065628428208,6.162905693054199
airfoil,9,885,5.138036169503865,5.940186977386475
airfoil,9,886,4.977110429813988,6.428383827209473
airfoil,9,887,5.061397125846462,6.132822036743164
airfoil,9,888,4.872368693351746,6.082435131072998
airfoil,9,889,4.956844323559811,6.297670364379883
airfoil,9,890,4.859185592124336,6.21362829208374
airfoil,9,891,4.9625544108842545,6.596891403198242
airfoil,9,892,4.936398274020145,6.247013092041016
airfoil,9,893,5.041858892691763,6.017981052398682
airfoil,9,894,4.964034212263007,6.1822190284729
airfoil,9,895,5.198200665022197,6.178689956665039
airfoil,9,896,4.945132286925065,6.212597846984863
airfoil,9,897,5.074384501105861,6.397181034088135
airfoil,9,898,5.049870139674137,6.628173351287842
airfoil,9,899,5.672604554577878,7.049221992492676
airfoil,9,900,4.834006717330531,6.721982002258301
airfoil,9,901,5.04470894211217,6.838513374328613
airfoil,9,902,5.942078144926774,6.891303062438965
airfoil,9,903,4.933662329849444,6.542455196380615
airfoil,9,904,5.04633389962347,6.117271900177002
airfoil,9,905,4.976373876395979,6.2555623054504395
airfoil,9,906,4.7941397491254305,6.185506820678711
airfoil,9,907,4.831391252969441,6.1586079597473145
airfoil,9,908,5.083668319802535,5.838654041290283
airfoil,9,909,4.813368797302246,6.407719612121582
airfoil,9,910,4.853265404701233,6.197763442993164
airfoil,9,911,4.887330274832876,6.66182804107666
airfoil,9,912,4.71350171691493,5.997507095336914
airfoil,9,913,4.855113587881389,6.0712361335754395
airfoil,9,914,4.825871561702929,6.6911234855651855
airfoil,9,915,5.091110602805489,6.1370673179626465
airfoil,9,916,4.909565448760986,6.3081536293029785
airfoil,9,917,4.911781737678929,6.048864364624023
airfoil,9,918,5.045905702992489,6.394800662994385
airfoil,9,919,4.836842034992419,6.513391494750977
airfoil,9,920,4.749581242862501,6.172018051147461
airfoil,9,921,5.274591263971831,8.34822940826416
airfoil,9,922,5.377380760092485,6.362467288970947
airfoil,9,923,4.90384514708268,6.569437026977539
airfoil,9,924,4.8805434390118245,6.31368350982666
airfoil,9,925,5.065320203178807,6.250909805297852
airfoil,9,926,5.268077128811886,6.4445719718933105
airfoil,9,927,5.171540542652733,6.162687301635742
airfoil,9,928,4.886637970020897,6.063659191131592
airfoil,9,929,4.947779912697642,6.224876403808594
airfoil,9,930,4.703913149080779,6.199544906616211
airfoil,9,931,4.9602997365750765,6.480844497680664
airfoil,9,932,5.092519860518606,5.845762252807617
airfoil,9,933,4.8583329539549975,5.993962287902832
airfoil,9,934,4.83654344709296,6.067234516143799
airfoil,9,935,4.865982620339644,5.882694721221924
airfoil,9,936,4.897961779644615,6.003979682922363
airfoil,9,937,4.878850993357207,5.982458591461182
airfoil,9,938,4.851481080055237,6.256774425506592
airfoil,9,939,4.776888734415958,6.811426639556885
airfoil,9,940,4.81823404211747,6.005284309387207
airfoil,9,941,5.421358949259708,7.686190605163574
airfoil,9,942,5.280202451505159,6.3012566566467285
airfoil,9,943,4.7864327681692025,6.021821022033691
airfoil,9,944,4.8271384835243225,6.340672016143799
airfoil,9,945,4.94719365082289,6.2691497802734375
airfoil,9,946,5.070250015509756,6.675967693328857
airfoil,9,947,4.787092528845134,5.9754958152771
airfoil,9,948,4.86268823397787,5.965837478637695
airfoil,9,949,4.856358026203356,6.026792049407959
airfoil,9,950,4.96529297452224,6.063011169433594
airfoil,9,951,5.053258375117653,6.234752178192139
airfoil,9,952,4.8174921085959985,6.028026580810547
airfoil,9,953,4.8669016769057825,6.159482479095459
airfoil,9,954,4.862050621133101,6.8383331298828125
airfoil,9,955,4.66978100726479,6.0926408767700195
airfoil,9,956,4.878818116689983,6.235321998596191
airfoil,9,957,4.925028455884833,6.356307029724121
airfoil,9,958,4.864299065188358,6.113863945007324
airfoil,9,959,5.112774905405547,6.343719005584717
airfoil,9,960,5.110487059543007,6.326671600341797
airfoil,9,961,4.8787846314279655,5.964936256408691
airfoil,9,962,4.787642253072638,6.030405044555664
airfoil,9,963,4.893995529726932,6.524963855743408
airfoil,9,964,4.956072593990125,6.5579142570495605
airfoil,9,965,4.693009081639741,6.269732475280762
airfoil,9,966,4.684988664953332,5.930471897125244
airfoil,9,967,4.778790743727433,6.44879150390625
airfoil,9,968,4.829894266630474,6.580916881561279
airfoil,9,969,4.894212415343837,6.358860969543457
airfoil,9,970,5.036945694371274,5.963350772857666
airfoil,9,971,4.836240900190253,6.705159664154053
airfoil,9,972,4.725892750840438,5.984348773956299
airfoil,9,973,5.144945809715672,6.519911289215088
airfoil,9,974,4.9695634841918945,6.211031436920166
airfoil,9,975,4.7378244745103935,6.362555980682373
airfoil,9,976,4.859043902472446,5.991415977478027
airfoil,9,977,4.8005776154367545,6.0212249755859375
airfoil,9,978,4.715631522630391,5.819421768188477
airfoil,9,979,4.769106924533844,5.86626672744751
airfoil,9,980,4.739728030405547,6.3111138343811035
airfoil,9,981,4.945798936643098,6.117621898651123
airfoil,9,982,4.944511764927914,6.275900840759277
airfoil,9,983,4.8354754573420475,5.817850112915039
airfoil,9,984,4.882795791876943,6.426489353179932
airfoil,9,985,5.031302765796059,5.8934431076049805
airfoil,9,986,4.725716503042924,5.969631195068359
airfoil,9,987,4.819269481458162,6.139827251434326
airfoil,9,988,4.793163544253299,6.219832897186279
airfoil,9,989,4.68652459822203,6.166134357452393
airfoil,9,990,4.69335861582505,6.091456413269043
airfoil,9,991,4.689497972789564,6.244784832000732
airfoil,9,992,4.7539788861023755,5.919251918792725
airfoil,9,993,5.0907198786735535,7.561306953430176
airfoil,9,994,5.035617088016711,6.823043346405029
airfoil,9,995,4.992517847763865,5.768290042877197
airfoil,9,996,4.654420758548536,6.479926109313965
airfoil,9,997,4.73548087948247,6.6464104652404785
airfoil,9,998,4.778767290868257,6.464966773986816
airfoil,9,999,4.885531921135752,6.014758110046387
airfoil,1,0,20.602050429896305,21.678112030029297
airfoil,1,1,20.11406676392806,20.348127365112305
airfoil,1,2,19.658815007460746,19.728906631469727
airfoil,1,3,19.030782975648577,19.5119571685791
airfoil,1,4,18.666286192442243,19.5230655670166
airfoil,1,5,18.610310805471318,19.394224166870117
airfoil,1,6,18.478633228101227,18.946805953979492
airfoil,1,7,18.385666546068695,18.5856990814209
airfoil,1,8,17.934592786588166,18.635103225708008
airfoil,1,9,18.004862760242663,19.14060401916504
airfoil,1,10,17.970585772865697,18.26152229309082
airfoil,1,11,17.303732344978734,17.956459045410156
airfoil,1,12,16.98594459734465,18.69740104675293
airfoil,1,13,17.142837373833906,17.55091094970703
airfoil,1,14,18.047638918224134,21.256210327148438
airfoil,1,15,17.1323376705772,17.536344528198242
airfoil,1,16,16.752851724624634,17.55436134338379
airfoil,1,17,16.75980854034424,17.26345443725586
airfoil,1,18,16.993291905051784,18.12704849243164
airfoil,1,19,17.628535571851227,17.84211540222168
airfoil,1,20,16.87842126896507,16.902936935424805
airfoil,1,21,16.63054478795905,17.114965438842773
airfoil,1,22,16.548561823995488,16.96635627746582
airfoil,1,23,16.002529608575923,16.653297424316406
airfoil,1,24,16.10563446346082,16.84653663635254
airfoil,1,25,15.922417264235648,16.327001571655273
airfoil,1,26,15.814565821697837,16.162717819213867
airfoil,1,27,15.79945895546361,16.7293701171875
airfoil,1,28,15.748754325665926,16.59442901611328
airfoil,1,29,15.620245858242637,16.35377311706543
airfoil,1,30,15.531612433885273,16.047679901123047
airfoil,1,31,15.45231412586413,15.997164726257324
airfoil,1,32,15.381933576182314,16.10771942138672
airfoil,1,33,15.383984026155973,15.71906566619873
airfoil,1,34,15.571892261505127,16.035234451293945
airfoil,1,35,15.749223332656058,15.712911605834961
airfoil,1,36,15.62373127435383,16.20921516418457
airfoil,1,37,15.754244151868319,15.454453468322754
airfoil,1,38,15.358770960255674,16.382152557373047
airfoil,1,39,15.315754488894815,15.511061668395996
airfoil,1,40,15.310240946317974,15.361286163330078
airfoil,1,41,15.29155797707407,15.332963943481445
airfoil,1,42,15.285404029645418,15.713190078735352
airfoil,1,43,14.973795263390793,15.328737258911133
airfoil,1,44,15.033657149264688,15.133330345153809
airfoil,1,45,14.710036905188309,14.893108367919922
airfoil,1,46,15.262736006786948,14.865326881408691
airfoil,1,47,14.681817694714194,14.96674633026123
airfoil,1,48,14.875407996930575,14.987898826599121
airfoil,1,49,14.942236599169279,14.6923828125
airfoil,1,50,14.429726826517205,15.140560150146484
airfoil,1,51,14.641828311117072,14.711383819580078
airfoil,1,52,15.05650540402061,14.905035972595215
airfoil,1,53,15.069413837633634,15.137414932250977
airfoil,1,54,14.660405497801932,15.198180198669434
airfoil,1,55,14.433006462297941,14.550384521484375
airfoil,1,56,14.338115052173013,14.695968627929688
airfoil,1,57,14.21197849825809,14.853684425354004
airfoil,1,58,14.64308702318292,14.593040466308594
airfoil,1,59,14.450423215564928,14.992218017578125
airfoil,1,60,14.162584957323576,14.145489692687988
airfoil,1,61,14.192886038830405,14.708388328552246
airfoil,1,62,14.179596449199476,15.008508682250977
airfoil,1,63,14.709788071481805,14.481868743896484
airfoil,1,64,14.252311342640928,13.893087387084961
airfoil,1,65,13.71528707052532,13.915057182312012
airfoil,1,66,13.775737386000785,14.19425106048584
airfoil,1,67,13.744528544576545,14.035326957702637
airfoil,1,68,14.254108328568307,13.769516944885254
airfoil,1,69,13.945092916488647,14.006741523742676
airfoil,1,70,13.737610879697298,13.793196678161621
airfoil,1,71,13.571429603978208,13.806074142456055
airfoil,1,72,14.086842913376657,14.501073837280273
airfoil,1,73,13.56893481706318,14.077816009521484
airfoil,1,74,13.630928089744167,14.196653366088867
airfoil,1,75,13.803047293110899,13.416498184204102
airfoil,1,76,13.479142828991538,14.026640892028809
airfoil,1,77,13.551241033955625,13.47730541229248
airfoil,1,78,13.426943113929347,13.893020629882812
airfoil,1,79,13.41137136911091,13.497145652770996
airfoil,1,80,13.35646505104868,13.219450950622559
airfoil,1,81,13.242439019052606,13.725569725036621
airfoil,1,82,13.333100231070267,14.367834091186523
airfoil,1,83,13.208025844473587,13.963287353515625
airfoil,1,84,13.439894914627075,13.945215225219727
airfoil,1,85,12.96847549237703,13.16051197052002
airfoil,1,86,12.806482126838283,13.265007019042969
airfoil,1,87,13.055046708960282,12.862698554992676
airfoil,1,88,12.858747582686576,12.714080810546875
airfoil,1,89,12.959259108493203,12.9938383102417
airfoil,1,90,12.705641646134225,12.804229736328125
airfoil,1,91,12.353627982892489,12.7235689163208
airfoil,1,92,12.67658859805057,13.049659729003906
airfoil,1,93,12.510325369081999,12.587075233459473
airfoil,1,94,12.210643743213854,13.29767894744873
airfoil,1,95,12.6276887467033,12.983527183532715
airfoil,1,96,12.711511172746357,12.913667678833008
airfoil,1,97,12.396973547182585,12.666655540466309
airfoil,1,98,12.10232068362989,12.637396812438965
airfoil,1,99,12.235557004025107,12.953228950500488
airfoil,1,100,12.363196900016383,13.040149688720703
airfoil,1,101,11.933525323867798,12.174297332763672
airfoil,1,102,11.90358849575645,12.167649269104004
airfoil,1,103,11.959057632245516,12.340408325195312
airfoil,1,104,11.858810725964998,14.160517692565918
airfoil,1,105,12.51632587533248,12.006528854370117
airfoil,1,106,11.61302439790023,11.832130432128906
airfoil,1,107,12.210325893602873,12.114791870117188
airfoil,1,108,11.846916750857705,11.745589256286621
airfoil,1,109,11.335571954124852,12.43919849395752
airfoil,1,110,11.485063013277555,12.233643531799316
airfoil,1,111,11.414880413758127,12.28657341003418
airfoil,1,112,11.201974191163716,12.693254470825195
airfoil,1,113,11.30371137669212,11.931438446044922
airfoil,1,114,10.868568345120078,11.574252128601074
airfoil,1,115,10.758229280772962,11.325861930847168
airfoil,1,116,10.6590271874478,11.471485137939453
airfoil,1,117,11.144279793689126,11.410520553588867
airfoil,1,118,10.530730887463218,11.635762214660645
airfoil,1,119,10.951737805416709,11.114020347595215
airfoil,1,120,10.298236395183363,10.750268936157227
airfoil,1,121,10.464112645701357,11.053872108459473
airfoil,1,122,10.279490433241191,11.430191993713379
airfoil,1,123,10.221372980820504,10.444474220275879
airfoil,1,124,10.009273290634155,10.216014862060547
airfoil,1,125,10.321879976674131,10.214972496032715
airfoil,1,126,9.811126181953831,10.38113784790039
airfoil,1,127,9.71586180988111,10.668278694152832
airfoil,1,128,9.974191615456029,10.23605728149414
airfoil,1,129,9.769048389635588,9.771159172058105
airfoil,1,130,9.351046066535147,10.182716369628906
airfoil,1,131,9.47992041236476,9.577489852905273
airfoil,1,132,8.990810419383802,9.848553657531738
airfoil,1,133,9.33143539177744,9.25589656829834
airfoil,1,134,8.751762703845376,9.018816947937012
airfoil,1,135,8.986256950779966,9.491886138916016
airfoil,1,136,8.978494092037803,8.86970043182373
airfoil,1,137,8.754292425356413,8.919784545898438
airfoil,1,138,8.794509956711217,8.451850891113281
airfoil,1,139,8.60585163768969,8.6489896774292
airfoil,1,140,8.439194917678833,8.917153358459473
airfoil,1,141,8.495631908115588,8.532163619995117
airfoil,1,142,8.31471143898211,8.294427871704102
airfoil,1,143,8.198049808803358,8.298853874206543
airfoil,1,144,8.088475804579886,8.117223739624023
airfoil,1,145,8.330815917567202,8.069266319274902
airfoil,1,146,8.232580787257143,8.104528427124023
airfoil,1,147,8.07588565976996,8.5143404006958
airfoil,1,148,7.929448755163896,7.831610679626465
airfoil,1,149,8.032055302670127,8.053962707519531
airfoil,1,150,7.977266154791179,7.9921183586120605
airfoil,1,151,8.140017057719984,8.38792610168457
airfoil,1,152,7.824511565660176,7.628779411315918
airfoil,1,153,7.585229597593608,8.046428680419922
airfoil,1,154,7.903917400460494,7.886009216308594
airfoil,1,155,8.23553564673976,8.165302276611328
airfoil,1,156,7.9234686462502735,7.463543891906738
airfoil,1,157,7.404804336397271,7.920559883117676
airfoil,1,158,7.737777923282824,7.729379177093506
airfoil,1,159,7.777413707030447,7.438673496246338
airfoil,1,160,7.386348711816888,7.946978569030762
airfoil,1,161,7.507387167529056,7.205104351043701
airfoil,1,162,7.534345294299879,7.188711166381836
airfoil,1,163,7.531782325945403,7.205472946166992
airfoil,1,164,7.238159907491584,7.094827651977539
airfoil,1,165,7.347837234798231,7.504365921020508
airfoil,1,166,7.608221631301077,7.573837757110596
airfoil,1,167,7.338629942191274,6.971977710723877
airfoil,1,168,7.3485430228082755,8.310107231140137
airfoil,1,169,7.2446713949504655,6.975163459777832
airfoil,1,170,7.157213323994687,7.1472907066345215
airfoil,1,171,7.083239273021095,7.256800174713135
airfoil,1,172,6.993047168380336,7.603477478027344
airfoil,1,173,7.151246955520229,6.901773929595947
airfoil,1,174,6.99968345541703,6.856220722198486
airfoil,1,175,7.06288542872981,6.9378533363342285
airfoil,1,176,6.8296174250150985,7.2462005615234375
airfoil,1,177,6.933084682414406,7.165664196014404
airfoil,1,178,7.11652914473885,7.278024196624756
airfoil,1,179,7.161231392308285,6.750328063964844
airfoil,1,180,6.962275881516306,6.947246074676514
airfoil,1,181,7.065871232434323,6.585660934448242
airfoil,1,182,6.973454845579047,7.092636585235596
airfoil,1,183,7.0315627800790885,7.597417831420898
airfoil,1,184,7.063170822043168,6.5220561027526855
airfoil,1,185,6.803533660738092,7.093867778778076
airfoil,1,186,6.955075834926806,6.632174491882324
airfoil,1,187,6.884301894589474,6.718693733215332
airfoil,1,188,6.951790401810094,6.907655239105225
airfoil,1,189,6.838483183007491,7.213222503662109
airfoil,1,190,7.018456747657375,6.446049213409424
airfoil,1,191,6.624858994232981,6.319880485534668
airfoil,1,192,6.641596593354878,6.477316856384277
airfoil,1,193,6.491186738014221,6.338678359985352
airfoil,1,194,6.620119226606269,6.9482741355896
airfoil,1,195,6.5727538874274805,6.287149429321289
airfoil,1,196,6.40022085214916,6.377972602844238
airfoil,1,197,6.493462029256318,6.412710666656494
airfoil,1,198,6.515019605034276,6.334615230560303
airfoil,1,199,6.538780795900445,6.533535003662109
airfoil,1,200,6.487951441815025,6.406839370727539
airfoil,1,201,6.275460262047617,6.181356430053711
airfoil,1,202,6.4334761594471175,6.311427593231201
airfoil,1,203,6.370652374468352,6.704507827758789
airfoil,1,204,6.468252225926048,6.553831100463867
airfoil,1,205,6.368252553437886,6.232790470123291
airfoil,1,206,6.317512007136094,6.309394836425781
airfoil,1,207,6.186097596821032,6.181084156036377
airfoil,1,208,6.2026875646490796,6.076440811157227
airfoil,1,209,6.392817735671997,6.730870723724365
airfoil,1,210,6.44726362353877,6.214775085449219
airfoil,1,211,6.720866134292201,6.327021598815918
airfoil,1,212,6.307309056583204,6.116693496704102
airfoil,1,213,6.133403583576805,6.040096759796143
airfoil,1,214,6.247370770103053,6.01271390914917
airfoil,1,215,6.035995157141435,5.918469429016113
airfoil,1,216,6.175298038281892,6.378458023071289
airfoil,1,217,6.111227041796634,6.310015678405762
airfoil,1,218,6.320868297627098,6.100171089172363
airfoil,1,219,6.177833500661348,6.056829929351807
airfoil,1,220,6.336176407964606,5.997993469238281
airfoil,1,221,6.287308573722839,6.106158256530762
airfoil,1,222,6.160948063197889,5.940279960632324
airfoil,1,223,6.1282640883797095,5.908435821533203
airfoil,1,224,6.137714480098925,5.855340480804443
airfoil,1,225,6.11726156661385,6.508916854858398
airfoil,1,226,6.220102316454837,6.239256381988525
airfoil,1,227,6.100823904338636,5.955134868621826
airfoil,1,228,6.240155646675511,6.303586959838867
airfoil,1,229,6.031896497073927,5.960319995880127
airfoil,1,230,5.991628809979088,6.421441555023193
airfoil,1,231,6.0360165332493025,5.976195335388184
airfoil,1,232,6.08961706412466,5.872133731842041
airfoil,1,233,5.823626116702431,5.821791172027588
airfoil,1,234,5.959555475335372,6.497031211853027
airfoil,1,235,6.441825032234192,6.2102203369140625
airfoil,1,236,6.009890819850721,5.72135591506958
airfoil,1,237,6.099001181753058,6.2931671142578125
airfoil,1,238,5.976026284067254,5.697579860687256
airfoil,1,239,6.172486117011623,5.740993499755859
airfoil,1,240,6.122396456567865,5.662723541259766
airfoil,1,241,5.788573672896938,6.1738128662109375
airfoil,1,242,5.8693923699228385,6.021411895751953
airfoil,1,243,5.9686150550842285,5.933956623077393
airfoil,1,244,5.834531313494632,5.811574459075928
airfoil,1,245,5.753744213204635,5.780528545379639
airfoil,1,246,5.683073150484185,6.422976493835449
airfoil,1,247,5.948817623289008,6.575455188751221
airfoil,1,248,5.7292047488062,5.978528022766113
airfoil,1,249,5.753571409928171,5.727010250091553
airfoil,1,250,5.861706350979052,5.685726642608643
airfoil,1,251,5.788454005592747,5.648056983947754
airfoil,1,252,5.810282757407741,5.79349946975708
airfoil,1,253,5.720517974150808,6.331597328186035
airfoil,1,254,5.850176798669915,5.555821895599365
airfoil,1,255,5.767720078167162,5.650184154510498
airfoil,1,256,5.873921262590509,5.429647445678711
airfoil,1,257,5.716158346125954,5.5259013175964355
airfoil,1,258,5.798028117731998,5.730900764465332
airfoil,1,259,5.719236976221988,5.393120288848877
airfoil,1,260,5.554756547275343,5.639596939086914
airfoil,1,261,5.665060614284716,5.672534465789795
airfoil,1,262,5.7282429996289705,5.5476155281066895
airfoil,1,263,5.80476805410887,5.716022491455078
airfoil,1,264,5.66858782893733,5.507183074951172
airfoil,1,265,5.485349648877194,5.402257919311523
airfoil,1,266,5.478373201269853,5.557143688201904
airfoil,1,267,5.533390823163484,6.26118803024292
airfoil,1,268,5.698624974802921,5.908164024353027
airfoil,1,269,5.812007546424866,5.702981948852539
airfoil,1,270,5.597486063053734,5.708282947540283
airfoil,1,271,5.840477278358058,6.600482940673828
airfoil,1,272,5.747586570288005,5.324687957763672
airfoil,1,273,5.49412140720769,5.608303070068359
airfoil,1,274,5.659506019793059,5.93096923828125
airfoil,1,275,5.738807333143134,5.881338119506836
airfoil,1,276,5.579745298937747,5.529873847961426
airfoil,1,277,5.418072079357348,5.472128391265869
airfoil,1,278,5.3485684708545085,5.500961780548096
airfoil,1,279,5.585587796412017,5.500363826751709
airfoil,1,280,5.642607663807116,5.467892646789551
airfoil,1,281,5.618454663377059,5.46623420715332
airfoil,1,282,5.425447752601222,5.8097639083862305
airfoil,1,283,5.594379494064732,5.57379150390625
airfoil,1,284,5.416140104594984,5.319138526916504
airfoil,1,285,5.399128167252791,5.6812872886657715
airfoil,1,286,5.596028647924724,5.248778343200684
airfoil,1,287,5.613423585891724,5.692007541656494
airfoil,1,288,5.433648504708943,5.648011684417725
airfoil,1,289,5.530245109608299,5.5929274559021
airfoil,1,290,5.591052431809275,5.164830684661865
airfoil,1,291,5.246932399900336,5.638347148895264
airfoil,1,292,5.497181277526052,5.317903518676758
airfoil,1,293,5.250622868537903,5.241957664489746
airfoil,1,294,5.400740272120426,5.105758190155029
airfoil,1,295,5.395078138301247,5.4063944816589355
airfoil,1,296,5.487581830275686,5.243921756744385
airfoil,1,297,5.308867623931484,5.304970741271973
airfoil,1,298,5.250820799877769,5.331318378448486
airfoil,1,299,5.582318218130815,5.414271831512451
airfoil,1,300,5.224956079533226,5.165680885314941
airfoil,1,301,5.349074928384078,4.980839252471924
airfoil,1,302,5.262451303632636,5.27166748046875
airfoil,1,303,5.411533581583123,5.051932334899902
airfoil,1,304,5.292285015708522,5.143256664276123
airfoil,1,305,5.321322968131618,5.04413366317749
airfoil,1,306,5.267853755699961,4.987569332122803
airfoil,1,307,5.222483340062593,5.32821798324585
airfoil,1,308,5.220919521231401,5.518157005310059
airfoil,1,309,5.507057171118887,5.187443733215332
airfoil,1,310,5.162581312028985,4.880589485168457
airfoil,1,311,5.148484060638829,4.910037517547607
airfoil,1,312,5.099275695650201,5.009636402130127
airfoil,1,313,5.104731955026326,4.900042533874512
airfoil,1,314,5.152487409742255,4.925981521606445
airfoil,1,315,5.26329927695425,5.1879096031188965
airfoil,1,316,5.463072174473813,5.017181396484375
airfoil,1,317,5.232775123495805,5.038923740386963
airfoil,1,318,4.988572164585716,5.563015460968018
airfoil,1,319,5.336477587097569,5.86336612701416
airfoil,1,320,5.265552181946604,5.556908130645752
airfoil,1,321,5.133461833000183,4.903229713439941
airfoil,1,322,4.939686750110827,4.738279819488525
airfoil,1,323,5.135839032499414,4.770087718963623
airfoil,1,324,5.13920783996582,4.7272467613220215
airfoil,1,325,4.998949515192132,5.065018177032471
airfoil,1,326,4.969434568756505,4.858306884765625
airfoil,1,327,4.904393685491462,4.854220390319824
airfoil,1,328,5.075765710127981,4.831202030181885
airfoil,1,329,4.897754895059686,5.293025016784668
airfoil,1,330,5.076182446981731,4.793562412261963
airfoil,1,331,4.940519715610304,5.287788391113281
airfoil,1,332,5.039750996388887,5.075132369995117
airfoil,1,333,5.072117805480957,5.069852352142334
airfoil,1,334,4.940656059666684,5.06427001953125
airfoil,1,335,4.950667613431027,4.628811359405518
airfoil,1,336,4.894601370158949,5.079422473907471
airfoil,1,337,5.02226427981728,4.611213207244873
airfoil,1,338,4.962911919543617,4.688579082489014
airfoil,1,339,4.868990440117686,4.9498724937438965
airfoil,1,340,5.059066019560161,4.598086357116699
airfoil,1,341,5.085170130980642,4.887118339538574
airfoil,1,342,4.880380994395206,4.600221633911133
airfoil,1,343,4.952333519333287,4.921750545501709
airfoil,1,344,4.874232329820332,4.84939432144165
airfoil,1,345,4.763006489527853,4.743834495544434
airfoil,1,346,4.805816647253539,4.607503890991211
airfoil,1,347,4.907148649818019,5.274725437164307
airfoil,1,348,5.027330919315941,4.547325134277344
airfoil,1,349,4.848066179375899,5.0744948387146
airfoil,1,350,5.069093854803788,4.538065433502197
airfoil,1,351,5.269105754400554,5.492793560028076
airfoil,1,352,5.009030486408033,4.787197113037109
airfoil,1,353,5.138465021785937,4.868260860443115
airfoil,1,354,4.73715835495999,4.501555919647217
airfoil,1,355,4.634007422547591,4.674418926239014
airfoil,1,356,4.7225577297963595,4.659172534942627
airfoil,1,357,4.916201102106195,4.475985527038574
airfoil,1,358,4.67307638494592,4.693596839904785
airfoil,1,359,4.839509945166738,4.957385063171387
airfoil,1,360,4.713606181897615,4.567841529846191
airfoil,1,361,4.59521158117997,4.4342875480651855
airfoil,1,362,4.80642210809808,4.495893478393555
airfoil,1,363,4.95200799013439,4.810497283935547
airfoil,1,364,4.686115704084697,4.6790876388549805
airfoil,1,365,4.669736353974593,4.417337417602539
airfoil,1,366,4.792603373527527,4.787450790405273
airfoil,1,367,4.759350494334572,4.694133281707764
airfoil,1,368,4.666577596413462,4.835649490356445
airfoil,1,369,4.639657077036406,4.580343246459961
airfoil,1,370,4.59157899806374,4.623748302459717
airfoil,1,371,4.612538375352559,4.540797710418701
airfoil,1,372,4.631270468235016,4.91446590423584
airfoil,1,373,4.587903587441695,4.539052963256836
airfoil,1,374,4.685374523464002,4.822655200958252
airfoil,1,375,4.712208471800151,5.148471355438232
airfoil,1,376,4.858749276713321,4.934881687164307
airfoil,1,377,4.971374348590248,5.251748085021973
airfoil,1,378,4.624993123506245,4.403599739074707
airfoil,1,379,4.560737020091007,4.355309009552002
airfoil,1,380,4.813080988432231,4.638505935668945
airfoil,1,381,4.480305169758044,4.519432067871094
airfoil,1,382,4.574998472866259,4.691152572631836
airfoil,1,383,4.659260536495008,4.296659469604492
airfoil,1,384,4.698273084665599,4.3840837478637695
airfoil,1,385,4.616805641274703,4.564934253692627
airfoil,1,386,4.540365212842038,4.7479166984558105
airfoil,1,387,4.791676000544899,4.3595871925354
airfoil,1,388,4.5888024756782935,4.361766815185547
airfoil,1,389,4.580438419392235,4.407192230224609
airfoil,1,390,4.74148092144414,4.718297481536865
airfoil,1,391,4.647240695200469,4.301008224487305
airfoil,1,392,4.676117897033691,5.055460453033447
airfoil,1,393,4.616173480686388,4.62572717666626
airfoil,1,394,4.585412257596066,4.6024346351623535
airfoil,1,395,4.561759876577478,4.882555961608887
airfoil,1,396,4.597190976142883,4.500861644744873
airfoil,1,397,4.569631661239423,4.568570137023926
airfoil,1,398,4.456400171706551,4.9793381690979
airfoil,1,399,4.584366632135291,4.309780597686768
airfoil,1,400,4.605079628919301,4.777468204498291
airfoil,1,401,4.588270501086586,5.109402656555176
airfoil,1,402,4.7282174825668335,4.401822090148926
airfoil,1,403,4.484133827058892,4.830108165740967
airfoil,1,404,4.483913804355421,4.244344711303711
airfoil,1,405,4.6064799773065666,4.342710971832275
airfoil,1,406,4.8785222957008765,4.911145210266113
airfoil,1,407,4.5298522522574975,4.522557258605957
airfoil,1,408,4.437126504747491,4.256737232208252
airfoil,1,409,4.493144593740764,4.496508598327637
airfoil,1,410,4.37090822270042,4.0775251388549805
airfoil,1,411,4.409738063812256,4.158055305480957
airfoil,1,412,4.544777117277446,4.345370769500732
airfoil,1,413,4.4846220455671615,4.109203338623047
airfoil,1,414,4.509192965532604,4.135843753814697
airfoil,1,415,4.488466846315484,4.779540061950684
airfoil,1,416,4.446936582264147,4.326989650726318
airfoil,1,417,4.254776352330258,4.417752742767334
airfoil,1,418,4.422683163693077,4.091386795043945
airfoil,1,419,4.347212170299731,4.437939643859863
airfoil,1,420,4.376487280193128,4.3562331199646
airfoil,1,421,4.368909961298892,4.359100341796875
airfoil,1,422,4.308550596237183,4.455358982086182
airfoil,1,423,4.365528972525346,4.175252437591553
airfoil,1,424,4.328776240348816,4.141094207763672
airfoil,1,425,4.235474937840512,4.219872951507568
airfoil,1,426,4.370212470230303,4.40227746963501
airfoil,1,427,4.274100956163909,4.36062479019165
airfoil,1,428,4.349465213323894,4.152527809143066
airfoil,1,429,4.27129592393574,4.2485198974609375
airfoil,1,430,4.276471282306471,4.412878036499023
airfoil,1,431,4.303620689793637,4.194857597351074
airfoil,1,432,4.301246815606167,4.235103130340576
airfoil,1,433,4.456832829274629,5.121429920196533
airfoil,1,434,4.487487378873323,4.405940532684326
airfoil,1,435,4.1899765729904175,4.135593414306641
airfoil,1,436,4.282789518958644,4.546018600463867
airfoil,1,437,4.361894858510871,4.2224273681640625
airfoil,1,438,4.275328987523129,4.016169548034668
airfoil,1,439,4.277113080024719,4.204033851623535
airfoil,1,440,4.345930937089418,4.21476411819458
airfoil,1,441,4.170246230928521,4.096946716308594
airfoil,1,442,4.337035295210387,4.186130523681641
airfoil,1,443,4.312541729525516,4.183304786682129
airfoil,1,444,4.188145493206225,4.339818000793457
airfoil,1,445,4.3095964161973255,4.32211446762085
airfoil,1,446,4.14001747181541,4.2143659591674805
airfoil,1,447,4.228833198547363,4.035077095031738
airfoil,1,448,4.138217995041295,4.065745830535889
airfoil,1,449,4.240797538506357,4.458672046661377
airfoil,1,450,4.16416589209908,4.020711898803711
airfoil,1,451,4.027813566358466,4.184759616851807
airfoil,1,452,4.227674440333717,3.9614005088806152
airfoil,1,453,4.226938947250969,4.20823860168457
airfoil,1,454,4.164130342634101,4.934030055999756
airfoil,1,455,4.139439874573758,4.104648113250732
airfoil,1,456,3.9982830160542537,3.9085590839385986
airfoil,1,457,4.0884418738515755,4.036009311676025
airfoil,1,458,4.0671671252501636,4.103835582733154
airfoil,1,459,3.9782833770701758,4.220923900604248
airfoil,1,460,4.349876824178193,4.058065891265869
airfoil,1,461,4.110978107703359,4.011093616485596
airfoil,1,462,4.1342137424569385,4.268832206726074
airfoil,1,463,3.955313190033561,4.43524169921875
airfoil,1,464,4.054984776597274,4.573401927947998
airfoil,1,465,4.068005404974285,4.270686149597168
airfoil,1,466,4.080504618192974,4.261366367340088
airfoil,1,467,3.8632857172112716,4.098852157592773
airfoil,1,468,3.9257346893611706,4.3359270095825195
airfoil,1,469,4.063278960554223,4.0501790046691895
airfoil,1,470,3.982357464338604,4.350118637084961
airfoil,1,471,4.317188090399692,4.299276351928711
airfoil,1,472,3.98421709788473,4.156397819519043
airfoil,1,473,3.9496867876303825,3.8361763954162598
airfoil,1,474,3.9628547492780184,4.154468059539795
airfoil,1,475,3.95270731260902,3.801779270172119
airfoil,1,476,3.973506444378903,4.36829137802124
airfoil,1,477,3.9327819629719385,3.9035604000091553
airfoil,1,478,3.985408582185444,3.866077423095703
airfoil,1,479,3.870000083195536,4.0876994132995605
airfoil,1,480,3.984872491736161,3.8684098720550537
airfoil,1,481,3.899564034060428,4.129970073699951
airfoil,1,482,3.8705015684428967,3.9254379272460938
airfoil,1,483,3.922078468297657,4.069328784942627
airfoil,1,484,3.8738831971821033,3.856349229812622
airfoil,1,485,3.759431170789819,3.9652087688446045
airfoil,1,486,3.8413833505228947,4.084587097167969
airfoil,1,487,3.777031719684601,3.97212290763855
airfoil,1,488,4.12973583999433,3.959226369857788
airfoil,1,489,3.922325222115768,3.954906702041626
airfoil,1,490,3.971723117326435,4.529797554016113
airfoil,1,491,3.9923069006518315,3.917133092880249
airfoil,1,492,3.9292667163045785,3.874344825744629
airfoil,1,493,3.799014891448774,4.469816207885742
airfoil,1,494,3.8470979772116007,3.7584400177001953
airfoil,1,495,3.743453141890074,3.7326889038085938
airfoil,1,496,3.813388234690616,3.8840689659118652
airfoil,1,497,3.856245806342677,3.9014453887939453
airfoil,1,498,3.9727846572273657,3.771425485610962
airfoil,1,499,3.659136985477648,4.50048828125
airfoil,1,500,3.878734372164074,4.039384841918945
airfoil,1,501,3.710907484355726,3.7614636421203613
airfoil,1,502,3.815304652640694,3.9381892681121826
airfoil,1,503,3.844099324000509,3.831484794616699
airfoil,1,504,3.665357282287196,4.050743579864502
airfoil,1,505,3.7395062226998177,4.384191989898682
airfoil,1,506,3.8259266489430477,3.7222769260406494
airfoil,1,507,3.912404948159268,3.84792160987854
airfoil,1,508,3.733382623446615,4.148075580596924
airfoil,1,509,3.9106346368789673,3.947361946105957
airfoil,1,510,3.774734955084951,4.031635284423828
airfoil,1,511,3.856909889923899,3.934450387954712
airfoil,1,512,4.029466101997777,3.807431936264038
airfoil,1,513,3.734733776042336,4.146474838256836
airfoil,1,514,4.097043438961632,4.009805679321289
airfoil,1,515,3.760851176161515,4.075591087341309
airfoil,1,516,3.894432340797625,4.160887241363525
airfoil,1,517,3.6884853839874268,3.8644299507141113
airfoil,1,518,3.716098625408976,3.787120819091797
airfoil,1,519,3.722411958794845,3.841472864151001
airfoil,1,520,3.6751690224597326,4.183461666107178
airfoil,1,521,3.768504798412323,3.854402780532837
airfoil,1,522,3.742276420718745,3.701622247695923
airfoil,1,523,3.7535824022795024,3.849397897720337
airfoil,1,524,3.576268023566196,3.7875211238861084
airfoil,1,525,3.7084784727347526,4.076566219329834
airfoil,1,526,3.7497909853332922,3.7033984661102295
airfoil,1,527,3.580158299521396,3.790456533432007
airfoil,1,528,3.677262472478967,3.6516776084899902
airfoil,1,529,3.6883112380379126,3.9323904514312744
airfoil,1,530,3.5749565080592505,3.710071325302124
airfoil,1,531,3.5729447462056814,3.968937635421753
airfoil,1,532,3.6798527366236637,4.226914405822754
airfoil,1,533,3.748286560962075,4.144245147705078
airfoil,1,534,3.7284992933273315,3.964550018310547
airfoil,1,535,3.5851032765288102,3.848923444747925
airfoil,1,536,3.535523483627721,4.176435470581055
airfoil,1,537,3.666756843265734,3.789961338043213
airfoil,1,538,3.5950105002051904,4.006960391998291
airfoil,1,539,3.8349869564959875,3.787266492843628
airfoil,1,540,3.608844750805905,3.7847249507904053
airfoil,1,541,3.5458523474241557,3.662968635559082
airfoil,1,542,3.5147751726602254,3.947965383529663
airfoil,1,543,3.5705436342640926,4.193766117095947
airfoil,1,544,3.7166663282795955,3.794445037841797
airfoil,1,545,3.6649047355902824,3.6054821014404297
airfoil,1,546,3.5509788739053825,4.399837017059326
airfoil,1,547,3.483380465131057,3.8260600566864014
airfoil,1,548,3.553944568885,3.71429443359375
airfoil,1,549,3.589710872424276,4.0511250495910645
airfoil,1,550,3.5445752551681116,3.873772382736206
airfoil,1,551,3.603976193227266,3.732405662536621
airfoil,1,552,3.5463450833370813,3.7453036308288574
airfoil,1,553,3.5631497565068697,4.084850788116455
airfoil,1,554,3.6763667181918493,3.878392219543457
airfoil,1,555,3.533452884147042,3.685030221939087
airfoil,1,556,3.5066472825251127,4.389172554016113
airfoil,1,557,3.6217489430778906,3.692668914794922
airfoil,1,558,3.522614372403998,3.626582145690918
airfoil,1,559,4.149187662099537,3.6280717849731445
airfoil,1,560,3.517184382990787,3.5973758697509766
airfoil,1,561,3.4544597613184074,3.6517138481140137
airfoil,1,562,3.5157170358457064,3.6386189460754395
airfoil,1,563,3.3870701978081152,3.722369909286499
airfoil,1,564,3.606471729905982,3.727383613586426
airfoil,1,565,3.551738811166663,3.6201977729797363
airfoil,1,566,3.6839868865515055,3.630620002746582
airfoil,1,567,3.4717283123417904,3.6261579990386963
airfoil,1,568,3.4993007465412744,3.9347615242004395
airfoil,1,569,3.6021677475226554,3.9192581176757812
airfoil,1,570,3.4671070105151127,3.476949453353882
airfoil,1,571,3.4728190365590548,4.005408763885498
airfoil,1,572,3.606299971279345,3.813979387283325
airfoil,1,573,3.5897319316864014,3.6521100997924805
airfoil,1,574,3.500659713619634,3.4927189350128174
airfoil,1,575,3.690742982061286,3.873239040374756
airfoil,1,576,3.599017626360843,3.783299207687378
airfoil,1,577,3.4987405852267615,3.535611152648926
airfoil,1,578,3.357210008721603,3.5969913005828857
airfoil,1,579,3.5250024136744047,3.656590223312378
airfoil,1,580,3.716036871859902,4.268282413482666
airfoil,1,581,3.402212164903942,3.4732935428619385
airfoil,1,582,3.4398866735006632,3.823070526123047
airfoil,1,583,3.505351273637069,3.5884060859680176
airfoil,1,584,3.400086471908971,3.520822763442993
airfoil,1,585,3.4232721516960547,3.6024467945098877
airfoil,1,586,3.366024694944683,3.367241859436035
airfoil,1,587,3.337224442707865,3.758435010910034
airfoil,1,588,3.5768562022008394,4.505914688110352
airfoil,1,589,3.6517539118465625,3.5539119243621826
airfoil,1,590,3.350745643440046,3.5116348266601562
airfoil,1,591,3.3548516787980733,3.8465957641601562
airfoil,1,592,3.4513691318662545,3.628380060195923
airfoil,1,593,3.5313904442285238,4.130125045776367
airfoil,1,594,3.687707245349884,4.300135612487793
airfoil,1,595,3.704886750171059,4.369350910186768
airfoil,1,596,3.4509272889087073,3.531702995300293
airfoil,1,597,3.3782070247750533,3.654294490814209
airfoil,1,598,3.4284294718190242,3.546285390853882
airfoil,1,599,3.4877641577469674,3.5285143852233887
airfoil,1,600,3.4470445796063074,3.616771697998047
airfoil,1,601,3.3044114520675256,3.4055309295654297
airfoil,1,602,3.314566555776094,3.766019582748413
airfoil,1,603,3.6283685972816064,3.5356605052948
airfoil,1,604,3.3702177719066015,3.4952218532562256
airfoil,1,605,3.4766568384672465,3.46116042137146
airfoil,1,606,3.4333051098020455,3.850560188293457
airfoil,1,607,3.4265191209943673,3.7736759185791016
airfoil,1,608,3.264130573523672,3.717831611633301
airfoil,1,609,3.381354394711946,3.4385595321655273
airfoil,1,610,3.383648941391393,3.503577947616577
airfoil,1,611,3.290496882639433,3.511876106262207
airfoil,1,612,3.2972876743266455,3.9764037132263184
airfoil,1,613,3.4146501516041003,3.388097047805786
airfoil,1,614,3.504970290158924,3.5242228507995605
airfoil,1,615,3.4917298273036352,3.346224546432495
airfoil,1,616,3.3248866420043144,3.549619197845459
airfoil,1,617,3.439403088469254,3.62109375
airfoil,1,618,3.3528190129681636,4.149922847747803
airfoil,1,619,3.451797522996601,3.5291519165039062
airfoil,1,620,3.286466055794766,3.3203890323638916
airfoil,1,621,3.472252096000471,3.929608106613159
airfoil,1,622,3.3433525091723393,3.8072762489318848
airfoil,1,623,3.3699398040771484,3.5684802532196045
airfoil,1,624,3.379647960788325,3.478879690170288
airfoil,1,625,3.2848129366573535,3.458350896835327
airfoil,1,626,3.285727930696387,3.618459463119507
airfoil,1,627,3.529943033268577,3.6434333324432373
airfoil,1,628,3.5436907881184627,3.513432264328003
airfoil,1,629,3.3502662840642428,3.4560258388519287
airfoil,1,630,3.4118183506162545,4.076521396636963
airfoil,1,631,3.4675728051285994,3.6826705932617188
airfoil,1,632,3.4021813963588916,3.8407349586486816
airfoil,1,633,3.3520607352256775,3.3900349140167236
airfoil,1,634,3.4008564384360063,3.656367540359497
airfoil,1,635,3.3716795381746794,3.477344512939453
airfoil,1,636,3.43155447746578,3.5675387382507324
airfoil,1,637,3.4057347209830033,3.7984797954559326
airfoil,1,638,3.4653525352478027,4.001159191131592
airfoil,1,639,3.411164553541886,3.5993785858154297
airfoil,1,640,3.422179491896378,3.7758524417877197
airfoil,1,641,3.5801010288690267,3.9263617992401123
airfoil,1,642,3.350188324325963,3.582643985748291
airfoil,1,643,3.2666100671416833,3.3586995601654053
airfoil,1,644,3.3221596448045028,3.581974744796753
airfoil,1,645,3.392152306280638,3.3885228633880615
airfoil,1,646,3.296233217967184,3.9594836235046387
airfoil,1,647,3.20699669812855,3.330019235610962
airfoil,1,648,3.289355921117883,3.4226534366607666
airfoil,1,649,3.4523560906711377,4.195758819580078
airfoil,1,650,3.4122193706663033,3.5040011405944824
airfoil,1,651,3.42170293393888,3.8105525970458984
airfoil,1,652,3.331135884711617,3.627695322036743
airfoil,1,653,3.3081412315368652,3.4768424034118652
airfoil,1,654,3.379568005862989,3.269418478012085
airfoil,1,655,3.3474569948096025,3.779022693634033
airfoil,1,656,3.710589167318846,3.36185359954834
airfoil,1,657,3.332134096246017,3.339411735534668
airfoil,1,658,3.2035151061258818,3.366375207901001
airfoil,1,659,3.2402234453904,3.287546396255493
airfoil,1,660,3.299676339877279,3.562908172607422
airfoil,1,661,3.3376256823539734,3.4558207988739014
airfoil,1,662,3.270889815531279,3.325420618057251
airfoil,1,663,3.268384989939238,3.3389370441436768
airfoil,1,664,3.377647817134857,3.7561841011047363
airfoil,1,665,3.297741074311106,4.129623889923096
airfoil,1,666,3.220820188522339,3.6148340702056885
airfoil,1,667,3.2780827189746655,3.312695264816284
airfoil,1,668,3.3228973369849357,3.2995336055755615
airfoil,1,669,3.129034879960512,3.4018895626068115
airfoil,1,670,3.141046323274311,3.425340175628662
airfoil,1,671,3.2281247502879094,3.435889482498169
airfoil,1,672,3.221135045352735,3.5476977825164795
airfoil,1,673,3.3708643160368266,3.337376832962036
airfoil,1,674,3.1879402085354456,3.4048397541046143
airfoil,1,675,3.3065502423989144,3.570925712585449
airfoil,1,676,3.21281845004935,3.3382394313812256
airfoil,1,677,3.310582308392776,3.354343891143799
airfoil,1,678,3.2582043628943596,3.42942214012146
airfoil,1,679,3.1624442558539543,3.3696823120117188
airfoil,1,680,3.194703908343064,3.841907262802124
airfoil,1,681,3.3277376984295093,3.459388017654419
airfoil,1,682,3.5198762510952197,3.3570570945739746
airfoil,1,683,3.4222138586797213,3.4237663745880127
airfoil,1,684,3.281724889027445,3.4102983474731445
airfoil,1,685,3.273167691732708,4.409483432769775
airfoil,1,686,3.2880874778095044,3.8254764080047607
airfoil,1,687,3.376753474536695,3.2629525661468506
airfoil,1,688,3.2536188050320276,3.647057294845581
airfoil,1,689,3.351124179990668,3.6058342456817627
airfoil,1,690,3.3402616852208187,3.421118974685669
airfoil,1,691,3.2364828837545296,3.3507437705993652
airfoil,1,692,3.198528841922158,3.460468053817749
airfoil,1,693,3.263022178097775,3.587423801422119
airfoil,1,694,3.3102901076015674,3.227984666824341
airfoil,1,695,3.223844051361084,3.3779399394989014
airfoil,1,696,3.1466245651245117,3.3950536251068115
airfoil,1,697,3.2258186873636747,3.330655336380005
airfoil,1,698,3.1612932682037354,3.440455675125122
airfoil,1,699,3.18689795544273,3.9401957988739014
airfoil,1,700,3.4499115347862244,3.5457186698913574
airfoil,1,701,3.2493234214029814,3.665099620819092
airfoil,1,702,3.237474152916356,3.469047784805298
airfoil,1,703,3.351299154131036,4.1385040283203125
airfoil,1,704,3.4636685503156563,3.278515577316284
airfoil,1,705,3.3840597460144446,3.2404279708862305
airfoil,1,706,3.156378281743903,3.4486148357391357
airfoil,1,707,3.240419798775723,3.3937177658081055
airfoil,1,708,3.174910407317312,3.161195755004883
airfoil,1,709,3.104104211455897,3.2288217544555664
airfoil,1,710,3.1661255453762256,3.212156057357788
airfoil,1,711,3.26731528733906,3.2589211463928223
airfoil,1,712,3.091291694264663,3.326517343521118
airfoil,1,713,3.2185741537495662,3.378967523574829
airfoil,1,714,3.179384272349508,3.3858461380004883
airfoil,1,715,3.183788036045275,3.566398859024048
airfoil,1,716,3.1311267677106356,3.3052573204040527
airfoil,1,717,3.242278588445563,3.2830517292022705
airfoil,1,718,3.210848281258031,3.4853694438934326
airfoil,1,719,3.1092116268057572,3.3894221782684326
airfoil,1,720,3.201377799636439,3.220163583755493
airfoil,1,721,3.103924406202216,3.196355104446411
airfoil,1,722,3.2246529899145426,3.224735975265503
airfoil,1,723,3.245408108359889,3.3991026878356934
airfoil,1,724,3.255979531689694,3.4247066974639893
airfoil,1,725,3.164151248178984,3.369933843612671
airfoil,1,726,3.1309568066346016,3.3384687900543213
airfoil,1,727,3.1129397185225236,3.6642134189605713
airfoil,1,728,3.26314661063646,4.071113109588623
airfoil,1,729,3.3637434087301554,3.4538354873657227
airfoil,1,730,3.1643413054315666,3.523024797439575
airfoil,1,731,3.115694058568854,3.397853374481201
airfoil,1,732,3.2023892841841044,3.4454102516174316
airfoil,1,733,3.1399659671281515,3.183471441268921
airfoil,1,734,3.151460669542614,3.544149875640869
airfoil,1,735,3.1549830248481348,3.2280349731445312
airfoil,1,736,3.0867100608976266,3.435434103012085
airfoil,1,737,3.102537255538137,3.2078301906585693
airfoil,1,738,3.1671581770244397,3.296980857849121
airfoil,1,739,3.230607133162649,3.3682825565338135
airfoil,1,740,3.1575675857694527,3.3941307067871094
airfoil,1,741,3.0918759578152706,3.19901442527771
airfoil,1,742,3.242596375314813,3.510941982269287
airfoil,1,743,3.0481982607590523,3.4130852222442627
airfoil,1,744,3.147886828372353,3.1815567016601562
airfoil,1,745,3.021532036756214,3.257575273513794
airfoil,1,746,3.0470915028923438,3.2012109756469727
airfoil,1,747,3.0194584790029024,3.24800705909729
airfoil,1,748,2.995834858793961,3.436002492904663
airfoil,1,749,3.2244206855171607,3.7590630054473877
airfoil,1,750,3.2386194530286287,3.7370853424072266
airfoil,1,751,3.1854908591822575,3.240858316421509
airfoil,1,752,3.083240719218003,3.18092679977417
airfoil,1,753,3.2129695415496826,3.069911241531372
airfoil,1,754,3.18454877326363,3.269606113433838
airfoil,1,755,3.2681043367636833,3.462085008621216
airfoil,1,756,3.158384332531377,3.277853488922119
airfoil,1,757,3.3311933843713057,3.7626912593841553
airfoil,1,758,3.1841692955870378,3.638268232345581
airfoil,1,759,3.1280132500748885,3.389047384262085
airfoil,1,760,3.1071766520801343,3.3915436267852783
airfoil,1,761,3.0548286124279627,3.3571081161499023
airfoil,1,762,3.1050301790237427,3.4214978218078613
airfoil,1,763,3.218961182393526,3.742089033126831
airfoil,1,764,3.2407959229067753,3.5084142684936523
airfoil,1,765,3.226241020779861,4.338766098022461
airfoil,1,766,3.191361722193266,3.6866190433502197
airfoil,1,767,3.293418049812317,3.4496703147888184
airfoil,1,768,3.1139068760369955,3.279041051864624
airfoil,1,769,3.197425895615628,3.371549606323242
airfoil,1,770,3.2105970414061296,3.3555262088775635
airfoil,1,771,3.0360796451568604,3.3028974533081055
airfoil,1,772,3.2512204835289404,3.680199384689331
airfoil,1,773,3.203663763247038,3.4276819229125977
airfoil,1,774,3.194838367010418,3.540646553039551
airfoil,1,775,3.3196153264296684,3.3565926551818848
airfoil,1,776,3.173675101054342,3.3131344318389893
airfoil,1,777,3.099549877016168,3.2093708515167236
airfoil,1,778,3.1709636198846916,3.1059045791625977
airfoil,1,779,3.10346247647938,3.4070565700531006
airfoil,1,780,3.116107131305494,3.33703351020813
airfoil,1,781,3.1645720695194446,3.3104822635650635
airfoil,1,782,3.1360642470811544,3.7081942558288574
airfoil,1,783,3.2147636884137203,3.643691062927246
airfoil,1,784,3.1579450149285164,3.7175092697143555
airfoil,1,785,3.2807968854904175,3.4577786922454834
airfoil,1,786,3.047785090772729,3.623141288757324
airfoil,1,787,3.031597579780378,3.254208564758301
airfoil,1,788,3.076271471224333,3.4077351093292236
airfoil,1,789,3.0134209770905342,3.3714094161987305
airfoil,1,790,3.2190605496105396,3.4178197383880615
airfoil,1,791,3.0599213556239477,3.2490646839141846
airfoil,1,792,3.065268519677614,3.3893120288848877
airfoil,1,793,3.1297989017085026,3.2382283210754395
airfoil,1,794,3.0200306867298328,3.272361993789673
airfoil,1,795,3.0621694922447205,3.1961092948913574
airfoil,1,796,3.1573000079707096,3.262402057647705
airfoil,1,797,3.0998932280038534,3.3202080726623535
airfoil,1,798,2.959810956528312,3.1355059146881104
airfoil,1,799,3.05899494258981,3.8135628700256348
airfoil,1,800,3.0411792303386487,3.1257643699645996
airfoil,1,801,2.9500126462233696,3.194063663482666
airfoil,1,802,2.9993904860396134,3.2551214694976807
airfoil,1,803,3.1309161154847396,3.477389335632324
airfoil,1,804,3.180997045416581,3.355592966079712
airfoil,1,805,3.2442310797540763,3.708392381668091
airfoil,1,806,3.1236231828990735,3.358550548553467
airfoil,1,807,3.0138093484075448,3.174043893814087
airfoil,1,808,3.104934375537069,3.28562331199646
airfoil,1,809,3.116178622371272,3.4310948848724365
airfoil,1,810,3.335088949454458,3.2294085025787354
airfoil,1,811,3.1875499926115336,3.037558078765869
airfoil,1,812,3.2017957819135567,3.351310968399048
airfoil,1,813,3.157783502026608,3.3802452087402344
airfoil,1,814,3.103827360429262,3.1308467388153076
airfoil,1,815,3.084470221870824,3.2908735275268555
airfoil,1,816,3.1804612027971366,3.5535452365875244
airfoil,1,817,2.9842347408595837,3.6198058128356934
airfoil,1,818,3.024521435561933,3.0965518951416016
airfoil,1,819,3.0132336114582263,3.2321085929870605
airfoil,1,820,3.2872823696387443,3.272447109222412
airfoil,1,821,3.0553270264675745,3.130983829498291
airfoil,1,822,3.106432450445075,3.382763147354126
airfoil,1,823,3.048904199349253,3.201637029647827
airfoil,1,824,2.972288125439694,3.3603038787841797
airfoil,1,825,3.106804198340366,3.227181911468506
airfoil,1,826,3.002768874168396,3.096306800842285
airfoil,1,827,2.9409849486852946,3.050122022628784
airfoil,1,828,2.9316245160604777,3.317859411239624
airfoil,1,829,3.00739838575062,3.186795234680176
airfoil,1,830,2.905883600837306,3.180992841720581
airfoil,1,831,3.044823285780455,3.1916093826293945
airfoil,1,832,3.024402434888639,3.2302539348602295
airfoil,1,833,2.99062085935944,3.206190347671509
airfoil,1,834,3.1490696699995744,3.3121557235717773
airfoil,1,835,3.1596137693053796,3.751781463623047
airfoil,1,836,3.199766168468877,3.6063501834869385
airfoil,1,837,3.00835330862748,3.1674768924713135
airfoil,1,838,2.9187007483683134,3.226581335067749
airfoil,1,839,3.027551961572547,3.277679920196533
airfoil,1,840,2.9559005373402645,3.345195770263672
airfoil,1,841,3.115531275146886,3.139373779296875
airfoil,1,842,2.9438459496749076,3.2727086544036865
airfoil,1,843,3.0220073806612113,3.711416482925415
airfoil,1,844,3.1967381050712182,3.2595152854919434
airfoil,1,845,3.0715999509158887,3.162036418914795
airfoil,1,846,2.9715205681951424,3.094264507293701
airfoil,1,847,2.9808799906780847,3.35770583152771
airfoil,1,848,3.0211064125362195,3.173938035964966
airfoil,1,849,3.0405576103611995,3.145726203918457
airfoil,1,850,3.039110597811247,3.291726589202881
airfoil,1,851,3.06972083606218,3.130955457687378
airfoil,1,852,3.027784560856066,3.408512830734253
airfoil,1,853,2.9966975136807092,3.119154691696167
airfoil,1,854,3.0239125396076,3.209200620651245
airfoil,1,855,2.9128992118333517,3.4191927909851074
airfoil,1,856,3.023757075008593,3.350290060043335
airfoil,1,857,3.080606849570023,3.2385458946228027
airfoil,1,858,3.0766513912301314,2.968212842941284
airfoil,1,859,3.11416169530467,3.040693759918213
airfoil,1,860,3.138896305310099,3.243093490600586
airfoil,1,861,3.0432287297750773,3.3954498767852783
airfoil,1,862,3.059347275056337,3.7163870334625244
airfoil,1,863,3.18986388570384,3.077336311340332
airfoil,1,864,2.9660590353764986,3.3922178745269775
airfoil,1,865,2.954500813233225,3.067412853240967
airfoil,1,866,2.899099029992756,3.2532460689544678
airfoil,1,867,2.988396450092918,3.075174331665039
airfoil,1,868,3.0947950011805485,3.514761209487915
airfoil,1,869,3.086668776838403,3.239841938018799
airfoil,1,870,3.0069464790193656,3.093729019165039
airfoil,1,871,3.0131811342741313,3.1492419242858887
airfoil,1,872,2.980395693528025,3.5242412090301514
airfoil,1,873,2.9907824271603634,3.265359401702881
airfoil,1,874,2.872055790926281,3.2000679969787598
airfoil,1,875,2.847011559887936,3.330583095550537
airfoil,1,876,2.935240372231132,2.9510843753814697
airfoil,1,877,3.0754878740561638,3.848832130432129
airfoil,1,878,3.101486174683822,3.3673794269561768
airfoil,1,879,2.983370065689087,3.2113749980926514
airfoil,1,880,3.0349989972616496,3.212064027786255
airfoil,1,881,2.9834039023048,3.4388768672943115
airfoil,1,882,2.9019604419407092,3.2926642894744873
airfoil,1,883,2.906960979888314,3.2339444160461426
airfoil,1,884,2.995978421286533,3.655385732650757
airfoil,1,885,3.2741582111308447,3.7249605655670166
airfoil,1,886,3.164342613596665,3.190533399581909
airfoil,1,887,2.921564221382141,2.9624764919281006
airfoil,1,888,2.972147546316448,3.3142571449279785
airfoil,1,889,3.0054557856760526,3.152674913406372
airfoil,1,890,2.959051599628047,3.399432897567749
airfoil,1,891,2.9103815586943376,3.1410510540008545
airfoil,1,892,2.964677233445017,3.135040283203125
airfoil,1,893,3.1367139282979464,3.049076557159424
airfoil,1,894,2.940444927466543,3.356769323348999
airfoil,1,895,2.967317389814477,3.095017910003662
airfoil,1,896,2.846022135333011,3.367990255355835
airfoil,1,897,2.9627301724333512,2.9918107986450195
airfoil,1,898,2.9566956758499146,3.4756405353546143
airfoil,1,899,3.1288675383517615,3.271716833114624
airfoil,1,900,3.014066467159673,3.227226495742798
airfoil,1,901,3.0645612133176705,3.23820424079895
airfoil,1,902,2.9220587517085828,3.234827995300293
airfoil,1,903,3.0226657955270064,3.186244249343872
airfoil,1,904,3.1306436595163847,3.510432481765747
airfoil,1,905,2.855135302794607,3.1363229751586914
airfoil,1,906,2.9385271072387695,3.034194231033325
airfoil,1,907,3.1567060288630033,3.3334593772888184
airfoil,1,908,3.068286475382353,3.232969045639038
airfoil,1,909,2.8961307500538074,3.360079526901245
airfoil,1,910,2.9944893247202824,3.069584846496582
airfoil,1,911,2.8294519782066345,3.104227304458618
airfoil,1,912,2.9735026296816374,3.3063957691192627
airfoil,1,913,2.9675769460828683,3.247962474822998
airfoil,1,914,3.060488832624335,3.0538759231567383
airfoil,1,915,2.9516307742972123,3.1552438735961914
airfoil,1,916,2.935212690579264,3.076061487197876
airfoil,1,917,3.0010554790496826,3.336866855621338
airfoil,1,918,2.979821082792784,3.017683267593384
airfoil,1,919,2.8756666967743323,3.3180205821990967
airfoil,1,920,2.9206329709605168,3.037100076675415
airfoil,1,921,2.9396133987527144,2.9995336532592773
airfoil,1,922,2.888681239203403,3.2449021339416504
airfoil,1,923,2.943255469987267,3.162816286087036
airfoil,1,924,3.062230803464588,3.0992510318756104
airfoil,1,925,2.938583941836106,3.176856279373169
airfoil,1,926,2.8963267520854346,3.2352969646453857
airfoil,1,927,3.0777019419168172,3.3855278491973877
airfoil,1,928,2.9301108498322335,3.225374698638916
airfoil,1,929,2.825635458293714,3.043335437774658
airfoil,1,930,2.8083329734049345,3.3412230014801025
airfoil,1,931,2.9589188161649203,3.125782012939453
airfoil,1,932,2.930644468257302,2.992248773574829
airfoil,1,933,2.844052518668928,3.377695322036743
airfoil,1,934,2.872503926879481,3.1410343647003174
airfoil,1,935,2.8687936663627625,3.204826593399048
airfoil,1,936,2.891255350489365,2.9071292877197266
airfoil,1,937,2.880793273448944,3.4045493602752686
airfoil,1,938,3.110083852943621,3.4574193954467773
airfoil,1,939,2.931455505521674,3.143173933029175
airfoil,1,940,2.8690364360809326,3.3692831993103027
airfoil,1,941,3.011752081544776,3.373936653137207
airfoil,1,942,2.9137183741519324,3.147296667098999
airfoil,1,943,2.8910962092249015,3.084737539291382
airfoil,1,944,2.8435256638024984,3.423077344894409
airfoil,1,945,2.903666621760318,3.1781880855560303
airfoil,1,946,2.8653507483632943,3.122359275817871
airfoil,1,947,2.8334234294138456,3.1779987812042236
airfoil,1,948,2.848968232932844,2.869762659072876
airfoil,1,949,2.836026219945205,3.0738718509674072
airfoil,1,950,2.9690141897452507,3.0575218200683594
airfoil,1,951,2.8833259093134025,2.84712553024292
airfoil,1,952,2.8001301884651184,3.0913209915161133
airfoil,1,953,3.046812437082592,2.9659433364868164
airfoil,1,954,2.9518914787392867,3.040482759475708
airfoil,1,955,3.1347115071196305,3.1505956649780273
airfoil,1,956,2.850331814665543,3.1042428016662598
airfoil,1,957,2.952159153787713,3.312244415283203
airfoil,1,958,2.8803379974867167,3.107586622238159
airfoil,1,959,2.8073235969794426,3.3105287551879883
airfoil,1,960,3.0247134942757454,3.094365119934082
airfoil,1,961,2.839549331288589,2.9196979999542236
airfoil,1,962,2.797185552747626,3.1354565620422363
airfoil,1,963,2.916333451082832,3.0627517700195312
airfoil,1,964,2.781085042577041,3.045482873916626
airfoil,1,965,2.846395542747096,3.1883704662323
airfoil,1,966,2.8878757247799323,3.0571649074554443
airfoil,1,967,2.8557377583102177,3.263901472091675
airfoil,1,968,2.80856402296769,3.1203298568725586
airfoil,1,969,2.927733681703869,3.208594560623169
airfoil,1,970,2.904981133184935,3.330089569091797
airfoil,1,971,2.9515865570620488,3.0770950317382812
airfoil,1,972,2.8786411034433463,3.0682578086853027
airfoil,1,973,2.8750355369166325,3.2950496673583984
airfoil,1,974,2.9095290867905867,3.0409176349639893
airfoil,1,975,2.923819008626436,3.084679365158081
airfoil,1,976,2.9485145085736324,2.869863986968994
airfoil,1,977,2.8998074782522103,3.100700616836548
airfoil,1,978,2.8193162585559643,3.0957956314086914
airfoil,1,979,2.9835113161488582,2.993929147720337
airfoil,1,980,2.7397801970180713,2.9491190910339355
airfoil,1,981,2.9465290151144328,3.131787061691284
airfoil,1,982,2.7910565075121427,3.6262712478637695
airfoil,1,983,2.8547456076270654,3.006265640258789
airfoil,1,984,2.7206078140359176,3.0964303016662598
airfoil,1,985,2.748323760534588,3.1862220764160156
airfoil,1,986,2.82194154199801,2.8225295543670654
airfoil,1,987,2.8350612489800704,3.0319664478302
airfoil,1,988,2.7182577628838387,3.0428571701049805
airfoil,1,989,2.8676657880607404,3.206758499145508
airfoil,1,990,2.8882453912182857,3.0121817588806152
airfoil,1,991,3.119080778799559,2.96730637550354
airfoil,1,992,2.871609534087934,3.0753555297851562
airfoil,1,993,2.773080339557246,2.9024150371551514
airfoil,1,994,3.0617142507904456,2.9108293056488037
airfoil,1,995,2.8673846596165706,2.8235208988189697
airfoil,1,996,2.7615422920176855,3.0012526512145996
airfoil,1,997,2.7541993511350533,3.2847068309783936
airfoil,1,998,2.826542090428503,3.0339598655700684
airfoil,1,999,2.908560376418264,2.955518960952759
